53 69
24 42
15 39
54 77
28 58
1 40
8 9
34 37
21 37
28 30
49 62
37 42
24 72
12 52
29 68
6 66
27 34
7 19
53 71
41 51
2 32
56 67
44 47
10 36
17 60
19 57
9 56
0 53
3 15
40 43
60 76
11 30
0 71
41 72
6 50
38 55
4 32
43 78
32 78
7 67
21 66
47 57
33 49
70 77
2 52
30 68
9 67
49 66
3 44
44 79
4 43
4 52
22 60
55 72
63 77
5 62
2 45
20 26
22 23
10 58
19 61
69 74
43 55
23 77
21 34
49 50
15 48
13 51
51 77
49 59
1 76
26 75
15 75
63 70
5 46
30 45
23 70
8 63
14 76
17 75
12 24
11 68
18 64
27 42
16 21
56 57
39 71
19 47
14 60
20 76
51 54
5 11
51 63
14 23
58 78
61 74
12 35
38 54
24 64
13 64
13 18
16 69
30 31
22 48
10 28
57 79
20 60
39 73
64 72
45 59
6 24
32 43
22 75
3 71
41 55
32 52
41 64
6 42
70 79
4 24
25 56
8 70
33 69
8 79
36 40
27 37
54 55
11 29
28 45
31 62
2 35
37 66
0 47
7 25
13 41
38 40
4 72
33 53
61 69
21 33
35 50
33 62
35 59
43 72
17 20
26 65
25 67
10 78
7 61
3 39
71 73
11 31
23 60
22 70
33 46
18 27
6 37
35 52
2 58
19 74
17 22
5 29
6 12
40 78
44 48
14 77
35 45
32 58
4 12
44 57
47 74
33 66
5 31
31 59
45 58
48 75
29 71
53 74
41 54
1 36
16 34
50 66
15 44
56 79
46 53
29 46
17 26
46 62
65 75
0 74
16 61
46 71
40 55
39 65
15 65
38 76
29 73
14 54
21 69
59 62
1 38
50 59
42 64
18 42
36 78
25 57
0 3
31 45
19 25
9 79
14 38
68 73
48 70
12 50
3 47
48 79
