92 232
135 602
161 331
380 555
40 41
498 510
309 760
343 344
510 521
448 509
300 382
324 330
216 388
376 377
83 124
44 541
74 75
106 107
124 570
145 364
409 410
228 398
413 709
16 744
107 108
272 441
395 511
662 775
140 141
218 469
399 401
605 735
443 444
536 635
85 699
19 116
350 481
476 477
188 568
274 342
275 307
201 623
207 208
378 664
239 240
191 200
197 243
442 456
79 144
3 5
118 480
163 259
608 609
455 516
265 535
574 616
287 294
212 529
41 647
207 679
218 688
427 453
113 114
631 634
215 390
260 312
210 720
394 541
184 668
640 682
146 147
225 440
632 678
405 407
464 493
103 105
334 612
148 256
313 589
81 166
87 97
152 226
726 727
223 286
176 211
180 181
226 297
55 558
471 473
356 406
448 489
588 649
660 754
213 214
700 710
222 262
202 204
99 457
250 626
614 643
339 438
177 376
292 363
685 703
274 574
9 11
235 237
232 348
279 280
5 40
725 775
726 740
381 556
42 44
193 505
312 313
10 11
743 765
463 631
345 346
504 748
43 44
315 323
744 765
76 77
529 697
127 388
153 297
366 410
222 396
173 769
20 676
329 379
322 340
6 512
91 98
311 330
123 130
463 464
210 543
323 340
176 178
748 749
203 769
600 734
237 273
337 360
148 573
230 234
79 510
413 764
419 658
296 444
508 772
401 646
280 356
223 639
372 439
544 545
144 166
231 234
52 757
16 17
148 465
275 277
246 479
339 670
63 623
159 331
169 524
56 89
528 722
49 50
283 366
635 705
119 523
587 628
695 719
217 537
71 74
109 366
0 459
617 656
82 83
153 372
252 414
42 541
96 432
83 84
453 669
172 241
194 674
116 117
167 168
89 99
149 150
141 295
126 395
181 331
200 201
122 690
436 737
458 496
160 653
543 720
376 543
182 183
308 408
75 731
82 361
127 741
670 760
588 727
332 392
248 249
327 542
39 633
507 509
560 750
59 90
0 678
80 521
281 282
335 402
24 397
12 14
541 772
314 315
45 456
493 732
45 47
207 603
228 397
452 550
425 682
524 575
172 761
17 744
399 400
286 639
619 668
220 550
400 746
65 676
447 449
78 466
700 778
585 648
465 466
503 758
123 208
18 680
616 635
354 406
418 656
191 199
210 212
498 499
131 742
306 594
728 732
655 748
104 496
130 634
370 615
243 245
436 560
106 505
419 736
221 263
753 761
659 754
70 210
210 333
26 252
539 774
18 19
465 479
73 629
14 314
320 735
258 531
264 574
146 735
219 688
185 546
519 571
262 766
437 767
190 252
103 104
522 582
540 630
667 671
567 733
85 86
345 391
692 764
494 779
303 394
40 429
434 505
459 678
171 769
439 440
8 482
415 491
69 757
251 505
325 454
151 152
102 525
184 186
472 473
670 717
125 774
40 321
52 524
202 203
346 513
478 632
291 397
17 194
487 488
235 236
26 242
132 260
251 626
571 716
201 625
62 201
319 760
446 721
105 428
438 717
35 592
116 666
189 650
215 559
571 572
520 606
25 26
302 712
254 672
302 303
326 368
377 742
269 651
236 703
250 638
672 776
317 319
56 98
395 467
11 621
508 673
12 357
767 784
203 562
168 604
464 603
57 99
3 128
8 472
19 481
452 628
527 542
70 154
229 556
223 396
60 109
592 644
478 622
1 697
142 444
261 773
124 130
213 733
669 747
176 177
211 543
232 337
225 298
737 738
213 589
105 647
686 772
164 696
191 192
125 741
568 673
119 581
125 332
69 580
224 225
278 345
102 348
214 589
19 350
275 276
402 725
56 88
264 266
276 277
54 164
26 245
6 7
211 376
63 249
57 89
469 671
341 751
113 515
21 23
309 310
85 416
588 628
72 217
431 644
21 517
61 324
369 440
342 343
541 552
219 501
295 756
72 73
289 596
120 495
375 376
51 544
428 647
204 759
578 591
108 642
743 744
561 767
96 179
1 170
32 423
441 442
500 528
44 248
352 364
383 617
648 771
4 706
474 475
732 770
268 635
389 553
349 480
507 508
111 279
304 594
577 603
238 240
328 542
608 676
185 722
628 654
508 509
688 705
679 736
24 396
12 13
191 244
176 530
349 601
709 764
123 783
13 14
24 252
45 46
336 518
304 306
46 456
46 47
558 567
337 339
67 515
361 696
233 547
398 614
186 206
79 80
489 509
515 610
655 770
414 415
640 641
278 554
259 312
217 395
484 659
444 586
649 726
133 581
393 657
607 729
447 448
385 387
145 146
209 576
195 412
92 665
167 579
134 253
407 411
393 513
239 418
480 481
354 405
86 96
88 780
154 725
18 715
100 525
488 521
132 557
421 431
138 637
97 370
11 38
211 212
376 545
75 553
244 245
437 560
150 238
3 713
547 548
213 559
488 498
573 685
380 556
485 609
271 649
365 427
685 783
278 279
310 311
220 683
581 582
224 424
267 651
139 694
354 539
186 546
83 570
230 360
56 58
23 784
413 710
272 442
346 391
82 690
531 702
84 162
89 91
41 429
636 638
6 471
415 490
306 583
365 669
140 142
218 470
184 185
443 445
394 552
37 431
346 512
230 337
228 556
199 758
476 478
529 633
72 537
162 696
444 445
461 614
194 499
66 350
151 537
207 209
47 745
572 716
477 478
4 640
117 666
284 285
302 711
477 563
543 545
118 481
640 706
114 776
317 318
143 165
15 16
748 770
413 700
365 394
94 425
40 454
495 589
267 353
48 49
13 357
327 367
80 81
204 562
70 333
485 661
351 352
28 336
624 739
383 384
109 410
260 313
171 241
142 443
416 417
583 594
138 738
114 115
139 288
627 637
131 433
200 569
226 298
156 233
450 451
510 731
421 653
207 464
695 776
213 215
75 510
483 484
535 760
265 670
250 627
165 174
236 463
187 607
20 350
214 215
614 680
5 41
194 731
737 750
21 22
367 430
79 521
356 420
268 536
408 467
71 553
54 55
680 746
255 719
289 595
190 244
575 580
371 521
55 693
545 557
123 419
590 708
76 78
339 717
120 121
49 506
578 590
409 669
270 474
429 647
729 759
352 363
289 752
277 369
223 398
743 779
110 112
355 554
121 387
672 755
413 415
384 617
405 411
187 597
461 571
715 716
273 749
206 430
187 188
111 458
580 757
77 465
49 483
238 419
557 773
349 515
235 493
307 369
666 716
450 683
257 517
377 433
561 779
242 245
131 557
253 254
257 782
304 714
418 736
420 516
362 691
154 662
13 314
99 317
130 570
559 567
186 205
435 531
205 600
137 694
320 321
291 752
405 774
289 562
403 584
60 101
21 784
385 386
371 488
552 563
116 118
308 468
166 613
22 74
386 387
413 490
269 705
9 28
16 561
122 691
436 738
470 651
188 673
90 101
616 705
215 361
19 715
96 181
22 195
458 497
178 708
352 366
82 362
332 393
315 340
99 536
252 778
501 616
284 618
485 608
59 91
32 137
212 333
34 592
675 768
281 283
31 437
287 363
492 503
149 658
48 755
116 481
42 303
55 385
314 316
326 327
732 749
24 25
631 703
56 57
225 689
419 783
234 329
107 288
163 714
378 602
84 570
492 624
411 699
390 576
57 58
167 604
172 533
636 637
233 549
83 690
465 526
451 628
90 91
455 598
287 605
141 142
156 530
484 661
123 124
634 685
240 300
258 434
129 698
443 745
271 373
156 157
134 255
66 349
178 590
37 322
152 537
104 497
98 337
110 540
160 657
222 223
543 544
7 155
761 766
552 772
659 755
183 417
150 240
482 713
3 41
576 577
301 409
347 525
43 751
412 505
558 559
18 20
585 662
40 453
327 546
326 438
49 538
159 181
411 774
95 425
63 64
106 434
609 646
184 619
519 572
307 689
483 506
681 756
224 511
85 87
550 681
406 407
115 460
169 580
709 710
560 767
328 344
111 346
151 153
570 631
157 233
163 164
473 698
170 697
53 261
196 197
146 605
31 767
548 648
59 457
694 702
132 261
166 174
158 170
673 764
237 728
198 242
406 420
218 220
195 731
58 88
262 263
542 546
58 353
490 764
578 648
295 296
80 371
763 779
68 662
170 530
7 652
503 739
236 246
550 671
368 780
11 622
184 730
12 358
59 61
266 274
347 348
477 686
3 129
77 78
88 353
485 663
380 381
301 762
110 111
116 716
125 127
413 414
62 336
143 144
702 782
667 675
105 563
507 686
559 733
238 418
231 293
487 744
500 683
112 458
232 374
566 628
176 708
119 582
448 492
360 379
679 770
645 777
224 226
278 346
512 513
570 634
589 733
608 746
298 440
586 727
362 690
487 721
228 381
134 719
6 8
578 579
256 299
495 581
309 311
160 182
85 417
627 737
299 526
579 580
611 612
576 691
455 630
342 344
299 382
384 606
290 562
281 364
308 467
375 377
250 642
632 707
357 359
117 118
9 27
16 560
402 775
96 180
101 109
5 321
599 651
44 249
531 782
115 538
75 502
711 712
126 467
175 180
218 550
450 564
343 438
303 365
25 766
216 217
320 454
284 617
424 511
155 652
46 745
316 340
122 209
220 452
218 671
378 660
85 407
42 711
436 750
349 602
242 247
282 283
32 437
212 633
285 617
441 456
60 90
189 729
150 658
732 748
1 678
221 718
370 432
33 518
66 515
273 728
315 316
6 155
226 424
611 723
143 389
265 760
99 319
404 775
264 535
79 81
173 533
349 350
466 606
432 613
652 653
444 587
322 598
649 727
133 582
382 383
214 390
221 286
240 299
291 381
138 288
145 147
209 577
113 460
167 580
565 620
86 97
407 677
448 449
459 724
196 759
552 686
471 698
441 675
601 664
332 539
584 611
241 766
161 657
183 416
175 183
614 639
158 359
547 549
80 439
67 506
199 625
19 20
159 180
278 280
608 680
322 323
548 549
126 411
286 400
719 776
50 538
645 747
52 53
630 704
108 250
355 356
408 511
53 54
308 689
355 392
388 389
86 87
318 330
462 603
421 422
152 297
119 120
351 363
68 154
134 136
620 667
621 632
544 757
63 341
152 153
73 763
595 759
67 460
192 491
10 334
185 186
61 645
255 776
94 593
509 692
126 774
50 672
4 147
58 267
218 219
549 584
572 753
219 220
470 705
309 379
522 523
533 761
288 701
265 717
51 757
555 556
15 17
587 588
59 60
62 623
237 246
48 50
30 32
295 681
621 622
240 256
236 631
125 126
462 714
249 341
293 347
627 638
81 613
193 674
70 720
487 514
159 160
450 452
246 573
148 150
493 679
285 384
483 485
522 742
301 365
460 538
500 574
298 439
418 770
225 226
74 731
609 746
261 557
202 242
547 771
534 572
229 461
113 695
779 784
259 260
517 784
384 520
187 729
297 372
548 771
100 352
379 670
86 417
92 348
639 746
585 775
450 730
292 293
324 325
199 739
326 780
569 650
22 23
276 699
357 358
476 724
660 661
47 726
358 359
270 475
638 642
306 577
136 660
277 370
391 392
671 675
276 411
420 455
600 651
684 730
335 725
675 681
313 594
193 412
90 665
187 189
77 466
49 484
530 708
281 641
391 513
451 564
148 526
380 769
312 714
321 454
122 208
127 174
504 655
578 604
450 684
490 491
267 599
173 555
588 654
221 223
253 255
103 496
423 437
10 39
523 524
38 632
7 644
203 290
411 468
441 756
28 29
132 495
426 713
447 507
52 386
466 520
486 498
77 479
612 723
726 745
407 699
104 698
156 708
257 531
590 591
62 63
448 507
151 629
94 95
385 567
292 525
20 66
129 647
51 53
397 398
475 726
153 446
354 356
565 619
53 773
270 442
675 756
128 129
79 502
160 161
187 709
19 716
215 362
192 415
420 422
465 573
35 431
95 482
175 182
602 664
194 195
353 368
158 358
431 516
27 612
44 781
433 742
227 228
486 488
330 735
60 645
81 439
34 593
348 374
694 782
279 540
37 598
260 261
286 399
68 585
248 781
55 386
548 584
293 294
277 615
326 328
110 358
24 26
596 597
227 614
502 553
355 391
325 777
248 673
577 583
589 594
327 328
404 548
639 680
446 514
281 706
90 92
21 258
134 135
239 300
84 463
171 202
684 687
663 664
140 443
373 565
258 435
477 622
156 158
178 591
324 645
234 379
98 338
190 192
575 757
381 397
149 685
112 358
28 624
571 643
128 482
246 703
534 761
267 268
235 464
14 316
266 717
251 674
499 510
137 423
30 31
95 426
289 291
106 435
440 689
501 705
97 615
333 334
143 502
52 55
31 32
296 681
422 677
461 519
547 708
299 606
721 744
9 624
144 174
304 312
447 477
109 747
149 783
418 419
172 766
568 623
488 514
221 399
400 401
148 149
100 109
29 723
229 519
451 452
107 642
361 558
119 387
128 472
196 198
484 485
202 241
501 574
174 179
646 663
57 268
120 733
296 550
496 724
192 758
130 783
198 243
277 307
48 484
110 279
230 232
120 589
100 351
313 495
118 399
532 533
4 5
550 587
80 372
275 468
502 510
565 566
89 457
375 591
52 575
72 553
62 625
208 679
168 377
617 618
271 475
610 695
310 317
121 567
641 682
601 646
154 335
492 739
185 551
390 691
410 669
216 395
683 684
137 138
231 294
281 640
356 554
523 582
188 189
112 459
82 696
282 641
221 222
92 337
46 141
203 204
423 436
10 38
254 255
282 762
236 237
447 686
373 620
727 740
483 608
239 656
133 495
627 738
0 2
526 606
105 698
146 321
219 683
20 65
262 761
51 52
206 600
174 388
354 355
530 697
597 607
441 768
394 427
285 520
565 654
718 753
693 696
420 421
188 709
136 253
126 468
38 621
353 367
453 454
205 734
78 284
486 487
149 573
500 687
180 417
39 212
398 639
408 689
291 778
214 594
43 712
39 333
12 316
371 514
430 600
454 777
440 613
452 587
343 717
586 587
546 551
618 656
2 158
21 257
7 93
320 324
619 620
288 637
91 92
382 384
364 366
292 347
684 722
650 729
379 760
410 747
572 666
157 158
142 295
127 395
535 635
11 449
325 645
710 752
174 741
190 191
161 393
200 650
172 173
95 713
629 763
297 439
353 599
204 247
2 112
156 170
235 463
141 456
235 728
516 598
257 258
289 290
427 669
266 343
138 423
560 561
592 593
155 512
108 251
290 291
272 768
386 524
53 55
253 754
35 37
643 680
426 682
626 627
264 274
254 755
68 70
179 432
687 722
364 706
659 660
119 121
329 605
283 409
620 668
532 555
712 751
558 693
652 657
87 699
165 389
103 563
644 652
469 620
506 538
56 338
121 733
58 268
230 231
30 694
489 491
483 676
356 455
205 668
522 524
200 244
404 648
128 713
188 764
276 468
399 718
673 692
311 605
316 540
297 298
27 28
271 654
70 335
490 692
596 710
475 649
429 453
260 495
708 771
185 730
602 610
4 426
728 749
60 61
249 751
382 606
363 364
389 502
279 630
93 94
42 394
150 256
564 619
396 397
367 599
428 429
676 680
16 750
17 486
126 127
217 511
365 409
159 161
328 527
573 703
46 140
462 463
438 780
658 783
590 648
274 528
534 753
193 194
189 569
283 762
496 497
319 535
400 609
433 557
499 731
0 1
347 374
198 245
336 624
259 261
529 530
146 320
30 517
324 735
118 401
135 719
276 615
491 503
182 422
428 563
30 782
34 35
66 67
263 761
449 622
476 496
576 583
23 779
595 596
293 374
387 567
237 479
162 714
582 742
453 777
566 654
100 101
132 133
564 730
310 319
391 393
10 27
125 539
651 734
147 706
139 702
416 422
360 670
207 577
122 124
9 449
76 273
47 475
162 462
166 432
199 200
666 718
36 322
344 438
26 766
120 581
460 506
317 457
469 734
535 536
38 633
0 112
43 711
700 752
632 697
168 742
265 266
430 599
491 758
598 704
494 763
568 569
662 725
294 329
334 402
65 506
445 727
486 499
618 655
601 602
331 741
146 287
299 300
519 532
331 332
596 752
288 636
342 527
562 759
62 64
8 93
25 262
346 497
15 626
64 518
65 483
145 363
101 665
551 722
416 677
48 659
669 777
16 743
445 740
424 537
2 170
6 698
74 195
701 702
124 690
205 206
214 583
648 775
162 164
197 759
23 494
721 765
269 635
271 565
350 480
555 769
239 383
227 229
48 672
81 440
25 396
160 175
84 631
266 342
117 399
141 756
61 318
561 784
206 327
386 523
385 558
79 143
263 718
305 306
403 612
564 566
3 4
35 36
619 730
338 339
497 512
563 686
254 754
36 37
643 715
28 33
68 69
287 293
15 737
371 372
578 585
69 70
101 102
311 735
445 586
103 477
171 203
273 479
165 388
533 555
345 355
405 406
135 136
41 129
64 341
140 745
736 770
168 169
489 490
427 429
164 693
647 698
15 750
471 472
231 374
208 736
133 742
206 546
5 147
200 243
740 745
409 762
369 689
108 505
629 765
763 765
4 713
562 595
267 269
177 375
135 378
9 10
227 461
10 612
91 457
739 758
469 668
42 43
268 269
489 503
528 574
301 303
668 734
333 335
104 512
626 737
597 710
106 701
508 781
447 622
304 313
280 630
607 759
73 151
655 656
65 67
637 638
615 699
636 642
528 551
67 113
209 691
54 259
145 706
361 559
84 696
397 778
720 757
131 133
311 329
60 747
128 473
73 537
7 592
274 527
43 249
191 758
246 465
754 755
646 664
189 568
208 209
478 707
296 587
109 352
241 242
532 534
68 579
303 711
772 781
114 695
610 719
110 316
182 421
327 430
493 728
197 729
31 517
544 773
144 165
183 422
244 252
168 522
414 700
634 703
307 308
135 610
361 693
234 360
373 667
459 707
625 739
71 73
114 672
310 318
442 474
153 371
25 222
35 644
145 287
264 616
62 518
392 393
139 701
541 781
122 123
151 446
446 629
443 740
137 139
425 426
290 381
47 474
18 676
201 569
51 773
388 395
177 211
77 273
89 98
458 459
88 368
406 677
243 650
224 408
666 753
458 724
190 415
171 173
216 553
160 652
428 552
93 482
45 442
345 554
318 457
470 734
340 704
338 780
152 424
305 603
166 179
423 738
633 697
157 359
59 318
198 247
590 771
270 272
339 780
542 551
306 603
182 653
184 205
281 366
449 624
624 625
286 746
96 97
354 392
660 664
102 665
377 604
169 575
649 654
111 112
498 521
22 412
470 688
107 636
73 494
402 404
179 741
690 691
661 664
162 163
383 656
18 643
515 695
78 285
76 504
15 674
177 178
435 702
254 776
93 593
508 692
228 229
467 511
197 650
418 655
210 211
369 613
305 714
472 482
243 244
403 611
50 115
564 565
421 516
373 768
387 523
39 334
263 753
287 292
586 588
414 778
489 692
161 332
29 33
320 325
30 257
404 584
519 534
305 462
579 585
678 707
103 476
61 330
514 721
300 383
280 554
420 677
361 362
97 432
752 778
23 74
216 389
22 258
227 398
234 294
17 674
106 108
194 486
142 296
340 540
427 428
69 720
626 674
517 767
27 723
309 329
328 342
527 551
544 720
671 681
348 665
456 756
32 694
53 259
476 707
275 308
26 241
37 516
178 375
571 715
250 251
155 657
136 378
469 667
88 338
667 768
301 302
527 528
707 724
405 539
678 697
597 709
743 763
155 513
85 677
334 335
130 685
412 434
217 424
107 701
326 367
367 368
211 529
65 66
269 470
540 704
76 749
466 526
193 251
659 661
87 615
8 471
283 410
309 319
113 115
532 556
431 653
248 568
131 132
569 623
45 474
434 435
326 344
478 621
272 373
292 351
644 653
129 473
467 468
179 181
197 198
489 492
500 501
679 732
229 532
722 730
125 331
533 534
284 504
69 579
156 547
231 232
102 347
222 263
175 417
81 144
427 552
136 754
545 773
38 39
245 252
264 265
169 522
196 247
153 514
535 616
54 163
24 778
78 520
238 658
27 29
599 600
63 248
256 526
71 72
72 216
632 633
54 693
104 105
349 610
219 500
117 718
504 749
93 95
290 380
375 604
396 398
595 607
433 545
17 487
390 583
2 358
138 139
163 312
461 643
71 494
747 777
190 414
171 172
310 330
629 721
609 663
462 464
225 408
6 104
193 195
76 284
376 433
319 536
57 536
111 278
504 618
159 175
336 625
351 525
238 239
270 271
561 743
507 772
220 450
400 646
637 738
176 529
598 630
271 272
22 434
362 390
1 2
426 640
34 36
304 305
528 687
33 336
147 321
595 597
322 704
337 338
369 370
294 605
673 781
100 102
392 539
92 98
71 75
82 84
402 403
207 493
661 663
591 604
74 494
403 404
683 687
401 480
12 110
451 566
435 701
162 463
436 437
167 578
93 592
513 657
280 455
111 497
167 169
199 201
181 741
36 323
449 492
469 470
401 601
501 688
123 736
86 180
339 360
370 613
50 114
480 601
290 769
248 623
196 204
202 247
334 403
7 8
