148 950
266 268
390 563
645 673
536 766
536 537
708 729
243 400
129 564
569 570
388 495
41 42
592 819
73 74
380 411
376 377
41 307
221 503
535 550
301 612
110 815
106 107
717 935
191 1005
624 627
233 742
149 1008
592 940
111 487
404 740
916 1000
532 745
5 325
731 991
250 538
558 654
172 847
356 439
443 444
475 476
420 689
17 601
152 380
235 643
27 614
141 636
608 776
656 673
167 545
146 422
358 750
168 998
206 207
177 409
209 398
176 221
506 584
207 208
800 802
94 905
199 204
239 240
406 417
651 859
498 500
408 872
85 856
490 496
897 1000
181 564
4 868
542 543
198 733
104 726
61 90
727 854
692 896
296 896
512 520
616 986
3 5
535 540
294 297
273 274
826 832
633 666
880 952
212 264
524 530
722 860
608 609
267 316
62 850
306 307
377 596
911 912
582 965
137 206
32 827
609 610
69 71
33 414
641 642
185 511
346 465
312 323
372 374
944 945
568 694
674 675
94 100
8 1000
699 768
885 895
663 702
12 741
227 629
247 644
2 956
675 676
800 936
508 648
926 932
912 997
758 939
726 727
430 436
16 73
87 362
136 138
708 709
168 170
120 130
287 307
180 181
205 354
189 638
211 397
69 84
714 874
213 214
887 945
224 452
700 710
592 619
431 436
392 594
504 506
423 432
247 621
774 775
621 682
246 247
478 633
150 688
78 254
289 617
912 974
455 915
103 347
9 11
364 876
365 841
639 852
286 319
386 406
279 280
42 453
241 662
257 261
42 44
239 472
273 385
92 310
786 870
255 862
241 927
745 838
635 1003
254 866
10 11
72 889
24 669
840 963
3 646
640 672
313 314
209 980
345 346
598 675
43 44
316 468
556 566
646 868
165 415
721 782
19 181
133 203
395 877
378 379
14 740
45 90
38 51
215 501
282 411
232 819
735 802
570 994
252 568
400 403
585 714
583 933
216 502
222 396
18 746
501 900
338 873
559 841
167 237
217 583
973 975
412 413
39 51
731 804
543 753
111 830
518 925
324 794
691 996
266 444
772 841
445 446
530 670
43 286
53 745
169 511
310 895
338 585
606 665
269 485
136 370
675 764
209 211
695 971
492 908
241 243
125 477
511 512
731 781
785 901
265 865
242 244
814 815
328 396
79 366
337 890
805 995
700 713
8 980
544 545
239 992
16 17
735 936
354 570
847 848
307 309
654 682
634 704
215 900
604 861
384 678
577 578
649 832
49 50
132 722
112 893
547 821
340 342
264 761
152 291
50 51
194 553
341 343
117 864
680 712
223 616
12 24
852 904
657 728
83 84
115 116
198 788
562 576
230 1006
206 383
18 183
739 883
72 74
64 70
631 712
116 117
502 561
161 497
647 656
474 993
327 794
149 150
381 536
144 938
493 863
440 442
728 729
104 493
356 857
125 961
473 884
335 654
182 183
31 688
134 143
454 462
761 762
436 1002
284 316
590 651
487 904
622 720
215 216
667 871
474 476
505 958
894 919
30 399
29 620
518 519
52 832
809 811
83 856
507 509
196 733
243 399
510 520
709 729
859 933
380 410
12 14
931 958
448 953
394 982
208 563
40 341
253 485
621 881
30 556
577 954
365 546
45 47
591 858
73 783
580 965
614 878
217 913
179 392
431 985
111 486
66 106
718 935
70 76
13 774
581 966
193 704
486 957
405 740
112 487
136 844
76 793
470 869
111 113
399 400
723 906
809 909
942 944
447 593
173 353
17 600
653 661
575 1007
144 146
309 628
929 1010
560 884
73 122
694 698
779 922
42 629
143 595
382 877
891 983
177 179
92 895
609 776
209 397
176 220
171 779
651 858
406 416
402 791
496 984
498 499
561 964
729 777
407 497
457 992
438 750
652 859
391 409
783 784
178 939
255 256
742 752
116 964
401 459
519 823
297 896
229 612
0 789
148 687
503 735
127 564
4 759
288 289
574 795
58 650
835 836
567 756
151 283
18 19
296 787
733 788
475 789
710 921
59 960
476 983
187 471
331 744
580 582
203 595
306 836
568 693
586 890
246 413
186 511
885 894
249 567
770 827
664 666
12 740
763 788
146 591
202 226
95 100
926 931
524 771
92 885
664 702
343 467
669 1009
11 631
136 137
915 958
375 419
967 968
538 562
361 929
169 170
231 819
121 130
11 258
151 152
399 403
184 186
202 203
639 995
430 1001
914 934
505 915
225 452
505 506
449 605
163 922
467 659
235 236
681 768
286 318
339 473
478 668
290 617
343 709
423 552
716 725
856 885
127 181
789 795
768 772
147 159
426 743
907 930
273 384
387 406
527 529
437 901
284 659
135 679
498 502
218 942
37 409
205 222
572 573
32 34
542 810
790 795
316 467
863 865
302 303
129 906
226 430
633 668
268 835
605 606
10 131
534 811
335 336
7 916
306 309
940 941
46 90
350 352
638 639
556 686
321 703
34 381
501 899
366 854
124 912
80 82
298 570
571 994
691 910
110 748
973 974
344 686
89 396
39 50
671 672
522 958
821 876
282 302
625 821
21 792
363 821
589 984
644 654
27 606
103 107
95 103
318 935
300 472
904 995
449 451
298 956
453 979
674 798
53 600
209 210
496 532
412 798
427 432
191 192
676 764
702 902
761 951
242 243
866 1004
753 947
445 602
224 225
293 962
231 233
435 637
741 1009
353 604
201 1001
78 256
80 854
509 888
389 563
836 837
276 277
6 7
288 367
21 23
341 342
518 829
38 341
544 701
395 987
39 40
363 546
329 404
870 871
702 915
342 343
94 995
726 863
13 24
72 73
402 473
903 904
25 523
640 939
494 556
87 89
375 376
207 383
753 816
19 183
738 953
32 531
666 668
65 70
300 956
710 711
87 354
648 650
68 75
609 808
969 971
408 409
345 469
747 778
300 992
531 745
157 418
749 967
45 851
743 744
921 930
848 946
441 442
731 806
622 719
602 661
667 870
260 366
474 475
596 846
496 908
591 651
463 731
169 513
1003 1004
27 429
163 964
507 508
119 283
145 421
766 768
285 315
41 629
610 637
238 240
476 557
810 811
180 415
508 509
540 541
532 537
12 13
244 399
370 395
533 947
573 983
734 937
679 1001
545 921
541 542
573 574
13 14
45 46
587 774
346 568
179 391
466 484
672 818
46 47
269 464
78 79
850 1004
156 178
877 878
337 339
335 558
909 910
121 306
67 106
244 556
214 942
79 80
690 871
723 905
942 943
440 696
447 592
640 641
711 930
603 839
112 113
121 836
401 890
943 944
347 919
492 1008
975 976
314 327
643 652
677 910
145 146
579 932
480 481
687 694
517 957
557 993
178 179
188 638
176 255
653 817
606 742
163 581
871 896
93 894
764 770
535 947
514 515
439 750
740 741
584 839
458 992
732 737
212 213
337 473
804 991
352 861
58 649
547 548
706 721
363 876
765 770
245 246
277 278
442 611
809 813
133 679
118 779
341 708
580 581
238 472
476 789
722 930
310 311
145 918
281 284
569 571
332 744
581 582
41 43
140 165
37 418
311 312
769 898
154 594
576 732
26 408
454 477
646 647
344 345
656 697
147 325
479 655
557 983
245 488
277 291
274 631
722 907
9 68
166 689
47 997
100 106
184 185
410 411
601 882
141 143
63 569
364 560
577 933
177 325
149 492
590 643
10 68
90 851
653 928
360 446
467 658
174 176
323 793
638 805
425 432
897 916
175 257
716 724
127 180
480 484
424 552
251 252
622 833
477 478
510 512
104 727
433 637
626 952
61 91
458 730
812 813
428 967
817 928
284 285
120 442
125 786
81 105
712 991
424 853
833 872
834 837
273 275
692 753
488 874
192 732
15 16
149 999
47 48
158 410
306 308
878 879
377 597
318 319
717 782
248 483
350 351
309 728
0 238
80 81
8 916
139 167
245 334
351 352
598 601
548 1009
118 867
65 632
81 82
62 972
132 164
384 385
20 746
416 417
202 228
522 584
114 115
527 662
354 362
248 869
35 725
583 859
449 450
636 834
761 865
335 348
287 308
679 683
180 182
550 947
189 639
905 995
450 451
676 763
72 648
507 576
184 188
483 484
482 668
822 853
181 182
258 631
49 637
195 840
294 962
623 872
29 399
516 517
755 799
539 766
386 407
79 256
279 281
81 854
932 989
414 771
797 801
21 22
170 639
786 871
38 340
635 1004
386 937
169 185
9 807
424 820
545 701
283 292
331 857
87 88
673 706
395 878
333 903
268 657
648 649
88 89
2 803
120 121
685 982
378 416
591 938
671 818
583 934
66 824
161 567
77 79
421 643
649 650
781 806
305 697
373 715
973 976
412 414
700 701
227 777
14 404
154 155
914 926
21 794
671 939
445 447
43 287
668 870
240 572
261 366
187 188
793 901
119 282
41 628
610 636
136 371
736 775
762 913
401 791
147 380
420 804
220 221
383 773
479 481
578 603
511 513
362 570
762 769
31 699
213 218
490 984
123 553
574 983
44 754
735 937
194 204
801 882
286 287
466 483
56 499
97 271
858 1007
577 579
333 893
95 347
389 565
49 51
936 963
578 989
599 783
359 393
378 406
751 917
851 1004
703 840
38 981
127 415
622 623
77 972
452 849
175 986
320 321
246 372
352 353
611 613
950 982
83 85
37 872
434 837
36 418
64 71
116 118
821 953
374 413
386 387
437 438
493 864
632 793
163 580
118 163
722 723
452 453
711 713
630 725
590 652
755 756
215 217
680 991
407 567
426 437
733 737
222 750
518 520
222 521
806 807
495 945
602 928
481 1010
502 575
353 861
809 812
62 160
163 966
98 720
449 685
76 323
683 1001
810 813
990 1009
359 877
186 460
540 543
707 720
690 896
790 983
508 1005
877 988
212 863
562 567
60 91
458 775
585 587
24 25
56 57
155 594
106 552
614 879
217 914
506 522
108 778
359 360
893 968
906 907
683 978
160 379
636 637
121 308
748 815
546 1009
405 741
115 493
15 555
90 91
275 631
608 920
723 907
88 396
641 868
400 662
81 500
669 670
156 939
48 997
141 142
364 559
2 472
311 324
123 124
631 680
90 850
360 445
245 644
426 427
174 175
54 784
343 658
270 408
74 124
666 902
570 785
451 605
561 965
176 257
510 511
767 841
513 516
23 423
899 960
298 362
48 974
85 892
743 749
657 709
521 785
255 257
81 104
313 347
525 526
229 613
148 688
488 873
359 988
161 249
288 290
398 979
205 521
835 837
159 325
404 730
558 559
18 20
214 898
461 855
649 826
242 588
461 626
855 931
196 737
159 410
387 417
162 973
113 968
63 64
310 313
144 955
667 996
982 1008
907 977
140 167
747 845
607 685
95 919
52 54
311 314
78 866
562 799
373 374
583 858
231 290
67 75
36 725
812 946
406 407
696 1000
551 798
336 873
151 153
184 187
134 595
341 808
41 287
454 456
430 1002
63 571
420 463
393 446
238 572
531 825
724 725
475 515
93 333
109 952
680 804
767 772
50 637
289 653
290 618
1 515
229 230
175 259
756 799
507 732
339 739
625 953
29 699
280 281
538 576
3 152
262 263
655 752
841 842
819 940
6 980
572 574
18 805
464 483
455 663
842 843
425 820
129 907
403 881
845 848
276 697
605 607
24 741
431 979
155 178
46 91
456 663
77 78
321 704
464 869
344 687
96 622
465 568
575 965
227 776
422 643
487 852
413 414
208 390
855 875
686 688
974 975
618 819
446 447
221 1003
645 656
34 539
736 774
116 163
191 831
861 954
719 721
416 949
845 946
479 480
388 887
678 689
135 441
440 897
595 920
730 736
461 462
72 650
224 226
512 513
711 722
407 756
88 222
921 977
126 477
63 803
760 880
96 720
509 889
576 799
669 990
276 278
270 872
190 763
57 499
546 547
6 8
670 842
578 579
42 227
530 539
579 989
280 284
63 515
752 917
938 1007
611 612
363 547
128 415
329 405
616 727
332 968
562 756
453 849
251 751
387 495
313 317
345 349
13 25
612 613
537 699
182 471
84 85
575 582
25 524
375 377
64 515
215 913
372 488
645 646
117 118
613 959
276 291
807 824
55 960
159 380
345 470
765 827
448 891
417 495
0 472
164 723
471 731
423 425
249 538
326 758
828 968
655 817
372 874
8 1006
165 166
671 941
664 902
33 770
216 217
355 412
369 984
174 220
198 199
478 482
577 604
131 258
698 751
150 537
285 316
814 962
249 250
466 773
539 843
866 972
23 432
221 862
778 779
282 283
541 543
450 950
123 555
572 796
512 516
114 964
585 586
587 775
315 316
534 540
46 48
269 465
618 619
36 263
294 787
825 832
877 879
107 552
345 869
530 771
605 685
651 652
708 777
117 867
640 642
53 882
642 868
943 945
153 411
382 383
786 961
365 559
703 963
717 718
99 705
641 759
127 129
787 962
291 646
705 780
831 1005
271 408
229 262
381 539
160 162
357 856
875 931
438 521
751 752
274 678
198 948
71 993
537 908
212 214
624 796
394 1008
183 187
264 898
426 439
547 549
216 858
392 446
649 1005
245 247
549 738
656 721
162 249
536 539
19 20
1 789
476 790
818 819
170 189
850 851
462 626
359 879
281 285
110 961
548 549
394 491
7 985
450 917
820 828
52 53
254 862
428 749
311 313
145 955
529 801
447 619
177 758
454 478
293 295
53 54
832 838
818 940
850 972
40 609
56 59
344 346
106 554
645 868
14 736
384 684
496 745
389 390
421 422
219 616
632 785
32 381
100 107
102 705
119 120
382 988
959 1000
480 773
888 976
156 941
58 784
317 895
454 455
840 936
346 693
577 934
60 973
152 153
498 561
216 583
177 326
367 752
475 514
902 996
455 456
31 537
517 925
323 794
185 186
690 996
260 854
240 796
480 485
397 716
218 219
605 665
461 880
130 143
251 253
655 751
299 329
6 979
629 729
803 994
746 905
813 815
252 253
229 615
845 847
101 429
192 733
15 17
128 977
503 1003
52 838
588 589
620 621
228 920
351 353
642 645
747 847
619 661
125 126
228 776
194 634
219 727
114 116
445 661
686 687
108 747
175 886
158 159
394 844
2 994
849 979
687 688
719 720
509 538
982 987
148 150
720 721
184 189
763 948
483 485
181 183
238 574
225 226
354 785
516 518
755 800
786 787
57 498
504 809
945 960
852 998
303 410
650 783
329 548
21 432
474 557
204 553
259 260
450 694
332 967
76 632
289 367
22 23
519 829
64 514
698 917
346 349
325 326
505 522
262 615
357 358
72 783
331 894
448 625
55 56
120 302
886 887
487 998
353 918
77 80
69 76
401 586
525 881
82 949
693 694
391 392
423 424
970 971
154 156
773 988
446 593
40 808
424 425
514 993
585 873
237 684
54 599
457 458
248 464
409 418
389 589
716 718
762 914
499 949
208 248
128 139
109 126
147 152
120 135
760 761
665 752
578 604
490 491
793 794
213 219
437 521
523 524
110 126
141 608
970 984
635 851
365 990
815 961
547 738
254 256
826 827
304 751
97 272
29 403
188 805
333 894
138 984
283 319
280 659
440 611
190 765
57 501
599 784
378 407
29 30
61 62
130 836
988 1010
432 792
980 1006
320 322
202 595
590 591
259 986
83 86
230 959
94 95
612 615
403 621
117 493
397 398
469 566
213 726
641 758
374 414
127 128
787 961
613 696
35 719
386 388
412 526
685 950
338 348
696 959
173 918
430 431
28 271
192 788
882 969
128 129
342 467
160 161
706 780
665 742
154 941
718 754
515 803
11 712
161 162
385 544
361 1010
464 465
236 421
755 757
382 395
194 195
426 438
638 995
247 881
602 929
474 514
227 228
757 802
683 1002
634 997
102 233
810 814
862 1004
49 981
125 482
260 261
377 846
96 833
707 721
330 362
266 835
807 924
293 294
233 429
451 917
552 554
349 869
182 463
596 597
541 810
178 758
294 295
419 555
633 664
108 779
359 361
724 782
31 150
549 750
601 797
144 966
456 478
617 661
902 910
134 135
867 952
360 361
296 871
681 682
239 300
663 664
396 549
829 925
889 976
73 124
18 188
426 428
714 715
53 969
383 466
99 707
368 752
747 748
174 886
416 499
157 159
130 142
208 470
903 995
201 202
473 624
170 852
767 842
239 457
544 684
278 305
274 680
522 931
190 192
107 423
660 981
234 235
621 644
820 853
525 527
813 814
623 833
943 960
193 840
398 980
267 268
558 560
293 814
102 429
828 829
258 713
197 846
626 880
129 977
322 963
938 966
30 31
53 838
63 65
328 548
558 681
592 594
591 1007
336 488
394 987
316 659
393 879
538 888
606 614
625 627
913 914
64 65
607 987
351 918
24 523
484 773
97 98
148 149
264 769
979 980
344 469
299 992
153 380
433 434
221 255
439 743
17 376
236 643
104 115
468 657
196 198
484 485
339 884
318 718
517 518
608 636
546 990
499 500
397 718
510 924
298 330
402 796
369 390
695 969
982 999
398 453
4 5
295 297
773 1010
565 566
23 103
470 563
554 822
120 301
155 179
26 28
137 390
918 955
70 71
596 675
456 664
368 817
617 618
210 230
310 317
737 799
568 698
526 881
459 791
52 58
893 903
113 828
25 715
273 700
186 781
922 966
211 725
155 156
491 1008
165 200
137 138
389 588
581 938
716 717
188 189
9 712
824 924
279 981
135 442
298 994
500 949
734 887
701 710
431 849
67 164
846 948
1000 1006
20 906
407 757
110 125
26 391
254 255
138 489
225 228
437 785
755 802
574 790
214 218
546 548
670 843
762 926
841 990
0 2
204 555
691 902
27 742
54 58
360 393
321 322
324 327
249 562
403 620
320 851
84 86
134 203
66 68
74 975
644 682
645 647
13 736
470 566
34 530
104 854
875 880
166 420
86 311
6 431
99 101
387 388
119 308
154 940
678 680
469 686
77 82
504 909
304 655
730 992
388 734
378 949
326 759
267 444
600 882
238 795
44 286
165 167
275 713
33 771
295 542
634 911
735 963
756 757
355 413
955 966
301 442
558 772
486 487
262 630
248 466
481 817
102 232
862 1003
276 305
789 790
385 700
719 725
427 437
999 1008
460 471
449 950
519 520
523 670
368 653
338 890
822 823
100 164
663 915
628 728
823 824
279 660
712 807
113 893
157 325
856 857
265 761
888 889
412 551
746 805
109 779
298 300
586 587
48 912
148 999
369 589
491 844
334 488
374 524
143 920
867 951
405 548
158 262
331 333
93 919
448 738
232 705
322 635
830 925
573 625
579 934
291 647
157 158
357 857
65 569
139 140
765 831
711 860
371 383
357 448
529 969
744 857
697 782
190 191
182 187
360 602
240 457
558 883
37 623
172 173
105 498
433 443
29 768
195 800
481 928
648 1005
132 860
340 660
183 188
569 632
463 471
434 444
892 993
526 527
678 804
744 749
256 257
162 250
674 770
250 888
237 689
559 560
66 807
263 418
422 591
289 290
250 973
237 545
592 593
210 262
69 323
563 566
482 870
769 900
702 910
182 200
266 837
540 811
317 919
593 594
309 835
82 378
818 941
35 37
323 324
625 891
281 443
22 103
356 357
909 915
961 962
16 783
713 860
1 803
659 660
119 121
898 942
691 692
550 753
87 205
607 878
232 672
405 1009
378 497
358 439
60 974
348 883
911 997
684 689
311 327
241 528
689 804
769 913
923 971
19 564
220 734
206 390
565 588
759 868
356 743
105 115
348 739
776 808
158 615
179 409
745 969
792 901
758 759
16 122
172 778
369 389
489 491
533 677
246 355
886 944
492 496
299 330
382 773
589 923
305 935
520 823
441 679
253 479
620 681
493 726
761 769
746 906
36 630
531 838
792 793
96 272
296 297
270 833
579 914
760 926
665 917
26 27
825 826
277 283
111 925
281 433
329 330
332 893
715 774
640 780
223 986
27 28
277 319
858 859
210 229
268 728
617 653
427 901
250 976
332 749
539 670
60 61
672 705
691 947
245 372
372 413
77 379
891 892
363 364
93 94
108 748
49 433
85 993
802 936
376 419
349 465
286 754
108 110
260 616
956 994
779 952
166 200
130 134
112 903
278 935
207 466
551 801
71 84
384 544
764 765
930 977
315 444
200 463
826 1005
230 980
354 521
225 227
272 833
807 991
479 817
519 853
681 772
193 194
151 277
295 816
139 977
303 411
650 784
227 452
642 780
274 384
532 908
528 529
0 1
218 223
259 261
842 990
268 309
425 967
33 34
424 822
806 924
74 889
864 865
542 814
289 368
543 550
723 746
124 975
460 781
922 955
191 507
66 67
11 131
672 780
148 694
489 844
379 972
554 824
139 545
55 57
86 310
67 68
584 932
404 736
141 920
704 997
322 703
49 279
898 899
865 951
628 629
639 904
673 780
899 943
582 1007
931 932
391 393
260 727
561 575
373 524
17 597
505 909
133 134
113 830
964 965
92 856
122 124
166 167
137 369
47 704
54 600
34 771
457 459
520 924
334 654
428 432
373 874
128 140
559 772
719 724
760 762
197 419
89 328
263 630
523 669
676 948
463 804
490 492
569 785
35 622
56 416
142 834
232 233
886 986
396 750
335 883
815 962
140 415
26 393
933 954
235 652
131 860
331 885
627 884
280 660
60 162
57 502
266 267
177 418
79 261
298 299
856 892
29 31
229 959
180 200
299 300
331 332
450 698
195 737
666 996
253 269
445 619
332 333
435 834
364 365
139 921
641 939
301 611
213 727
669 741
667 668
573 624
652 954
456 633
694 950
334 644
39 610
96 98
199 419
685 987
173 955
371 382
146 938
220 887
9 66
47 321
357 892
200 420
16 599
344 693
358 448
222 438
690 692
361 602
59 417
734 735
194 196
434 443
28 429
1 475
75 132
62 162
146 421
767 768
111 957
322 503
422 590
675 770
241 923
237 544
410 615
361 988
337 402
563 565
368 655
702 909
15 122
142 837
370 844
588 923
3 4
596 598
788 948
35 36
541 811
294 296
279 433
50 610
286 292
880 951
826 831
338 339
495 960
36 37
267 315
25 373
585 890
899 900
69 70
701 921
209 230
101 102
201 226
328 330
372 373
404 405
402 624
951 952
923 970
88 205
933 934
379 497
757 937
105 114
506 946
20 564
438 439
174 887
777 808
823 924
828 853
168 169
201 203
489 490
767 843
190 831
251 698
325 418
69 312
522 932
355 526
91 974
534 677
234 236
247 355
714 873
105 500
5 147
592 618
392 593
504 505
276 647
440 978
763 765
676 846
252 698
839 989
508 889
9 10
828 830
67 100
564 906
42 452
322 735
570 571
669 842
42 43
328 549
302 411
301 303
873 874
436 985
388 945
278 319
603 604
455 855
367 742
334 336
640 671
692 947
285 443
598 674
536 699
114 561
876 884
349 464
528 695
108 109
427 792
579 926
825 838
97 99
109 110
381 532
232 818
601 801
123 911
525 662
195 936
927 971
315 443
142 143
433 435
778 847
703 704
468 658
196 199
175 176
185 189
717 724
494 566
32 770
59 495
760 951
692 816
22 347
197 199
648 889
477 482
241 242
219 223
677 809
510 781
374 771
274 275
459 586
533 535
557 892
141 834
0 795
122 555
554 823
94 164
307 308
654 681
192 507
620 768
586 775
38 40
55 501
596 676
617 619
340 341
553 634
839 848
737 800
923 927
224 431
944 986
392 393
528 662
627 821
122 123
252 269
244 494
611 696
528 927
123 204
336 348
75 164
171 955
45 321
190 788
138 369
497 567
458 459
414 798
30 686
440 441
959 1006
171 173
491 492
370 382
21 314
715 874
197 948
454 461
149 908
138 490
839 946
292 319
696 897
10 75
15 419
776 777
667 690
223 942
504 812
738 750
798 801
22 314
809 810
820 968
426 749
210 630
170 185
270 272
33 674
28 101
172 603
709 728
6 985
864 867
21 327
173 604
267 468
211 716
253 304
894 895
74 976
23 107
529 882
624 625
336 338
580 964
39 609
55 59
96 97
86 312
99 102
258 275
710 930
496 970
657 658
193 703
268 468
748 813
164 905
357 891
233 367
100 103
339 348
111 112
690 691
587 715
17 599
504 946
252 465
705 707
144 145
295 543
75 131
171 922
560 883
195 196
137 371
177 178
3 291
342 660
695 927
385 701
171 778
560 739
94 903
168 852
30 244
89 330
479 485
210 211
3 147
337 401
531 532
126 626
142 836
766 843
242 923
391 408
512 518
243 244
80 366
469 556
628 729
519 822
184 460
503 734
597 598
364 884
827 831
287 292
151 282
296 786
78 972
925 957
32 825
328 329
158 263
451 665
306 835
220 503
186 510
699 766
202 225
193 634
259 616
358 738
394 395
4 326
732 799
526 551
33 798
231 288
65 76
197 375
573 891
44 398
427 428
647 697
577 861
805 905
678 684
656 782
307 628
829 853
5 326
900 913
527 551
304 479
172 848
15 376
114 498
26 614
481 929
763 764
950 999
58 832
760 875
806 991
26 879
441 978
155 392
627 876
895 919
153 282
206 208
343 708
482 786
101 271
797 798
257 259
187 460
829 830
301 302
71 514
527 528
578 839
109 626
278 318
816 896
459 775
305 717
334 335
878 987
589 970
32 33
82 379
523 530
629 777
28 408
376 597
863 864
199 555
552 822
367 368
160 972
133 201
233 288
208 869
212 265
303 612
61 850
597 601
529 695
608 610
356 358
381 531
928 929
494 588
119 302
607 614
82 500
897 978
898 943
98 99
594 940
850 866
581 1007
486 998
224 849
124 911
529 551
401 402
312 324
457 791
131 132
83 92
242 494
126 462
472 956
434 435
356 744
118 952
228 595
494 565
467 468
318 754
409 872
745 970
269 483
197 198
674 797
855 958
473 627
584 989
207 248
886 945
297 816
658 709
397 754
265 863
620 682
216 1007
501 502
533 534
700 711
557 891
792 794
429 742
136 489
231 232
435 636
258 860
398 754
534 535
912 975
825 827
38 39
25 774
264 265
256 261
214 264
119 292
599 600
748 845
533 691
540 550
600 601
60 62
224 430
231 618
571 803
251 304
216 575
104 105
434 834
862 866
363 365
386 757
708 808
93 95
84 312
572 624
802 937
212 726
45 320
666 667
86 92
303 615
215 502
97 101
106 824
112 904
130 135
969 970
299 730
1001 1002
875 926
166 237
598 797
89 362
71 85
776 920
171 172
509 576
553 911
859 954
721 724
732 733
603 848
510 806
547 953
273 713
293 542
305 782
455 461
400 525
150 908
55 899
193 195
329 730
317 347
22 313
375 846
217 934
820 967
766 767
857 885
238 239
270 271
533 910
4 646
211 630
44 453
243 662
532 536
458 736
799 800
677 811
791 796
388 937
93 903
271 272
370 394
173 603
462 477
441 683
642 673
1 2
206 371
191 508
606 607
444 837
865 867
543 816
151 291
355 881
340 981
898 900
337 338
132 723
748 812
156 671
201 679
503 635
370 371
226 1001
48 91
587 714
133 135
705 706
292 308
157 263
160 497
115 117
661 928
320 635
632 901
739 884
706 707
677 909
425 428
240 791
342 659
656 706
855 915
98 707
687 693
584 946
461 875
403 525
469 470
30 688
35 623
56 417
480 1010
812 845
471 781
165 180
118 922
196 204
51 981
223 944
7 8
