55 57
214 230
67 68
4 357
17 58
247 273
159 160
95 395
12 388
350 365
40 41
150 349
153 345
100 101
208 290
256 339
192 193
166 293
268 313
41 42
84 251
73 74
328 373
133 134
107 234
58 369
249 336
312 374
14 15
105 310
376 377
225 226
69 378
69 387
32 78
194 238
166 167
104 183
15 16
23 118
47 48
258 259
206 221
284 397
239 407
107 108
357 381
318 319
275 348
269 277
304 384
128 149
88 113
250 273
179 231
76 120
307 389
150 344
0 9
80 81
259 260
291 292
162 318
109 163
264 347
380 388
241 309
110 136
227 383
63 150
22 23
187 356
2 292
1 238
265 266
364 388
51 77
1 67
72 118
16 65
53 114
284 383
55 56
123 209
80 238
4 356
35 96
42 230
227 266
147 157
398 404
239 240
257 276
79 297
38 107
296 393
28 313
299 300
50 81
103 245
135 277
149 221
198 324
261 273
89 179
259 340
8 93
144 362
154 156
36 182
332 333
139 256
3 5
270 358
47 191
94 123
54 87
228 352
151 239
353 383
154 183
121 244
51 81
338 349
116 147
214 215
138 333
16 69
224 336
24 82
101 256
279 281
365 375
1 80
128 130
152 249
275 338
11 219
45 132
188 190
55 316
128 148
149 180
248 302
76 119
22 377
228 244
225 346
265 373
113 114
14 382
6 51
301 323
272 287
141 334
1 183
221 223
205 206
341 377
260 303
372 392
167 261
266 383
106 403
37 231
213 237
146 147
350 406
73 315
139 269
111 198
222 285
286 288
103 105
87 88
2 291
57 236
73 342
125 380
221 326
52 368
291 403
34 91
315 342
48 407
21 170
227 229
16 64
28 29
53 113
8 209
115 195
88 89
367 407
84 375
232 362
88 98
325 401
180 181
92 297
29 30
64 387
103 217
18 91
211 406
130 180
140 364
330 354
50 80
101 116
260 289
29 295
17 141
246 400
206 327
139 237
94 95
142 181
188 288
47 172
305 306
262 335
154 155
127 290
3 4
19 348
397 398
35 36
94 122
32 49
246 247
353 373
294 296
75 356
293 331
334 369
137 349
107 308
121 252
338 348
39 173
158 399
279 280
256 278
316 329
128 129
164 213
156 209
348 370
294 399
156 218
143 248
22 376
297 352
101 102
269 333
328 330
114 230
98 124
161 162
182 194
30 78
55 162
299 361
281 325
341 376
152 360
23 48
162 392
345 346
92 175
60 344
144 185
191 306
131 404
303 358
121 229
286 287
49 222
284 354
243 325
197 367
227 228
178 363
81 183
134 275
76 77
155 218
109 111
287 288
68 73
75 207
110 237
53 368
106 194
356 387
7 81
103 216
309 312
306 377
158 250
186 232
142 144
330 353
35 408
135 275
83 85
148 205
234 245
12 43
239 323
65 207
29 361
262 334
353 354
17 396
271 312
38 199
374 386
152 193
267 269
61 173
294 295
50 182
240 324
190 305
176 178
186 362
9 10
248 255
25 125
48 239
288 337
26 62
163 324
146 253
316 328
129 331
136 379
200 382
195 276
241 243
71 79
30 41
79 92
90 92
268 269
68 342
4 187
176 272
178 223
128 204
134 135
101 339
258 341
189 232
310 342
233 397
31 33
171 193
116 257
47 377
59 379
85 251
1 10
220 332
84 319
64 75
385 399
288 305
260 386
284 353
102 196
216 218
317 359
211 350
378 387
97 99
89 95
217 290
109 110
40 230
68 310
67 104
229 264
340 351
201 202
294 393
188 232
50 51
41 222
132 340
287 363
127 234
170 214
142 143
5 119
190 192
19 63
105 252
23 24
157 253
6 93
234 235
393 399
282 284
63 344
83 84
314 316
148 204
115 116
130 254
326 327
355 372
7 183
126 274
312 401
56 57
131 398
267 268
259 404
273 302
116 117
142 255
313 384
107 297
233 284
208 209
167 168
208 218
177 221
369 382
197 199
223 337
74 394
318 355
241 242
200 201
270 287
128 203
57 161
164 296
31 32
171 192
85 241
237 366
0 292
375 398
162 372
60 86
10 67
112 124
320 400
260 358
37 39
162 210
64 65
174 175
314 347
181 223
296 299
185 193
365 398
102 195
242 355
70 72
18 34
248 249
226 249
97 98
114 169
89 94
155 216
133 268
340 341
175 283
150 348
275 370
11 13
189 190
318 350
283 383
148 149
358 386
36 106
128 180
70 108
26 321
142 362
71 82
21 63
267 384
137 256
13 388
163 165
181 362
151 172
111 136
44 46
74 236
180 254
303 306
309 386
314 315
134 214
122 123
3 32
18 182
33 320
187 387
224 296
37 61
200 335
396 408
86 322
40 215
109 324
123 231
15 51
129 311
348 349
19 21
276 339
270 286
391 396
37 173
88 395
83 289
67 183
4 5
109 198
52 54
134 371
137 278
228 298
52 63
320 381
70 197
197 301
169 230
90 175
289 375
194 403
39 111
332 364
37 38
91 396
228 383
95 119
153 240
231 290
220 388
202 263
123 208
288 303
211 330
60 179
354 397
31 381
70 71
138 364
354 406
229 244
89 322
365 406
24 351
118 367
55 329
86 344
210 212
126 380
11 12
36 96
137 237
270 272
49 124
5 99
298 352
151 153
163 164
151 171
44 45
241 312
42 112
226 360
303 305
7 154
54 86
55 212
259 375
3 31
155 156
91 391
146 196
3 49
302 336
154 209
155 183
152 248
96 106
267 333
45 131
188 189
37 127
44 175
117 147
159 400
215 313
335 369
280 281
9 74
129 130
13 364
279 325
262 263
149 206
46 132
266 373
249 302
351 359
6 77
300 384
25 27
203 204
226 346
141 369
301 367
295 296
241 325
178 287
254 255
90 174
103 104
139 277
108 308
200 293
141 396
19 370
125 388
74 315
188 337
102 157
195 196
168 331
21 169
78 285
292 394
15 18
177 178
84 365
78 294
211 329
136 137
247 261
20 371
59 61
88 97
76 95
143 185
26 274
326 405
227 264
228 229
213 366
70 308
0 2
99 124
157 196
136 173
210 211
34 391
335 382
169 170
319 365
109 165
224 393
300 361
29 294
21 52
76 378
151 152
11 267
167 255
110 111
260 306
47 171
59 173
43 219
119 187
247 382
167 273
44 282
188 305
132 404
391 408
397 406
140 237
324 345
234 290
270 374
143 144
82 174
48 172
66 68
263 335
220 364
246 273
83 386
346 360
158 160
31 357
235 245
323 367
72 367
33 385
28 41
156 208
267 332
39 199
107 352
180 184
117 146
398 406
257 278
40 42
328 329
9 73
46 351
149 205
38 127
55 161
331 343
226 336
349 379
65 382
159 246
224 226
176 326
25 26
142 184
45 233
271 307
195 339
147 253
179 322
242 280
163 225
107 235
191 305
210 318
14 16
274 321
5 187
139 276
12 321
246 250
280 392
65 247
123 179
17 18
66 310
13 304
276 278
87 113
158 393
114 368
27 220
258 260
6 8
61 231
245 290
164 225
163 346
59 136
312 325
235 352
167 254
218 290
159 250
111 173
110 366
84 85
54 322
32 285
31 320
137 338
240 323
217 218
80 194
85 309
176 177
143 152
38 234
196 253
133 215
75 381
267 304
232 337
43 321
235 244
261 382
24 317
125 220
375 404
170 371
326 390
42 222
39 198
9 292
49 99
319 350
69 77
98 113
38 108
258 340
266 353
46 359
250 336
97 395
242 243
135 269
238 291
176 307
251 319
224 225
334 335
102 339
140 213
32 33
168 293
251 355
23 82
105 121
151 240
168 311
283 298
295 361
50 194
216 217
121 245
264 266
286 303
238 403
240 345
252 310
276 277
65 75
198 199
116 157
27 219
101 257
208 231
265 347
6 7
76 93
122 209
139 140
129 343
98 99
163 345
130 168
149 181
166 261
133 313
190 191
341 351
401 402
301 324
2 238
282 283
82 118
89 395
340 404
131 132
52 86
56 236
174 359
11 332
314 342
64 69
283 284
72 82
255 302
315 316
268 384
131 397
164 165
56 74
72 197
87 89
53 87
166 382
221 327
256 257
160 320
133 214
344 379
28 30
138 140
186 189
197 198
15 69
336 393
27 43
92 298
79 90
318 372
46 340
150 379
14 369
120 378
98 112
120 387
171 191
135 268
112 114
381 400
330 373
251 318
129 203
342 347
314 328
280 372
200 263
252 264
9 394
184 255
21 368
145 147
159 320
323 324
213 300
104 155
75 357
87 322
56 316
38 39
264 265
130 311
265 328
297 308
242 372
356 357
18 51
3 99
7 51
300 304
186 193
175 282
106 182
64 356
20 170
13 140
71 72
130 167
277 338
71 90
82 90
115 276
63 86
12 13
161 392
78 385
198 301
170 230
164 299
104 105
11 304
27 321
119 395
333 364
28 384
45 46
172 239
93 95
272 363
62 126
223 232
80 183
144 186
14 58
61 179
213 304
178 337
93 122
233 282
66 105
265 314
40 214
112 230
207 400
138 139
225 296
19 20
97 119
124 222
15 77
41 215
207 247
223 362
171 172
11 43
30 285
118 407
20 21
134 370
174 317
52 53
62 274
137 277
171 190
270 312
28 361
298 383
112 113
214 371
100 157
151 193
165 366
60 322
84 289
311 331
4 31
138 269
158 336
53 54
176 363
22 48
19 150
181 221
152 185
184 254
176 390
145 146
142 248
165 213
213 299
202 262
26 27
56 315
44 359
297 298
49 285
70 79
329 330
237 256
229 252
203 343
18 50
186 192
389 390
177 223
92 283
17 91
270 271
258 306
169 368
160 399
119 120
115 257
153 360
100 116
59 344
250 302
127 231
117 196
16 382
259 289
211 212
25 220
327 405
60 61
236 394
271 272
152 153
177 326
201 293
1 2
41 313
255 273
34 36
243 280
244 245
135 338
93 94
110 165
62 125
249 360
162 212
210 350
8 154
281 401
185 186
66 104
207 381
317 351
277 278
85 355
131 233
104 216
166 200
18 36
44 174
274 380
12 380
271 402
15 58
306 341
160 385
287 337
189 192
79 308
100 102
153 346
32 385
145 253
294 385
23 407
207 246
370 371
120 187
6 76
29 78
219 220
351 376
310 347
133 135
181 184
58 141
8 122
42 124
115 117
25 62
10 73
22 47
103 121
312 402
321 380
166 168
176 389
15 17
219 332
137 379
20 370
59 60
33 160
94 179
252 347
139 339
140 304
191 377
286 358
0 1
244 352
358 374
212 329
323 407
0 10
108 199
24 376
5 97
34 408
200 202
82 317
117 195
272 307
41 285
309 374
125 126
83 309
110 137
295 299
77 378
361 384
22 24
70 199
330 406
10 68
34 35
289 386
243 279
66 67
45 282
241 355
158 159
217 245
7 8
