174 194
206 226
99 100
198 222
159 160
28 67
207 209
8 9
9 63
147 167
40 41
77 90
22 154
228 259
132 133
49 135
148 168
69 113
73 74
10 36
240 251
243 247
113 156
62 83
240 260
84 260
255 258
8 112
14 15
14 24
43 60
142 228
153 228
74 84
23 100
106 116
47 48
7 12
23 127
81 199
214 234
158 181
107 108
247 259
128 140
55 79
65 111
199 200
188 200
239 245
109 154
80 81
38 112
100 105
77 103
140 141
80 99
4 217
172 182
72 244
26 137
232 233
24 204
172 191
81 82
224 229
184 193
173 174
181 187
102 132
22 23
254 257
102 141
131 186
87 98
68 246
152 236
95 129
55 56
106 129
147 148
27 241
207 208
180 191
188 204
139 162
220 236
239 249
169 181
205 211
121 150
70 166
169 199
110 122
84 259
113 155
54 78
90 162
43 59
183 219
176 180
124 151
36 38
65 83
206 220
65 92
88 103
20 197
21 22
50 58
114 213
166 251
78 138
46 115
113 114
18 114
25 248
54 55
61 103
90 139
31 62
146 147
94 109
32 45
0 111
131 167
183 205
165 178
135 137
95 110
56 91
28 29
65 87
102 225
157 161
120 121
65 96
166 246
138 175
29 30
180 190
9 61
220 226
160 184
260 262
98 129
2 3
70 156
172 176
31 48
39 61
72 247
171 226
39 79
52 98
175 187
3 4
32 40
115 145
131 162
94 122
16 32
132 225
95 96
194 218
29 160
127 128
123 176
152 221
187 188
36 37
216 233
5 31
68 69
2 133
117 129
29 245
97 123
160 161
37 118
209 212
42 44
4 179
50 57
220 221
69 70
8 51
98 106
101 102
189 215
150 153
7 86
172 180
111 170
43 44
246 251
135 136
16 45
87 96
19 190
127 141
49 51
25 130
193 235
227 237
5 35
109 111
3 102
68 73
26 76
114 198
168 178
29 258
79 88
201 212
241 248
197 223
27 59
201 221
99 164
143 252
142 144
143 261
42 66
242 249
205 209
253 258
60 92
171 216
104 126
32 39
34 58
69 177
215 231
72 84
16 31
19 167
161 260
175 204
101 227
176 178
30 185
53 98
81 169
9 10
216 232
177 213
2 132
20 186
209 211
257 260
36 112
42 43
8 50
89 136
143 256
150 152
142 157
68 171
38 167
75 76
104 112
140 196
15 174
121 192
52 83
234 249
242 253
67 230
175 181
45 53
16 17
64 66
44 97
45 62
115 148
161 255
196 231
44 115
5 7
5 16
49 50
109 110
3 101
89 104
177 226
197 204
26 75
189 200
50 51
201 211
127 225
71 83
73 254
11 41
71 92
210 250
142 143
8 63
140 173
151 182
157 262
12 33
21 100
52 87
104 134
14 231
15 196
72 74
152 192
116 117
20 131
101 217
245 249
155 194
30 184
208 209
166 194
245 258
57 58
167 168
66 125
78 90
55 88
130 137
149 150
105 202
218 240
70 113
118 162
79 91
139 203
163 170
182 183
211 219
163 179
85 241
123 124
3 217
252 256
45 52
64 65
10 103
51 104
47 241
185 193
142 259
108 117
5 6
122 164
156 166
214 238
173 237
245 253
229 245
126 134
207 217
135 210
178 190
48 62
105 215
218 235
48 71
73 244
38 134
151 163
192 201
151 172
44 46
222 223
120 212
157 261
1 4
181 200
141 173
244 247
236 243
119 234
66 97
119 252
18 20
0 170
55 78
107 116
64 163
5 86
11 17
139 175
180 213
191 213
76 137
207 239
38 147
14 189
41 63
255 261
21 94
149 252
81 108
125 151
37 38
93 100
94 154
68 254
30 160
66 92
195 215
35 86
158 175
51 112
96 111
73 216
178 180
77 88
11 12
191 226
121 149
221 236
15 140
232 236
10 61
162 186
181 199
103 118
155 156
51 89
119 242
155 174
206 219
18 19
229 230
55 77
188 189
59 75
251 254
76 136
40 61
76 145
137 250
90 138
25 27
203 204
84 262
32 53
217 224
85 86
195 196
141 225
35 85
152 243
124 172
136 137
258 261
47 59
96 110
108 164
22 133
37 131
77 78
199 202
27 248
0 2
105 195
228 247
61 79
61 88
24 188
26 130
24 197
62 71
149 228
84 257
232 244
243 244
159 260
173 185
143 144
43 75
95 122
17 32
133 225
158 169
17 41
64 125
124 176
102 237
144 252
117 164
13 174
4 205
80 105
42 97
25 26
72 259
68 216
39 91
0 109
165 176
35 48
80 199
87 95
143 157
127 140
235 240
64 111
187 200
56 107
156 194
56 116
179 205
9 41
136 145
6 17
99 105
2 154
197 222
23 195
220 233
38 104
80 82
78 158
205 208
172 183
42 92
91 106
224 230
171 233
123 165
175 203
246 254
21 154
53 106
179 182
54 169
141 237
187 204
17 40
46 76
102 227
6 12
22 127
89 126
13 155
168 190
3 132
89 135
42 60
189 231
30 67
90 118
242 252
253 261
69 171
100 195
202 215
124 125
183 211
35 47
113 223
95 98
56 79
115 165
10 112
101 230
44 123
65 66
56 106
144 228
117 122
216 244
6 7
93 164
186 203
197 203
97 125
6 16
9 40
209 214
58 63
20 198
21 23
201 219
119 149
39 40
27 75
134 147
4 208
31 45
182 205
74 254
242 256
253 256
54 56
83 92
22 225
159 240
13 15
13 24
146 148
72 73
94 110
57 210
43 46
183 206
80 202
15 231
208 217
227 230
28 30
46 75
197 198
138 158
6 11
49 89
50 63
135 250
1 170
1 179
159 235
234 238
39 53
190 213
83 87
120 234
67 237
115 146
49 210
161 262
113 222
108 116
18 213
53 91
116 129
28 245
256 261
49 57
114 177
68 70
149 153
185 237
97 124
238 249
29 255
119 121
27 47
171 177
82 99
134 146
31 35
60 71
82 108
163 182
234 242
1 3
212 214
115 123
13 14
18 190
196 215
70 246
93 122
101 224
142 262
193 218
229 239
54 158
138 139
126 146
19 20
186 197
189 202
207 238
249 253
11 34
36 118
107 169
219 221
52 53
14 188
52 62
157 255
21 93
81 107
74 257
133 154
34 41
67 227
93 99
145 146
19 168
26 27
155 223
207 224
259 262
48 60
238 239
159 184
119 120
37 167
148 165
218 251
128 196
46 145
120 192
211 212
120 201
240 257
152 153
160 255
144 149
1 2
233 236
173 194
93 94
113 198
125 163
153 243
34 63
18 198
28 230
226 233
177 191
159 161
126 136
8 10
147 168
166 218
126 145
170 179
64 170
37 162
11 33
77 118
69 114
219 220
148 178
140 174
172 206
192 221
120 214
19 131
184 235
54 107
153 247
0 154
193 194
23 128
59 60
96 109
0 1
207 214
47 85
191 206
48 59
251 257
36 103
139 186
200 202
184 185
128 195
33 34
150 192
67 185
232 243
224 239
24 223
13 223
82 164
130 250
173 193
122 129
28 229
