405 463
59 320
273 392
280 288
343 344
75 264
307 421
41 42
239 286
73 74
91 537
197 518
138 240
14 433
96 243
12 509
132 425
106 107
365 367
81 199
97 323
176 473
156 229
442 443
234 414
114 232
140 141
443 444
33 280
18 380
173 174
208 397
40 175
86 291
245 464
70 283
17 48
207 208
272 274
2 413
230 457
90 297
220 263
240 241
151 392
501 511
258 375
298 411
372 397
3 5
195 355
139 274
273 274
385 415
2 305
416 439
115 182
306 307
79 265
430 459
149 180
69 71
94 244
113 114
97 169
303 503
349 390
340 421
178 508
146 147
89 430
128 507
103 105
166 390
179 180
25 122
167 391
306 549
92 297
215 547
173 550
213 214
377 465
170 252
276 419
246 247
32 287
291 398
9 11
113 248
321 426
324 431
364 467
344 409
160 179
100 314
312 313
292 484
519 526
31 34
10 11
116 258
274 466
313 314
202 446
53 94
378 379
76 77
109 111
245 300
222 396
249 270
142 144
130 435
323 484
374 386
445 446
332 389
64 80
329 500
73 394
258 476
193 230
137 186
317 382
336 395
209 211
37 364
511 512
358 419
185 347
230 355
95 310
294 519
341 451
232 315
44 115
35 524
395 458
340 342
50 51
42 276
229 282
82 83
96 167
323 438
449 514
267 394
259 539
130 425
396 544
294 496
72 74
431 501
17 224
423 497
483 548
236 262
116 117
86 503
173 471
205 540
46 287
167 168
212 319
149 150
125 287
200 201
390 441
449 527
316 412
111 388
25 56
371 464
215 216
494 534
89 485
176 410
302 369
82 482
366 390
189 428
133 304
44 46
62 509
163 183
14 432
514 526
13 509
78 80
366 367
68 295
348 349
301 503
480 505
77 529
399 400
326 532
259 542
3 436
103 523
432 433
121 428
322 418
106 299
345 401
23 121
168 359
81 211
178 180
15 531
170 176
28 92
155 282
110 539
18 163
299 447
18 19
90 538
156 254
342 530
86 424
6 315
172 198
212 420
89 429
98 169
376 379
103 104
341 421
85 86
9 213
439 440
136 173
412 422
472 473
52 295
0 105
381 470
487 488
235 236
247 512
172 332
179 228
371 398
24 439
25 26
130 457
304 493
91 120
14 16
302 303
14 510
61 213
455 518
47 49
190 363
350 352
376 490
222 395
336 417
234 406
99 361
84 503
474 508
120 541
209 210
327 345
204 540
191 192
138 186
489 529
93 263
224 225
124 287
169 438
87 485
475 481
128 257
275 276
537 541
7 232
45 115
459 478
6 7
36 524
278 466
21 23
309 310
341 342
326 479
272 508
151 361
32 181
39 40
102 505
238 286
250 340
10 13
352 387
379 490
72 73
8 174
87 89
241 412
174 471
155 229
71 495
265 360
291 498
264 544
104 263
27 308
170 473
17 380
443 488
21 121
172 253
325 532
495 534
329 358
146 502
127 223
499 540
72 207
12 13
297 411
541 542
45 46
84 303
454 510
207 373
78 79
289 442
256 265
229 248
180 392
319 321
79 80
250 307
370 372
27 298
131 355
112 113
350 430
182 437
166 349
424 464
329 492
487 520
280 456
365 414
178 179
256 507
169 359
28 91
193 307
30 280
50 295
245 354
171 176
477 511
45 445
514 515
158 322
357 531
106 311
126 518
261 334
37 68
245 246
125 446
185 460
398 424
278 279
248 516
110 286
41 43
91 538
232 248
348 459
251 383
2 87
41 164
426 500
97 324
104 220
417 451
377 378
107 374
221 396
118 383
252 383
291 311
184 185
54 255
168 240
175 401
381 469
76 507
325 345
410 532
43 101
5 483
65 534
434 517
179 227
378 436
144 269
251 252
240 242
479 524
284 285
16 205
195 356
14 15
346 525
299 413
56 277
310 422
416 440
15 16
47 48
190 362
350 351
48 49
99 360
46 125
351 352
337 417
81 82
191 479
384 385
153 452
8 134
233 481
345 393
392 474
134 475
147 148
406 408
69 494
142 335
450 451
442 447
334 505
242 278
181 182
321 427
188 428
21 22
387 408
37 146
312 314
285 360
311 498
38 111
10 12
54 55
63 140
87 88
326 370
186 359
337 528
76 78
201 375
67 295
88 89
72 373
11 214
325 410
47 545
249 271
121 122
71 530
153 154
266 360
132 216
192 267
383 472
75 127
286 539
187 188
118 317
193 231
427 434
263 448
176 300
303 520
17 19
148 502
93 386
253 375
287 288
319 320
31 182
465 523
50 52
342 489
320 321
350 429
88 429
126 455
273 474
353 354
318 482
109 259
116 118
300 464
113 229
330 492
149 151
374 498
488 520
419 420
57 333
50 294
257 507
171 175
99 186
458 533
183 185
461 538
215 217
46 445
261 333
203 508
37 67
241 391
48 225
107 311
125 445
26 57
11 194
171 332
122 439
95 422
429 447
529 534
31 437
303 487
514 527
326 327
59 212
233 248
177 347
24 25
243 292
149 285
56 57
15 205
53 317
393 502
404 511
417 450
68 296
60 212
320 517
90 91
275 402
161 380
479 546
268 362
191 524
426 427
184 485
144 412
23 122
156 157
96 292
43 100
459 460
44 181
183 525
41 212
107 386
338 435
65 160
222 223
326 546
221 264
118 251
231 457
19 165
373 397
404 501
57 277
327 546
293 404
13 356
150 361
156 255
281 286
49 165
282 516
40 345
106 290
338 533
58 399
373 374
369 520
9 214
154 452
21 188
135 173
233 516
406 407
130 131
136 174
387 430
22 188
342 544
352 408
152 154
196 197
121 432
441 522
131 216
382 472
1 106
280 281
224 380
218 220
43 368
277 535
114 248
201 518
295 296
305 346
251 375
153 477
426 492
347 348
301 497
234 407
486 542
237 332
417 528
262 505
110 111
143 144
159 534
66 77
112 422
158 160
206 465
29 51
489 530
373 498
224 226
124 288
335 471
494 495
252 473
52 119
17 18
7 233
165 441
6 8
31 181
36 296
101 505
55 309
235 505
103 206
353 497
75 489
148 393
347 459
358 468
84 85
261 535
268 394
225 469
112 412
133 206
186 361
330 491
117 118
76 80
204 531
363 524
150 151
173 543
126 202
332 536
183 184
196 239
216 217
296 362
116 251
1 413
149 284
48 381
15 204
309 422
314 351
315 316
283 549
150 285
256 266
467 486
289 299
61 63
38 345
179 284
98 359
112 114
276 402
288 456
94 96
382 383
74 267
297 461
60 368
415 416
24 122
496 526
448 449
239 455
338 434
65 159
189 454
477 512
34 437
319 420
20 129
238 388
264 489
245 247
204 331
150 360
323 431
513 528
20 21
144 316
391 422
157 255
139 466
355 356
53 54
177 349
377 523
384 419
388 389
393 504
254 309
116 375
377 379
436 465
409 448
176 246
119 120
82 318
22 187
260 504
168 241
134 136
293 501
152 153
8 145
455 456
441 521
246 462
423 503
220 409
218 219
251 253
521 522
219 220
391 412
491 499
462 472
300 410
400 497
247 404
240 279
18 166
252 253
431 484
358 500
132 453
218 376
131 457
59 60
95 391
269 278
41 420
243 405
30 32
175 536
160 227
7 134
81 83
125 126
377 490
11 549
158 159
235 262
365 408
159 160
69 495
106 413
113 309
467 541
371 424
318 418
242 279
0 108
252 472
225 226
432 439
110 388
15 416
190 268
370 464
154 431
327 502
177 185
343 483
362 496
101 275
1 108
133 493
199 209
259 260
37 147
346 493
292 293
63 141
162 183
139 279
313 352
64 285
325 326
357 358
103 133
367 408
72 374
226 469
77 489
298 308
77 80
103 218
217 356
423 424
180 474
242 269
147 260
400 477
493 525
451 528
75 128
283 306
155 157
433 510
187 189
261 403
515 548
427 435
256 324
268 527
85 442
221 223
27 92
13 194
112 316
382 405
105 133
28 29
325 401
376 483
142 316
128 152
61 62
354 464
280 286
130 427
290 299
62 63
94 95
198 332
452 477
12 62
397 398
109 260
356 509
95 96
368 520
127 128
265 507
67 119
57 334
343 548
161 162
81 318
114 315
194 195
351 444
105 123
395 450
88 299
227 228
244 317
178 228
249 517
23 25
163 185
153 400
126 446
261 262
414 441
433 454
379 483
145 316
24 26
243 293
208 372
294 295
319 468
59 249
404 512
2 123
26 480
154 257
158 227
425 491
229 516
90 92
134 135
360 361
9 140
522 545
312 406
124 126
55 255
247 462
407 414
424 503
370 532
343 515
194 306
201 202
167 438
58 302
36 363
190 192
281 539
214 549
234 235
11 306
344 515
237 389
463 472
395 417
267 268
19 166
506 513
293 405
6 232
219 376
198 253
30 31
457 513
350 387
35 146
289 291
67 364
333 334
540 547
20 23
244 405
31 32
61 140
250 421
64 65
468 500
365 407
271 400
97 98
130 132
244 382
135 475
490 523
28 120
143 335
190 267
196 198
121 433
301 400
1 107
111 504
47 339
327 393
119 364
239 280
270 533
4 5
85 487
5 378
313 351
64 284
39 111
215 453
328 479
353 423
219 343
347 349
131 230
70 71
329 331
124 456
217 355
14 440
148 260
155 156
137 138
382 463
188 189
72 386
170 171
29 52
221 222
112 315
254 255
319 500
231 307
55 310
36 68
0 2
199 211
344 449
489 544
347 460
51 52
84 86
0 123
191 328
231 513
416 531
103 220
290 311
351 443
40 401
367 387
25 129
296 363
396 450
79 285
377 436
143 269
93 448
346 485
145 315
223 270
154 256
144 242
196 518
56 129
58 59
162 525
139 392
207 267
123 304
197 253
91 92
142 174
140 213
135 543
336 533
124 125
307 506
55 254
66 529
60 369
57 480
313 406
152 223
204 499
116 157
496 527
239 456
190 191
247 353
79 360
178 482
344 514
160 284
246 473
385 402
526 527
238 389
109 504
256 257
397 498
102 235
268 496
289 290
155 476
20 22
3 378
290 291
127 264
398 498
53 55
138 279
35 37
323 324
231 506
145 174
271 399
289 447
83 199
28 119
52 67
216 355
120 467
301 399
444 447
495 529
153 271
357 415
122 432
230 231
302 399
348 366
225 381
163 177
48 339
208 328
462 473
174 335
302 520
53 310
70 250
65 284
216 453
202 518
297 298
329 330
300 532
354 423
27 28
124 455
30 33
330 331
362 363
367 478
328 370
236 403
75 77
275 480
395 396
8 136
464 532
15 440
524 546
39 388
506 528
164 419
403 521
314 443
429 430
467 542
50 519
415 531
462 463
73 93
98 186
432 440
234 312
193 194
166 177
453 499
294 362
394 449
385 480
0 1
292 438
58 271
10 194
344 448
235 312
127 221
529 530
154 324
33 34
30 288
192 207
431 452
222 458
343 376
543 550
200 476
452 511
89 459
325 327
414 521
67 68
191 363
192 328
226 470
137 392
517 533
100 101
113 156
58 369
43 60
66 80
211 318
196 455
425 427
195 230
331 499
430 478
419 468
13 195
232 233
337 435
452 501
265 266
148 504
19 390
127 152
113 254
279 466
144 241
357 385
282 476
53 244
12 63
365 366
364 486
117 157
228 482
333 535
161 163
86 398
401 410
350 444
85 289
6 145
105 304
119 467
339 470
109 539
110 238
272 273
394 527
84 487
117 255
450 544
3 4
208 373
35 36
139 273
294 296
320 434
497 512
304 346
115 181
36 37
210 418
365 441
371 372
425 492
73 449
69 70
94 243
149 179
101 102
404 405
96 438
9 141
108 263
29 119
368 488
159 494
32 44
402 480
135 136
153 270
247 463
10 141
7 481
435 513
341 506
168 169
314 488
349 366
165 545
234 236
387 478
88 447
262 334
72 93
97 266
337 513
537 538
9 10
71 250
42 43
334 480
165 522
206 523
301 303
499 547
157 258
75 76
228 318
64 66
42 164
12 141
97 99
109 110
496 519
331 531
163 166
142 143
41 60
24 416
178 474
147 486
175 176
99 266
64 79
66 534
35 546
184 346
74 394
87 413
241 242
321 500
19 49
102 312
5 379
218 523
223 458
275 505
435 457
87 305
16 510
219 344
38 40
342 451
428 454
340 341
453 547
42 275
1 386
328 372
339 381
26 415
137 139
82 203
236 261
425 426
475 543
407 408
170 172
168 391
76 128
491 492
442 487
420 468
471 550
384 402
227 418
54 118
357 384
237 239
293 484
201 258
218 490
44 45
336 338
171 536
152 257
138 359
353 512
29 308
100 368
162 163
38 393
44 287
453 491
169 323
152 270
198 237
219 409
438 484
210 211
74 207
305 485
331 357
243 244
184 460
404 463
51 308
451 544
321 434
58 60
341 528
73 448
155 258
460 485
211 418
366 441
123 305
40 536
482 508
137 361
197 375
120 537
38 504
442 444
112 309
42 101
26 385
421 506
33 281
4 483
0 104
352 406
85 291
210 322
311 374
411 461
270 458
21 428
17 49
301 302
371 397
183 346
54 317
389 536
301 423
78 265
65 66
340 530
59 517
147 364
368 369
98 99
24 415
236 414
131 132
249 533
264 396
260 542
165 390
146 148
434 435
495 530
78 507
330 499
108 386
197 198
263 409
348 367
88 413
276 384
502 546
32 288
38 39
132 491
354 424
27 29
30 34
151 180
104 105
200 258
4 548
39 389
164 420
138 139
83 203
266 324
277 333
164 276
171 172
142 145
204 205
443 487
403 414
348 478
54 117
172 252
93 108
193 195
23 129
137 151
237 238
196 237
228 418
317 383
358 384
238 239
197 201
403 535
270 271
329 357
429 444
260 486
492 500
192 208
102 314
94 310
1 2
203 482
89 460
304 305
484 501
370 479
336 337
246 300
90 461
58 249
337 338
95 167
272 474
100 102
49 545
250 306
477 497
336 458
370 371
27 297
227 322
71 340
104 108
39 536
35 502
17 225
134 481
100 488
428 433
167 169
212 320
250 283
469 470
193 306
200 202
245 353
18 161
25 57
338 517
175 410
7 8
240 359
405 463
59 320
273 392
280 288
343 344
75 264
307 421
41 42
239 286
73 74
91 537
197 518
138 240
14 433
96 243
12 509
132 425
106 107
365 367
81 199
97 323
176 473
156 229
442 443
234 414
114 232
140 141
443 444
33 280
18 380
173 174
208 397
40 175
86 291
245 464
70 283
17 48
207 208
272 274
2 413
230 457
90 297
220 263
240 241
151 392
501 511
258 375
298 411
372 397
3 5
195 355
139 274
273 274
385 415
2 305
416 439
115 182
306 307
79 265
430 459
149 180
69 71
94 244
113 114
97 169
303 503
349 390
340 421
178 508
146 147
89 430
128 507
103 105
166 390
179 180
25 122
167 391
306 549
92 297
215 547
173 550
213 214
377 465
170 252
276 419
246 247
32 287
291 398
9 11
113 248
321 426
324 431
364 467
344 409
160 179
100 314
312 313
292 484
519 526
31 34
10 11
116 258
274 466
313 314
202 446
53 94
378 379
76 77
109 111
245 300
222 396
249 270
142 144
130 435
323 484
374 386
445 446
332 389
64 80
329 500
73 394
258 476
193 230
137 186
317 382
336 395
209 211
37 364
511 512
358 419
185 347
230 355
95 310
294 519
341 451
232 315
44 115
35 524
395 458
340 342
50 51
42 276
229 282
82 83
96 167
323 438
449 514
267 394
259 539
130 425
396 544
294 496
72 74
431 501
17 224
423 497
483 548
236 262
116 117
86 503
173 471
205 540
46 287
167 168
212 319
149 150
125 287
200 201
390 441
449 527
316 412
111 388
25 56
371 464
215 216
494 534
89 485
176 410
302 369
82 482
366 390
189 428
133 304
44 46
62 509
163 183
14 432
514 526
13 509
78 80
366 367
68 295
348 349
301 503
480 505
77 529
399 400
326 532
259 542
3 436
103 523
432 433
121 428
322 418
106 299
345 401
23 121
168 359
81 211
178 180
15 531
170 176
28 92
155 282
110 539
18 163
299 447
18 19
90 538
156 254
342 530
86 424
6 315
172 198
212 420
89 429
98 169
376 379
103 104
341 421
85 86
9 213
439 440
136 173
412 422
472 473
52 295
0 105
381 470
487 488
235 236
247 512
172 332
179 228
371 398
24 439
25 26
130 457
304 493
91 120
14 16
302 303
14 510
61 213
455 518
47 49
190 363
350 352
376 490
222 395
336 417
234 406
99 361
84 503
474 508
120 541
209 210
327 345
204 540
191 192
138 186
489 529
93 263
224 225
124 287
169 438
87 485
475 481
128 257
275 276
537 541
7 232
45 115
459 478
6 7
36 524
278 466
21 23
309 310
341 342
326 479
272 508
151 361
32 181
39 40
102 505
238 286
250 340
10 13
352 387
379 490
72 73
8 174
87 89
241 412
174 471
155 229
71 495
265 360
291 498
264 544
104 263
27 308
170 473
17 380
443 488
21 121
172 253
325 532
495 534
329 358
146 502
127 223
499 540
72 207
12 13
297 411
541 542
45 46
84 303
454 510
207 373
78 79
289 442
256 265
229 248
180 392
319 321
79 80
250 307
370 372
27 298
131 355
112 113
350 430
182 437
166 349
424 464
329 492
487 520
280 456
365 414
178 179
256 507
169 359
28 91
193 307
30 280
50 295
245 354
171 176
477 511
45 445
514 515
158 322
357 531
106 311
126 518
261 334
37 68
245 246
125 446
185 460
398 424
278 279
248 516
110 286
41 43
91 538
232 248
348 459
251 383
2 87
41 164
426 500
97 324
104 220
417 451
377 378
107 374
221 396
118 383
252 383
291 311
184 185
54 255
168 240
175 401
381 469
76 507
325 345
410 532
43 101
5 483
65 534
434 517
179 227
378 436
144 269
251 252
240 242
479 524
284 285
16 205
195 356
14 15
346 525
299 413
56 277
310 422
416 440
15 16
47 48
190 362
350 351
48 49
99 360
46 125
351 352
337 417
81 82
191 479
384 385
153 452
8 134
233 481
345 393
392 474
134 475
147 148
406 408
69 494
142 335
450 451
442 447
334 505
242 278
181 182
321 427
188 428
21 22
387 408
37 146
312 314
285 360
311 498
38 111
10 12
54 55
63 140
87 88
326 370
186 359
337 528
76 78
201 375
67 295
88 89
72 373
11 214
325 410
47 545
249 271
121 122
71 530
153 154
266 360
132 216
192 267
383 472
75 127
286 539
187 188
118 317
193 231
427 434
263 448
176 300
303 520
17 19
148 502
93 386
253 375
287 288
319 320
31 182
465 523
50 52
342 489
320 321
350 429
88 429
126 455
273 474
353 354
318 482
109 259
116 118
300 464
113 229
330 492
149 151
374 498
488 520
419 420
57 333
50 294
257 507
171 175
99 186
458 533
183 185
461 538
215 217
46 445
261 333
203 508
37 67
241 391
48 225
107 311
125 445
26 57
11 194
171 332
122 439
95 422
429 447
529 534
31 437
303 487
514 527
326 327
59 212
233 248
177 347
24 25
243 292
149 285
56 57
15 205
53 317
393 502
404 511
417 450
68 296
60 212
320 517
90 91
275 402
161 380
479 546
268 362
191 524
426 427
184 485
144 412
23 122
156 157
96 292
43 100
459 460
44 181
183 525
41 212
107 386
338 435
65 160
222 223
326 546
221 264
118 251
231 457
19 165
373 397
404 501
57 277
327 546
293 404
13 356
150 361
156 255
281 286
49 165
282 516
40 345
106 290
338 533
58 399
373 374
369 520
9 214
154 452
21 188
135 173
233 516
406 407
130 131
136 174
387 430
22 188
342 544
352 408
152 154
196 197
121 432
441 522
131 216
382 472
1 106
280 281
224 380
218 220
43 368
277 535
114 248
201 518
295 296
305 346
251 375
153 477
426 492
347 348
301 497
234 407
486 542
237 332
417 528
262 505
110 111
143 144
159 534
66 77
112 422
158 160
206 465
29 51
489 530
373 498
224 226
124 288
335 471
494 495
252 473
52 119
17 18
7 233
165 441
6 8
31 181
36 296
101 505
55 309
235 505
103 206
353 497
75 489
148 393
347 459
358 468
84 85
261 535
268 394
225 469
112 412
133 206
186 361
330 491
117 118
76 80
204 531
363 524
150 151
173 543
126 202
332 536
183 184
196 239
216 217
296 362
116 251
1 413
149 284
48 381
15 204
309 422
314 351
315 316
283 549
150 285
256 266
467 486
289 299
61 63
38 345
179 284
98 359
112 114
276 402
288 456
94 96
382 383
74 267
297 461
60 368
415 416
24 122
496 526
448 449
239 455
338 434
65 159
189 454
477 512
34 437
319 420
20 129
238 388
264 489
245 247
204 331
150 360
323 431
513 528
20 21
144 316
391 422
157 255
139 466
355 356
53 54
177 349
377 523
384 419
388 389
393 504
254 309
116 375
377 379
436 465
409 448
176 246
119 120
82 318
22 187
260 504
168 241
134 136
293 501
152 153
8 145
455 456
441 521
246 462
423 503
220 409
218 219
251 253
521 522
219 220
391 412
491 499
462 472
300 410
400 497
247 404
240 279
18 166
252 253
431 484
358 500
132 453
218 376
131 457
59 60
95 391
269 278
41 420
243 405
30 32
175 536
160 227
7 134
81 83
125 126
377 490
11 549
158 159
235 262
365 408
159 160
69 495
106 413
113 309
467 541
371 424
318 418
242 279
0 108
252 472
225 226
432 439
110 388
15 416
190 268
370 464
154 431
327 502
177 185
343 483
362 496
101 275
1 108
133 493
199 209
259 260
37 147
346 493
292 293
63 141
162 183
139 279
313 352
64 285
325 326
357 358
103 133
367 408
72 374
226 469
77 489
298 308
77 80
103 218
217 356
423 424
180 474
242 269
147 260
400 477
493 525
451 528
75 128
283 306
155 157
433 510
187 189
261 403
515 548
427 435
256 324
268 527
85 442
221 223
27 92
13 194
112 316
382 405
105 133
28 29
325 401
376 483
142 316
128 152
61 62
354 464
280 286
130 427
290 299
62 63
94 95
198 332
452 477
12 62
397 398
109 260
356 509
95 96
368 520
127 128
265 507
67 119
57 334
343 548
161 162
81 318
114 315
194 195
351 444
105 123
395 450
88 299
227 228
244 317
178 228
249 517
23 25
163 185
153 400
126 446
261 262
414 441
433 454
379 483
145 316
24 26
243 293
208 372
294 295
319 468
59 249
404 512
2 123
26 480
154 257
158 227
425 491
229 516
90 92
134 135
360 361
9 140
522 545
312 406
124 126
55 255
247 462
407 414
424 503
370 532
343 515
194 306
201 202
167 438
58 302
36 363
190 192
281 539
214 549
234 235
11 306
344 515
237 389
463 472
395 417
267 268
19 166
506 513
293 405
6 232
219 376
198 253
30 31
457 513
350 387
35 146
289 291
67 364
333 334
540 547
20 23
244 405
31 32
61 140
250 421
64 65
468 500
365 407
271 400
97 98
130 132
244 382
135 475
490 523
28 120
143 335
190 267
196 198
121 433
301 400
1 107
111 504
47 339
327 393
119 364
239 280
270 533
4 5
85 487
5 378
313 351
64 284
39 111
215 453
328 479
353 423
219 343
347 349
131 230
70 71
329 331
124 456
217 355
14 440
148 260
155 156
137 138
382 463
188 189
72 386
170 171
29 52
221 222
112 315
254 255
319 500
231 307
55 310
36 68
0 2
199 211
344 449
489 544
347 460
51 52
84 86
0 123
191 328
231 513
416 531
103 220
290 311
351 443
40 401
367 387
25 129
296 363
396 450
79 285
377 436
143 269
93 448
346 485
145 315
223 270
154 256
144 242
196 518
56 129
58 59
162 525
139 392
207 267
123 304
197 253
91 92
142 174
140 213
135 543
336 533
124 125
307 506
55 254
66 529
60 369
57 480
313 406
152 223
204 499
116 157
496 527
239 456
190 191
247 353
79 360
178 482
344 514
160 284
246 473
385 402
526 527
238 389
109 504
256 257
397 498
102 235
268 496
289 290
155 476
20 22
3 378
290 291
127 264
398 498
53 55
138 279
35 37
323 324
231 506
145 174
271 399
289 447
83 199
28 119
52 67
216 355
120 467
301 399
444 447
495 529
153 271
357 415
122 432
230 231
302 399
348 366
225 381
163 177
48 339
208 328
462 473
174 335
302 520
53 310
70 250
65 284
216 453
202 518
297 298
329 330
300 532
354 423
27 28
124 455
30 33
330 331
362 363
367 478
328 370
236 403
75 77
275 480
395 396
8 136
464 532
15 440
524 546
39 388
506 528
164 419
403 521
314 443
429 430
467 542
50 519
415 531
462 463
73 93
98 186
432 440
234 312
193 194
166 177
453 499
294 362
394 449
385 480
0 1
292 438
58 271
10 194
344 448
235 312
127 221
529 530
154 324
33 34
30 288
192 207
431 452
222 458
343 376
543 550
200 476
452 511
89 459
325 327
414 521
67 68
191 363
192 328
226 470
137 392
517 533
100 101
113 156
58 369
43 60
66 80
211 318
196 455
425 427
195 230
331 499
430 478
419 468
13 195
232 233
337 435
452 501
265 266
148 504
19 390
127 152
113 254
279 466
144 241
357 385
282 476
53 244
12 63
365 366
364 486
117 157
228 482
333 535
161 163
86 398
401 410
350 444
85 289
6 145
105 304
119 467
339 470
109 539
110 238
272 273
394 527
84 487
117 255
450 544
3 4
208 373
35 36
139 273
294 296
320 434
497 512
304 346
115 181
36 37
210 418
365 441
371 372
425 492
73 449
69 70
94 243
149 179
101 102
404 405
96 438
9 141
108 263
29 119
368 488
159 494
32 44
402 480
135 136
153 270
247 463
10 141
7 481
435 513
341 506
168 169
314 488
349 366
165 545
234 236
387 478
88 447
262 334
72 93
97 266
337 513
537 538
9 10
71 250
42 43
334 480
165 522
206 523
301 303
499 547
157 258
75 76
228 318
64 66
42 164
12 141
97 99
109 110
496 519
331 531
163 166
142 143
41 60
24 416
178 474
147 486
175 176
99 266
64 79
66 534
35 546
184 346
74 394
87 413
241 242
321 500
19 49
102 312
5 379
218 523
223 458
275 505
435 457
87 305
16 510
219 344
38 40
342 451
428 454
340 341
453 547
42 275
1 386
328 372
339 381
26 415
137 139
82 203
236 261
425 426
475 543
407 408
170 172
168 391
76 128
491 492
442 487
420 468
471 550
384 402
227 418
54 118
357 384
237 239
293 484
201 258
218 490
44 45
336 338
171 536
152 257
138 359
353 512
29 308
100 368
162 163
38 393
44 287
453 491
169 323
152 270
198 237
219 409
438 484
210 211
74 207
305 485
331 357
243 244
184 460
404 463
51 308
451 544
321 434
58 60
341 528
73 448
155 258
460 485
211 418
366 441
123 305
40 536
482 508
137 361
197 375
120 537
38 504
442 444
112 309
42 101
26 385
421 506
33 281
4 483
0 104
352 406
85 291
210 322
311 374
411 461
270 458
21 428
17 49
301 302
371 397
183 346
54 317
389 536
301 423
78 265
65 66
340 530
59 517
147 364
368 369
98 99
24 415
236 414
131 132
249 533
264 396
260 542
165 390
146 148
434 435
495 530
78 507
330 499
108 386
197 198
263 409
348 367
88 413
276 384
502 546
32 288
38 39
132 491
354 424
27 29
30 34
151 180
104 105
200 258
4 548
39 389
164 420
138 139
83 203
266 324
277 333
164 276
171 172
142 145
204 205
443 487
403 414
348 478
54 117
172 252
93 108
193 195
23 129
137 151
237 238
196 237
228 418
317 383
358 384
238 239
197 201
403 535
270 271
329 357
429 444
260 486
492 500
192 208
102 314
94 310
1 2
203 482
89 460
304 305
484 501
370 479
336 337
246 300
90 461
58 249
337 338
95 167
272 474
100 102
49 545
250 306
477 497
336 458
370 371
27 297
227 322
71 340
104 108
39 536
35 502
17 225
134 481
100 488
428 433
167 169
212 320
250 283
469 470
193 306
200 202
245 353
18 161
25 57
338 517
175 410
7 8
240 359