82.229706 -35.460758 85.348106
81.619698 -43.198017 76.510155
85.734543 -31.461771 76.7957
35.315041 38.780464 17.370113
35.558514 41.501209 27.197369
42.436867 39.045197 22.448805
103.332108 -18.147747 15.344749
95.374268 -19.968702 7.260118
99.009987 -9.592645 12.088395
83.495171 -19.686811 0.00796
83.174133 -12.940673 0.019785
87.916794 -17.827406 2.450282
-44.63776 -28.221508 135.818558
-47.392899 -36.451015 136.322525
-42.449123 -31.514507 129.901474
-75.522324 50.891388 187.459534
-74.752281 58.030804 189.879929
-81.465408 53.720093 188.660614
-77.123306 -12.030262 0.015002
-75.918594 -14.261498 0.015
-71.842026 -12.676671 2.670474
53.487144 -66.986961 23.99822
44.942852 -70.045403 18.66659
51.917896 -63.936852 13.996296
-76.999008 -9.844339 0.011096
-13.113742 3.077055 118.476776
-21.751446 -3.656117 121.496689
-10.902333 -8.089797 121.848076
-54.849903 -37.145763 27.858473
-54.900742 -47.371582 33.638432
-63.633247 -39.178429 32.614712
56.219513 6.237881 0.015
54.070004 10.49796 0.016761
57.715069 9.478211 2.438303
-82.25457 20.475126 173.88858
-77.442528 27.488287 178.645554
-84.243896 28.509567 174.412735
42.836227 -8.783043 126.910637
39.818062 -17.157578 128.601471
48.387764 -16.284067 125.268082
24.525631 -70.053169 6.313901
21.921457 -68.769302 0.014505
28.185797 -67.298332 0.01445
-25.740019 3.530178 190.03334
-29.973873 4.788046 189.734741
-30.701685 -0.072638 186.510605
-89.543564 -3.269688 49.295654
-95.63324 -8.905406 55.834389
-93.183685 -0.738834 56.943344
-7.801902 39.752247 17.791544
-5.252522 45.629967 28.58502
3.061281 43.561066 19.243937
87.918388 -5.171471 51.353809
85.17701 1.445524 46.481491
85.06868 2.321871 55.524193
24.300999 -83.065872 64.351395
33.305779 -81.697487 58.166931
34.006374 -80.277443 68.766312
-83.993492 44.610828 174.124603
-83.85804 49.272793 182.635025
-82.193794 53.304699 176.482468
-80.427383 17.70063 79.214783
-76.104813 21.068285 71.952751
-82.728462 17.357763 68.771622
-51.497887 -58.456013 93.878975
-60.363068 -56.837502 98.68145
-60.496956 -60.685207 88.918854
47.070892 30.218111 6.650368
49.868599 24.105181 0.014589
42.914848 29.718592 0.02116
31.987228 31.599701 0.014643
26.502039 34.364643 4.308606
36.812637 33.949455 6.708775
-60.695004 -30.765791 0.014478
-56.204273 -25.994274 5.92669
-63.972092 -26.131929 0.015056
60.479256 -49.072174 105.993423
58.972099 -42.527222 113.22538
51.589218 -49.470856 111.801735
-7.791535 -73.706856 46.151104
-13.923817 -66.526886 50.739567
-11.010286 -65.780464 40.319992
-80.649826 4.190959 43.812706
-87.532959 6.673584 54.666618
-46.428581 -4.848861 175.998978
-34.853336 -5.4759 178.449936
-40.88805 2.434037 181.522217
5.664021 24.187559 178.807266
1.279671 27.470308 181.542191
6.786679 29.76778 184.668671
3.233284 32.392086 200.115646
0.367607 28.748339 201.647568
3.41838 27.937426 196.013901
38.908489 -64.346016 91.995041
34.294857 -61.032616 98.373688
28.811758 -64.012405 93.540581
86.404427 -26.665874 2.178482
94.405922 -31.30826 8.342031
85.058571 -36.007751 4.967271
-53.851658 10.736864 118.498039
-49.14455 14.509231 114.394455
-54.933613 14.856703 112.253029
-72.949951 65.769135 163.282074
-69.075287 69.315247 166.801514
-67.69175 60.36364 164.590927
-81.671623 41.700249 163.796097
-79.690033 53.149395 166.894226
-77.331734 46.457634 157.760529
74.046989 -52.476448 81.858643
64.581375 -58.51049 86.760559
68.339905 -60.774982 75.776802
-98.104233 -34.303108 91.01857
-97.988304 -38.025562 81.83374
-94.732185 -41.687042 87.961067
47.172607 -63.836605 0.015496
50.295513 -61.945744 6.181634
42.704147 -66.445206 8.707147
-47.448074 26.217707 92.056564
-42.890808 22.679873 101.997887
-37.808872 26.339005 93.192062
-1.643469 46.259823 74.113991
-2.938097 51.070133 66.266136
-8.871099 47.602119 70.4907
37.87746 28.052301 90.685051
27.988964 28.255377 93.150085
34.713356 25.095072 100.168182
3.227286 -54.139446 110.729446
-5.871696 -51.024593 110.132019
-2.969458 -58.370705 101.437653
7.812709 -2.242849 124.731201
0.044489 -10.991764 124.569855
10.842783 -12.951673 127.610664
-8.634834 -33.648838 120.252129
-16.965607 -39.00882 116.031021
-7.575768 -43.211411 115.76992
-69.030121 28.616165 151.294327
-71.514259 20.275877 149.008606
-74.913719 27.049139 150.679184
59.052917 -8.11849 117.753693
63.161297 -0.039889 112.163322
54.005238 1.001833 118.245552
-52.277374 -41.57814 13.715786
-51.539703 -32.147938 12.061632
-57.7015 -36.419765 6.225197
80.662659 -44.266048 11.128663
75.588753 -36.012241 0.02083
-68.55101 -63.27507 61.837215
-77.190331 -60.648651 65.501671
-74.498955 -59.590439 57.562393
-41.562428 -22.977774 131.952698
-36.650887 -26.481077 125.934685
-36.798111 -17.12207 127.42717
76.672539 -53.574692 70.736664
29.876839 -34.064537 128.366867
39.937447 -33.926476 126.993668
35.197071 -25.400669 129.194382
-47.734192 11.833855 29.369745
-49.158646 15.078773 36.590626
-41.393742 16.014036 34.243999
-78.133987 37.75774 155.79184
-51.318283 -53.449165 104.314857
-60.073116 -57.967354 108.522919
-63.519939 -41.680462 3.761447
-68.670692 -43.386147 0.020115
-65.529549 -50.571983 4.208838
-81.716164 22.444958 155.428528
-78.602776 30.695009 153.728806
-33.495937 12.755463 116.029099
-33.95697 19.886538 107.709076
-42.340714 17.158035 111.97657
-41.678608 -42.61808 118.534851
-48.729244 -48.508148 122.094841
-46.027046 -48.744942 112.57415
-33.571198 27.785112 58.275936
-45.89962 25.30261 55.031685
-40.362904 28.361029 66.383858
20.892912 48.921085 50.342346
20.471081 47.622337 40.139519
12.305121 50.315578 45.135864
-27.138781 -0.180022 159.01622
-27.946985 -5.784259 168.428299
-32.530647 -7.172124 159.31749
88.585762 -35.318497 50.060181
89.119583 -39.409611 41.66127
96.16674 -33.150337 44.829247
-17.4862 16.514332 196.838577
-21.401432 11.816702 194.618744
-14.832461 13.078588 194.609695
78.300415 -33.300632 0.01434
-9.847406 11.604612 184.102905
-8.592425 8.821278 176.107803
-3.957549 14.255024 180.993668
-68.010696 73.218193 191.148575
-73.563828 65.632576 192.531281
-67.865974 63.578465 187.132248
-45.050167 -52.748924 30.090042
-48.662014 -56.02457 39.5882
-84.944885 25.81525 166.38414
-84.425621 16.463108 165.283691
-28.916105 -21.577944 123.704239
-30.417442 -31.182985 121.17347
-81.521324 -55.601818 57.934402
-85.287735 -54.954391 67.413361
-88.844025 -48.354458 59.365734
-18.725555 -60.912586 43.584785
59.166801 -49.507698 0.01225
61.639931 -44.94149 0.0084
63.528061 -47.889633 3.277564
80.592705 -29.754948 0.015111
-58.257694 -49.480076 146.65448
-53.233746 -43.757645 141.977448
-54.576073 -42.375904 152.803619
12.56456 14.170843 115.661583
16.51898 6.053003 122.685738
20.680426 13.133749 117.701057
23.786974 -74.616127 81.948456
31.759855 -69.419807 86.025688
21.542156 -67.907005 88.56691
-75.52269 -55.436668 50.617611
56.137314 27.742861 81.144836
63.822514 26.510426 73.668335
54.367275 32.681255 70.741898
83.634247 -42.954403 48.920937
84.981133 -39.58353 57.42115
-43.869057 9.335005 120.076363
-33.318138 1.58828 122.699196
-33.486618 -63.029087 62.138287
-34.179996 -63.338249 73.17083
-44.080814 -64.765099 67.390518
20.368811 33.528332 0.01478
18.033211 36.858368 6.897113
-60.530098 -63.513912 56.548611
-59.334198 -65.669746 67.287537
-21.956268 3.667185 186.294067
-58.247391 -2.770439 15.647702
-57.277245 -1.731917 22.768255
-53.52235 4.270827 17.797401
81.971207 10.266854 59.701767
85.227165 3.034369 64.8237
-69.642326 6.909866 37.772732
-72.852829 13.496339 45.014359
-67.156128 12.062487 147.340775
-65.604279 15.293259 157.301605
-28.118374 -63.080372 6.218589
-36.29604 -63.480118 0.015332
-31.123676 -62.961361 0.01346
-10.86408 -78.545815 0.014024
-9.870092 -72.283829 9.465539
-19.41361 -71.641899 4.18404
-96.012352 0.153161 125.681335
-91.781868 1.150894 137.346939
-86.113243 6.497319 130.445847
-35.68615 25.687204 3.537327
-28.28175 30.61529 5.74943
-34.891342 34.3288 0.015
-15.106038 7.035655 164.614746
-18.696741 1.173628 164.412292
-22.779163 9.014376 162.072235
16.793968 -78.863976 78.324661
24.80632 -80.285057 74.190849
77.420441 -49.418365 21.028807
73.086205 -48.755165 14.245628
-21.648449 36.600071 4.149913
-30.4084 37.786156 0.016293
-101.742584 -39.588482 152.725281
-97.266991 -34.735439 158.772568
-103.85289 -31.237106 151.91478
8.247936 44.707161 77.297478
12.180746 50.342869 69.10923
4.317027 50.14352 70.227798
-89.246834 -28.711849 163.1884
-89.539474 -38.079273 161.770172
-20.486177 32.833115 9.768371
-62.973595 -17.306652 6.449028
-69.739815 -21.132675 0.015165
53.79884 -69.561577 34.196209
61.14399 -63.462814 29.899038
104.708832 -10.27386 19.47349
108.069977 -16.90391 24.074638
23.238049 -83.727936 53.653744
12.992844 -83.393082 48.824753
22.161442 -82.871162 42.916534
99.97287 -1.34983 20.749752
-71.890106 -4.033481 3.06722
-91.356697 -70.07132 137.493912
-83.521965 -70.354836 139.646286
-87.321121 -66.632782 143.874207
36.203003 -72.118095 14.388422
-50.697044 -51.576344 14.708263
-54.090767 -60.22411 7.849855
-44.617226 -58.806244 12.039347
-100.314217 -13.948583 144.723083
-101.503334 -12.283663 136.466263
-103.687622 -20.056322 139.131485
93.357491 2.904264 18.489582
85.979843 5.119753 16.808491
91.59832 3.846079 25.647314
2.151497 23.230673 189.781921
5.928359 28.701847 190.507385
-39.342701 17.758884 5.367751
-41.292847 20.474958 0.01566
-43.768421 15.587165 0.015468
-61.529873 9.496245 0.010545
-67.058411 3.330799 2.738781
-56.682446 5.485742 8.22699
-105.405159 -35.725941 134.691116
-106.335953 -42.702415 127.309334
-103.918953 -45.363495 137.185852
-0.136834 39.042473 8.866189
-12.50668 37.209324 8.229269
-93.876686 4.580912 70.110832
-88.770401 10.639451 64.622391
-92.566109 3.798162 62.039722
-101.299568 -55.098621 140.698212
-101.458405 -46.702732 147.538651
-18.437782 -65.681114 10.48054
89.907112 -9.922143 4.771821
-57.806458 8.89597 34.116581
-63.729637 14.459153 41.582699
81.956566 -45.995979 39.839577
57.326679 -34.579571 118.362175
63.358166 -27.376289 115.510056
54.846626 -24.307375 122.000343
-69.848557 53.453865 158.172409
-68.562546 56.868156 160.941162
-66.697426 52.136051 162.766891
-100.816078 -24.564049 90.534264
-100.464523 -28.733917 97.637924
-101.991783 -20.536196 99.867416
-94.463928 -62.75489 143.649216
-95.89325 -54.820293 150.544693
-65.375702 -64.887917 112.268402
-59.934032 -59.926285 116.873169
-64.182709 7.490793 153.142365
-61.484013 5.975326 143.764435
84.392883 -27.436987 84.238922
82.824722 -24.248014 0.015716
60.38131 3.556356 0.017255
14.273985 34.241573 0.014176
57.77977 -53.08215 0.016568
-46.521931 12.139825 6.772884
84.310051 -1.140732 5.739333
80.928322 -6.768518 0.02534
76.0289 0.505527 3.635325
-62.06189 -33.807949 0.01511
38.791172 30.596197 0.017063
82.090469 -8.943328 0.015
32.760502 -69.000587 6.910308
-14.922551 12.911057 112.872116
-6.260711 19.012356 108.045563
-17.018955 20.709133 105.365097
-36.059662 -56.745979 26.970591
-27.498657 -56.875614 23.859905
-26.848831 -58.476658 35.287052
-52.336952 12.747213 0.025725
4.500498 -82.999428 55.385292
-2.003789 -82.004089 61.09306
-4.428695 -79.371544 53.386944
66.001785 6.320669 6.46467
64.329979 2.20638 0.01522
-51.208157 -46.611992 132.157608
-57.454296 -55.749458 125.992264
53.588631 24.12516 6.465221
5.270521 24.717789 185.237747
52.249668 18.53467 0.02072
-20.850067 -61.896404 51.08329
20.361666 49.015697 65.81517
18.567141 46.163143 74.913567
73.585289 -13.948829 105.142784
71.215614 -3.325907 105.297318
66.830315 -10.477003 111.954094
-72.274025 48.620129 155.308914
-71.993576 40.915577 153.806641
-58.322651 26.237608 81.722221
-64.819664 23.39838 84.795105
-56.983868 25.158396 89.612251
-42.845581 -13.783685 133.397141
-39.039368 -7.278816 127.661179
-88.879189 -52.679577 156.470596
-86.348206 -60.855663 151.054703
-79.842087 -54.110115 158.012039
-92.674927 -46.268566 80.50219
-90.543907 -47.824371 90.584213
49.031723 -33.770924 123.522469
50.840096 -42.145576 118.743355
64.086052 -42.615623 0.000948
46.369816 -74.993202 37.790733
52.966911 -72.147346 43.735947
-80.259041 39.653217 183.836121
-82.835495 43.730164 184.521744
-83.386429 40.375275 182.526184
-14.531793 -57.451591 97.884018
-11.799247 -53.323994 104.829971
64.917244 15.610154 14.039422
70.510445 9.678988 15.084801
76.706825 5.239175 11.150566
3.839145 -77.229942 31.830093
4.759192 -73.932007 20.404306
12.722453 -78.803482 27.030327
-94.211983 -52.42926 99.25914
-103.112991 -54.746967 105.919601
-100.686577 -45.102077 103.652603
69.787125 -53.763577 20.171755
25.019281 32.810856 0.014285
88.94603 -11.279055 55.685818
87.32032 -4.823884 60.049576
88.453857 -13.117332 63.619152
92.09272 -41.111099 13.225962
101.187073 -34.849293 16.625406
24.404232 -42.432777 124.785423
19.139893 -33.288376 127.971214
13.21243 -41.61237 123.903893
-72.156837 60.576653 159.755829
-16.597303 36.490547 76.266312
-9.631954 34.356339 82.790947
-9.093901 41.528557 76.119591
-44.793148 -40.261486 127.102173
52.085655 -55.309189 102.835968
61.800476 -54.427338 96.994339
85.763321 -12.986215 82.63942
86.633522 -21.620178 78.944977
87.804993 -13.631658 73.513123
20.272852 -73.822472 13.20115
29.272903 -76.508789 18.284065
21.213392 -78.720734 22.465996
-31.583031 13.779479 167.252029
-33.848618 7.183039 159.326111
-42.963787 -63.499302 56.019058
61.189541 -59.539455 19.103127
66.114731 -51.898571 11.921981
-64.424187 66.177101 179.77829
-64.587532 70.915131 185.178879
79.091118 -19.118738 97.144043
77.624252 -7.822011 98.205399
-41.682076 28.470701 84.266037
-13.988319 -70.257683 60.085506
-19.077595 -66.147461 67.502632
-19.319118 -63.721478 58.159653
-107.677193 -33.097637 125.06369
-1.430335 22.8841 195.877945
-64.630898 25.750731 156.893784
-50.690636 -30.872471 154.240646
-49.636181 -34.82732 145.704269
-47.642059 -25.269804 147.179443
-75.04686 -60.515171 151.286179
-72.115005 -63.57996 143.427582
-65.467819 -56.517498 146.56485
44.52076 0.207798 123.080437
51.030006 -7.62918 122.739151
57.562115 -66.318764 79.980606
51.072338 -72.139175 71.41256
61.722385 -67.152283 68.679001
-94.987442 -0.017568 112.277122
-87.375351 6.036702 118.777512
-86.84314 5.05252 107.88559
-50.51828 18.565666 107.877075
83.928459 -20.139389 87.812347
82.448036 -11.340029 90.681969
-26.665045 -68.253929 0.01478
-72.340454 77.480843 194.30368
-74.973961 75.707069 189.115128
-76.702728 74.143776 195.565979
70.353844 15.086237 21.549322
76.571297 8.684033 20.31982
-24.822386 16.489622 110.821625
-61.54105 12.378217 114.008728
-67.742271 -36.130028 164.035339
-79.51326 -35.213432 164.388199
-73.961441 -45.491894 162.343781
18.3346 -4.763739 127.614655
21.224796 -15.019013 129.440018
25.292011 42.235229 22.206322
27.900351 44.57349 33.499733
-94.888412 -72.671562 127.302032
-87.168221 -76.368935 119.875969
-83.188721 -74.540672 131.069229
38.656376 -77.742661 32.69817
46.075665 -72.860016 28.330299
74.936142 2.212838 97.302788
77.551003 6.191149 88.967064
71.973289 10.005946 94.277962
72.620529 14.358312 86.247322
-46.957314 -29.100962 140.932526
8.100023 -48.938091 117.94519
-0.319895 -47.822376 115.639397
-97.204491 -3.438719 64.663307
-26.175562 16.008125 27.88644
-37.138241 13.797609 25.59199
-32.385658 16.917542 34.464653
-18.907854 21.388868 187.547241
-13.868193 23.062019 182.701645
-20.649246 20.364075 179.5578
-65.071312 19.929222 95.737068
-73.122734 19.298326 87.093262
-75.478554 14.638748 95.659065
-1.122342 30.075541 91.609421
-0.684182 38.601997 81.00901
-72.161209 2.718428 0.01456
5.979657 -61.778839 97.57605
0.885076 -63.578972 91.809242
11.254137 -65.271484 91.260887
59.25486 23.515783 13.62856
58.128563 16.116783 6.120801
13.560411 -75.636055 18.53252
-53.598156 5.728861 25.594627
92.10788 -28.192585 50.718575
99.139435 -22.397861 46.61869
-1.118975 -76.239105 0.01467
-91.226738 -6.598137 156.418777
-85.908005 2.012303 158.428558
-89.934319 -0.010979 147.976181
-66.637009 7.651325 0.024625
-70.181656 5.645638 0.015
-71.278664 -28.004524 164.935303
-71.533333 4.03051 0.04833
-98.596321 -24.147831 158.680862
28.670395 -72.635803 11.637823
-10.948583 20.319912 174.839432
-8.128322 15.439257 169.866348
-13.085236 15.167224 168.819626
-67.825867 6.880368 161.020782
-78.020363 12.642031 170.849487
31.768284 -81.816856 47.649265
41.030144 -79.183357 51.451397
-41.886833 -50.73867 105.493446
106.217552 -7.84282 28.617884
-82.166794 15.666839 58.912403
-73.17144 19.666592 53.5495
-80.128441 12.774301 50.475471
-58.923714 -52.156334 137.924408
-14.655409 -68.430992 75.293686
-23.315371 -63.752583 78.577019
44.143925 -77.399948 62.441368
62.269123 29.635502 64.940384
24.989056 25.396975 102.176872
19.959801 28.091993 95.564751
-38.046497 29.307259 0.019923
-22.024914 -73.72541 0.014176
-46.977592 -66.826927 0.015606
-40.944473 -65.003395 0.014673
-46.119385 -64.072884 4.745242
-73.424561 -16.598118 0.01621
69.798492 -39.027313 0.000673
71.512062 -44.73148 6.696567
-17.758179 -76.67437 0.015028
-52.080654 -68.329552 0.014177
-14.431451 39.458073 0.01522
-23.358307 40.248035 0.014973
-65.974586 -38.576012 0.0158
56.392303 22.931007 91.231911
65.44883 16.499903 93.836227
65.094093 21.874256 83.83625
-66.878876 24.574221 60.807693
-75.563568 21.389603 63.800068
-69.1343 24.04229 69.775192
68.872971 -20.552856 110.887299
70.205009 -30.989201 108.078056
-72.89653 -40.401051 37.105808
-81.452728 -40.373669 42.785999
-78.682655 -32.770817 37.310143
64.075073 -65.876808 58.295715
58.536438 -69.509048 51.094803
65.199379 -63.99276 49.887226
88.088829 -23.845249 67.675156
85.982079 -36.009296 66.934341
76.608521 -29.548132 99.743675
74.106651 -22.860842 104.514153
17.99749 46.290798 30.24608
13.988088 44.256516 20.970127
-88.712303 11.931052 74.674026
-105.279396 -17.475452 130.2276
5.95315 25.704435 100.957436
-1.903419 24.712711 101.552727
56.408775 9.521402 110.985016
56.854881 17.025167 101.536255
47.65443 16.838125 108.622665
-86.974495 11.201288 84.785942
44.788731 -25.206814 126.589981
-91.521866 -25.83967 48.675674
-96.578232 -30.200041 58.035675
-96.753906 -19.37562 56.002464
69.738884 24.706284 65.102837
73.627167 19.035751 74.962189
-105.256859 -37.932911 108.649467
-99.661407 -35.960091 100.870026
68.497772 -46.886559 100.27594
70.431465 -50.371506 91.643471
73.942039 -43.626396 95.108322
-38.890259 -58.304726 36.583229
26.779198 -60.799137 101.648384
17.687372 -60.28503 104.333626
19.772669 -63.292347 96.313103
102.483963 -10.842843 40.444942
91.911835 -4.507956 42.536007
93.09668 -12.572598 48.428799
73.235466 -38.60704 101.34359
41.77446 -48.656219 117.962616
77.094589 18.084206 63.514763
81.442223 11.180246 69.761223
28.591812 14.968948 116.21727
31.238371 21.368071 108.937607
20.435915 19.999786 110.791046
-62.990555 -44.924129 160.447327
-60.980705 -50.56213 153.446228
-72.484642 32.652378 151.424576
-42.247467 -55.861797 98.191391
-42.700359 -60.631992 88.736694
-33.757401 -58.506004 93.105156
-47.007469 -20.726437 154.804886
-52.792263 -24.852777 161.089249
-61.184246 6.74745 133.145355
-61.348267 8.791109 123.188713
-69.236069 9.330655 128.560364
-12.409275 -65.426659 82.957436
57.777435 -57.036613 7.758156
77.288025 -43.998238 87.597435
61.580914 -65.433578 41.133545
68.390602 -59.237679 34.645725
70.260063 -59.2705 44.381817
-53.870392 -54.117283 115.062653
-58.703259 -48.578072 9.048984
-5.267398 24.782175 201.264496
-9.508999 25.736715 196.108612
-11.991898 20.043968 199.123444
46.171516 -76.525192 45.508671
-23.482521 7.489424 117.595375
-1.850457 -71.626823 27.12796
-8.212454 -64.05825 28.852917
-4.205637 -69.029648 18.683914
35.156582 -42.255322 124.463814
30.165602 -79.757332 27.481739
30.782801 -81.224785 37.470512
-84.761398 -20.906942 40.10487
-91.247665 -14.357734 47.75388
-83.961136 -8.337989 40.683136
-95.865433 -71.706284 115.840828
-100.756531 -10.894633 79.319511
-100.544937 -9.289099 70.871063
-102.059563 -17.217161 72.269897
-11.75761 -73.176018 68.827171
-8.884942 -77.636055 61.156002
-3.799975 -79.738358 69.508385
-35.839855 29.271612 76.129356
-32.008812 28.578581 85.661514
-25.105835 31.208332 77.729027
98.330338 -39.18462 35.906116
97.343552 -42.84779 24.417986
105.602081 -34.697758 27.67857
-11.962734 49.353474 62.433552
70.343498 -60.60461 64.652351
51.993603 -62.206383 92.109879
42.508961 -59.360638 99.978844
12.37793 -81.437279 37.657837
3.389515 19.342339 174.9935
1.925434 19.312494 181.82431
0.141014 14.77343 174.213455
77.641884 16.126095 53.859264
72.765442 22.202818 57.108517
88.207069 -30.504065 58.007206
-54.239677 -28.720133 23.855808
-61.729019 -29.744591 28.510246
-99.702454 -8.975292 103.811333
-99.802971 -13.35193 90.697929
-69.915588 12.897159 106.307632
-69.821693 10.127099 118.110039
-36.69006 -11.485965 163.315521
-46.304825 -15.648432 162.834091
-39.893139 -11.967323 155.419144
4.312621 52.601658 50.478386
12.985067 51.31456 54.549877
-106.993332 -56.128262 116.285904
-106.215515 -47.014843 111.75251
-52.30537 4.52212 127.233292
87.246025 -5.059504 69.181915
84.455101 2.716243 74.375389
85.889633 -5.532963 78.200706
45.255142 39.298294 31.880276
53.099697 -60.395279 0.016073
-69.581177 -63.828102 72.419304
90.181305 -20.28553 55.397697
-71.295204 22.163214 78.218338
-97.905434 -5.116723 135.241455
-94.843254 -3.940784 141.987549
-18.936241 32.377686 36.159626
-17.017614 41.697842 42.568264
-13.7435 41.634197 34.243618
-63.605667 32.725807 165.76976
-64.949005 22.004026 166.775742
38.362629 15.964918 113.867172
35.25124 7.577732 121.555107
46.46714 9.285991 117.043205
-57.214211 -35.042171 161.429123
-84.326973 11.623495 157.437302
-83.654678 10.087974 93.712425
-91.235596 3.58042 91.394196
-86.898018 5.620668 99.397743
-61.334667 -13.19814 26.367926
-61.471092 -5.20316 27.020908
-58.011581 -8.375648 22.136971
-104.179619 -38.000771 144.450287
-17.233091 1.504989 173.150787
-16.327621 5.728091 181.121185
-52.438145 -61.540348 49.462139
-41.876213 -60.737953 45.901131
-69.661163 -61.191082 83.477264
-60.538761 -64.478928 78.658798
-51.696636 -65.401871 74.010742
36.420448 -66.12809 0.014615
-34.461021 23.6215 48.234436
-30.410666 20.945219 40.765388
-37.705334 19.240738 40.505291
71.119202 -59.539642 54.281425
-80.753143 61.037735 191.362488
64.745018 22.423677 21.550415
58.158272 29.604944 21.827421
63.309341 27.744282 30.057678
105.884644 -30.813255 39.479935
107.442734 -20.635048 39.326668
-25.023798 -63.000748 62.503349
-26.985434 -63.54092 68.792023
-11.179084 5.500753 168.700195
-10.079439 10.009989 166.879593
44.428627 35.531815 14.534752
-72.452721 19.857527 173.792236
3.978069 -21.724815 126.445496
8.355418 -31.864681 126.381332
14.641603 -23.312105 128.721237
-79.741783 -75.338364 112.602631
-70.688118 -72.209572 117.103271
-77.79715 -76.709908 121.980919
80.582359 -48.730995 30.251698
75.420319 -53.245148 37.716087
73.193504 -53.890877 28.359123
-77.531616 -24.718021 34.194561
-77.012848 -14.35085 33.802628
-105.999489 -26.402597 132.334915
81.744827 8.581075 50.545784
11.510049 29.236889 93.517006
19.909811 32.424183 86.762871
8.98852 35.436783 84.825356
-83.337509 -6.644216 162.575195
-88.922333 -16.325502 162.54689
-77.333725 -13.293166 164.226532
37.806351 -75.416237 23.128805
33.557262 -75.929916 78.228333
-79.844284 -66.35746 145.318054
47.602016 27.820807 87.046295
24.76745 39.729977 79.597801
16.119669 39.888504 80.915863
9.886608 20.705872 108.41951
-83.620354 -69.832748 104.434891
-73.069099 -69.212616 106.687035
-87.523071 -52.693813 75.858635
-79.533386 -58.697304 77.003952
-85.552879 -52.91658 84.499344
26.827551 37.817238 12.036218
-15.621786 9.158573 187.984711
-10.301684 13.733401 190.222351
-81.366066 48.094135 187.283066
41.646233 -75.876656 72.895096
-77.873978 -61.296177 98.977043
-88.931404 -61.938843 99.916313
81.937775 -45.801388 64.602844
93.325958 -0.865852 11.76051
-3.032267 29.681019 198.387924
-5.159538 28.834272 191.347977
5.960258 52.561829 61.401367
-4.084906 17.493666 188.393478
-20.782997 16.382746 169.977219
-29.757959 16.450193 177.420425
-4.098161 52.705158 56.423611
-4.423059 52.168434 47.011868
-53.653919 -1.958053 167.059845
-51.097797 -11.151491 169.436752
31.072168 45.474281 45.29961
39.275917 -78.967392 42.06155
-88.357529 -73.697266 111.157959
-66.56794 36.035774 156.495514
-64.717995 43.314987 164.65509
34.46508 38.924911 76.522087
30.804636 32.705124 84.290756
-68.320839 -60.074478 53.170425
-99.923393 -13.444716 63.707047
-63.929424 72.579567 179.745544
-99.825279 -64.276886 133.984833
-21.54001 17.183689 192.456726
-26.443981 16.13316 186.729752
-25.491606 12.632347 191.662872
-24.433025 -57.109982 95.913452
-18.421471 -61.370224 89.30114
-34.321835 -58.10133 15.789081
-43.279182 -53.813393 20.419428
-15.851273 43.310741 69.484192
69.340698 0.837485 0.017585
27.782396 45.118862 70.907257
28.390743 47.10619 58.894958
-15.329188 -58.893181 35.436909
-15.826581 21.583181 193.988464
-84.78756 -45.521702 161.09729
-95.26992 -45.218834 156.966125
8.923084 -72.350273 9.709018
-22.062778 36.011497 68.311996
-19.916422 42.010864 59.214489
-25.496363 33.381554 59.774818
-26.812807 -60.797386 88.182487
-107.275696 -48.012936 120.395798
-107.978828 -39.936272 117.92704
101.006828 -26.284611 12.797558
-45.196438 -20.718355 139.67984
-65.328308 0.135431 31.763798
-74.803551 -3.044909 35.303017
86.812874 -46.691196 21.892382
-65.12812 -61.848381 0.011755
-61.55975 -57.822079 5.248569
-104.966347 -54.008373 128.515396
-84.7901 34.924408 169.666519
14.305781 -83.939789 59.767525
-11.961927 25.133717 189.136642
-64.864288 -64.786957 122.553062
-7.660813 18.006788 195.64682
-33.970146 -61.95504 83.446037
43.660484 -40.616886 123.140755
-34.180977 9.239417 185.323273
-29.278975 10.113621 189.837799
-101.882103 -26.313417 74.046089
-101.96492 -20.336967 81.620857
-74.20298 5.91609 166.650879
-69.417564 13.122337 167.10173
35.493938 -10.549045 128.719238
30.852077 -16.75153 129.884964
-38.530727 -34.944485 122.886635
-92.016151 -47.835026 69.686501
-65.850769 62.746578 172.472321
-51.646801 -62.947601 84.060875
-26.858505 -60.764847 46.687195
2.098362 21.548563 106.646469
3.050331 15.823853 112.69973
-10.445137 -74.003662 54.126431
42.611862 41.328602 43.460117
39.723812 42.969212 54.801506
49.786263 38.305492 51.684216
-60.607304 26.772003 67.730156
-63.293316 25.33215 76.221817
-55.097359 27.777328 75.008949
-49.061089 -45.119442 23.005457
8.233694 -59.32032 104.422646
12.575635 -62.100437 98.825844
-98.092659 -8.577891 141.268677
108.664436 -15.641193 32.937531
-68.302216 -9.262614 30.046673
-68.241325 -20.616991 29.314037
7.458679 47.565269 28.788654
-59.341774 19.805542 46.635845
-55.499142 23.510908 51.719444
-51.3871 21.074608 46.704647
97.681633 -1.275894 33.145576
86.495033 2.593033 36.142845
-8.638027 -62.087933 91.508713
-4.338025 -66.354591 85.631035
-84.014442 35.798389 179.906097
66.584961 -41.113209 107.653976
-31.756838 21.223829 9.484969
-23.132383 25.847923 13.422269
-82.485085 32.401993 160.360428
77.554092 -51.855583 48.691891
-33.121071 -39.284992 117.004356
-25.712147 -44.719563 111.335152
-25.167543 -36.691841 117.522804
48.626781 31.802006 78.917389
40.552155 32.647804 81.752373
-80.12616 9.302219 102.582848
-24.484539 -0.722193 179.248596
-43.559002 -4.766057 149.19165
-49.589294 -2.445238 142.940125
-51.454823 0.664685 150.822372
-68.755142 73.38868 169.946167
-66.387497 76.089584 176.20752
-65.414307 70.328018 173.693451
-68.852661 -8.971604 164.087082
-75.628029 -6.175947 164.349991
0.172987 -73.054878 9.699998
63.72942 -35.528168 113.047714
-70.302139 55.393394 185.872971
66.895523 -58.181713 26.384333
-50.922356 28.179804 66.19873
55.287991 -14.740075 121.380569
61.836857 -17.562136 117.160896
13.88134 -72.520386 83.665054
8.751429 36.830578 4.762183
-68.024818 45.903034 158.075653
-74.504417 11.532041 143.707855
-76.709221 9.264604 134.502457
-83.375275 6.859731 142.136169
-67.796463 -55.209515 45.45118
-95.978386 -4.519922 94.516525
-97.017929 -3.645081 85.287003
-55.089077 16.578941 41.002354
-70.859978 -31.495884 32.285946
-17.41465 31.796865 82.850098
-75.417053 -3.331501 0.02035
-72.553696 70.234406 167.790619
-61.039165 -65.5886 0.016664
-9.948127 25.351822 99.1726
13.034616 -71.437302 0.014725
15.65268 -70.951881 5.01165
-39.82394 9.355239 166.006989
-45.594673 3.78325 158.620483
-67.938858 -18.394354 164.587006
-100.556679 -23.303278 64.952423
-13.437082 29.412632 90.212151
44.040146 36.795265 73.164558
19.472519 49.763847 58.2906
-108.287773 -23.285776 122.804291
-106.43895 -14.696046 121.979691
-106.989212 -18.596315 111.545746
6.237489 -78.273026 76.751404
5.560467 -83.04229 65.78791
15.322382 -82.269592 70.196877
-56.15416 0.677472 158.123535
6.063804 -73.66288 0.014725
-20.592049 -51.975945 103.832932
-51.826794 -65.216736 60.470364
-72.184837 74.054535 176.417068
3.741353 -69.648865 84.509628
-5.492833 -72.036896 77.984123
15.441785 25.317978 102.169006
-108.50927 -30.325134 114.865837
-84.80587 6.79937 151.145233
-62.089695 -3.650833 162.4953
-6.345034 38.208721 0.014368
3.385142 35.932652 0.014945
-18.920208 24.565834 24.69216
-14.072841 36.618774 26.1908
58.718517 33.317692 48.733944
56.59095 33.875336 59.137325
13.503048 -55.661865 111.840828
-17.685181 -56.67202 25.770838
-65.394707 52.137489 171.561325
-100.927696 -29.724777 82.532478
-82.431686 7.603789 165.241974
12.210629 48.868336 36.600235
2.43201 50.676792 39.12067
-95.200951 -42.401901 95.988594
39.760548 21.144005 106.352654
46.013691 23.294249 98.235855
-45.723839 -10.264855 141.12088
-47.027973 -3.994851 133.584137
-53.889961 22.334587 99.183144
-55.412174 1.564293 145.288925
-93.460609 4.692598 80.335945
-50.99604 27.798981 83.049248
-51.741695 -24.702551 13.23506
-50.704521 -28.291992 17.846914
-52.690037 -21.431961 19.760956
-29.900398 -10.600566 124.451874
-97.971184 -2.628644 75.099998
52.64048 30.42367 13.884699
-78.187073 9.27452 123.894447
-78.75676 8.924623 112.936562
-33.971184 23.817362 100.153732
109.787209 -24.522909 30.595909
-35.916767 -1.838517 154.211792
-64.90741 40.172325 174.559357
-76.253784 59.866436 162.657547
10.482761 40.635075 12.372821
19.006327 40.796986 14.696556
52.895203 15.064116 0.013625
-25.238653 26.580307 43.51926
-23.959042 21.6583 35.322746
81.732361 7.009832 42.883224
-102.852074 -65.18618 122.283707
80.435532 -2.422838 90.938248
-14.769202 -47.249962 110.370712
25.507366 9.024858 121.275536
26.538214 1.715063 125.821945
-26.417778 6.578971 191.986374
28.014986 -7.806235 128.941238
-40.197727 -10.79094 170.658066
-4.340145 -72.561043 36.165939
-102.58091 -8.951665 127.963295
-79.1175 68.457054 194.523682
-73.464844 71.674545 194.724777
-2.687973 -0.018763 121.093689
-73.482285 36.739452 182.214325
-43.009556 -63.598587 78.558578
-16.19145 32.858273 16.635344
-4.516303 11.635859 170.345627
-72.786179 76.107269 183.715027
-69.54377 77.870979 181.640289
-20.742691 7.537625 191.257492
-58.497265 -21.258892 25.502899
-22.762627 28.973619 88.004639
-28.795141 26.302544 94.539856
-64.818878 -5.411562 8.58756
-59.036903 -11.082022 14.572847
-55.244049 -18.578896 13.121695
-104.920723 -28.808882 141.975845
89.264099 -44.318729 32.497787
-48.692532 18.426489 41.772514
14.325077 51.159946 61.870571
79.368065 9.538499 79.850533
-97.904671 -14.237684 154.19519
-0.706526 -29.771029 123.89666
-7.992587 -21.190582 122.987221
6.55633 35.213749 0.01467
-64.100464 1.551756 158.049667
-59.382687 2.75907 151.320267
-97.38298 -40.389622 72.954285
79.47287 10.038554 36.288811
-68.950584 -53.732262 157.112259
-48.495594 8.987793 13.50549
-39.124126 13.345016 13.935087
43.052959 -54.572769 108.725258
55.359982 -71.903656 60.821083
50.102478 -75.177277 52.502697
-54.562244 1.979029 137.642227
-85.235985 -31.101667 42.534828
-68.01136 29.273178 174.874435
-102.233543 -64.550911 110.426834
-30.098902 30.278292 67.768082
-81.961472 58.542175 183.630066
-80.968796 65.158249 188.283234
-79.168015 65.878387 182.342621
-74.868912 -48.565887 43.334259
-76.957954 44.0597 185.761398
-69.633965 6.33358 0.00972
-93.601746 -68.720833 106.056168
-97.289421 -61.103264 103.002357
-1.516116 22.933527 176.881073
-3.090519 17.55636 172.443939
78.033539 -36.802639 93.737556
1.127683 32.448338 194.196594
2.544189 -74.856979 0.015
-103.362831 -21.560469 148.988129
-99.73912 -32.681061 67.7938
106.286446 -26.191267 20.469936
-78.670845 70.697235 189.058044
-51.710987 -65.711609 67.288528
-6.13812 26.040392 183.075836
43.952583 -70.012497 82.128319
74.21817 17.810419 37.462105
75.336685 13.095508 28.779552
-68.997833 -57.835876 93.737923
-77.458679 -56.819981 88.680702
60.805374 31.307388 39.099522
67.866211 24.956974 38.209259
-80.071953 13.278087 149.790894
-26.627581 -61.968586 55.406769
-80.188507 14.977549 88.230164
78.079193 13.785222 44.74036
-85.119003 -54.5476 94.313873
-95.703178 -7.675465 147.87645
-43.127197 0.815104 126.220947
66.663902 8.277922 103.096756
30.216881 -49.742298 119.097893
25.12587 -24.70792 129.705688
-59.4202 17.159891 106.05632
-76.797668 63.169754 168.37085
25.341349 -56.479141 111.204498
19.05304 -49.979107 119.021469
-44.129509 17.983864 39.649338
21.558529 -81.354065 32.345142
71.95018 21.933128 47.512978
65.236885 28.236498 45.809219
35.085365 -53.989475 112.813919
-12.609009 -63.131996 17.414528
-22.669863 -59.025524 15.827762
-66.702858 18.615227 47.483379
-95.107628 -40.14566 62.782528
-16.060036 11.836358 165.583481
77.109886 -53.519806 59.811756
-32.229664 -52.188404 102.745689
-45.851463 28.861715 75.166557
-46.837715 10.030516 20.939032
34.540504 -57.886642 105.539413
-26.909742 30.094608 51.675278
-21.720654 34.670883 46.25687
36.550835 42.669308 36.236679
77.78466 -3.593589 0.01243
-79.096718 -23.306328 164.732422
-38.416267 -61.851486 6.37069
65.669296 28.169443 55.495155
81.27459 -28.184143 91.599182
83.78672 -6.158282 85.282127
-67.846519 -60.957191 103.356926
-19.858665 -15.598188 122.679993
6.485563 33.495502 190.930344
6.091994 33.474689 195.918274
-66.86129 -61.688728 134.49588
-72.300781 -71.008339 127.913795
37.327831 42.449715 66.436363
-44.921318 -15.593192 147.927124
-75.927444 71.901695 182.611877
-65.740089 -48.092922 38.396679
-58.686466 -55.128479 42.152176
-19.750101 25.944958 96.870659
-102.697411 -7.446021 117.018936
-65.384125 78.164703 184.357681
55.438747 34.049236 30.926182
52.379604 36.795959 40.93417
-63.332714 22.776001 52.80341
35.579735 -2.641646 126.636421
82.360497 6.915894 27.335016
-92.724205 0.224462 101.541046
82.553238 0.99376 83.183144
-50.570061 -35.358028 19.994904
-27.712673 16.804623 18.083227
-55.902569 -14.700438 21.353611
-76.354279 67.832413 175.406525
-33.760654 -60.752277 43.035175
-46.295277 5.13355 171.464996
-79.592094 60.398979 175.464081
-57.347519 26.351215 58.715816
-56.723946 -17.924427 164.738556
-60.096222 -10.334807 165.507095
50.221821 35.541878 22.339781
-22.740477 36.259804 53.421535
-34.262657 -61.840298 51.522961
-89.999084 -38.318268 51.204979
-104.213936 -28.726109 105.364807
-75.696335 -69.081772 137.539612
-75.331497 54.402393 158.313812
-61.702858 -59.692612 48.977119
-38.503136 11.079529 175.253937
-58.888058 1.416509 28.443748
-69.313477 47.887157 181.999725
-78.930038 -0.135161 164.840042
5.259705 7.657574 119.40448
-26.382973 22.529251 102.772102
-19.708914 -28.446646 120.72477
-62.160885 -26.803982 164.125656
-43.690815 20.797226 45.383522
-68.912224 -49.602451 0.021344
-36.920372 -45.896111 110.913483
69.853271 20.655861 29.423689
1.538461 -39.885601 121.228355
1.876298 -79.940605 43.860859
-81.833832 -27.443308 38.218163
0.617061 30.433559 187.247391
-66.406456 57.929958 179.966553
-100.290382 -33.667896 75.812363
-13.710216 48.532471 50.799793
47.338284 38.57832 62.808144
-9.73039 48.689037 39.636902
-68.36174 9.261121 138.478424
-69.737434 79.24369 189.060501
-4.817409 9.904535 115.691582
-19.611618 41.012077 50.311844
-76.650642 -13.254559 0.015
-82.974594 -48.57682 50.052868
81.255623 -46.865299 55.890503
-84.347931 42.766335 180.727142
55.021671 7.86786 0.01247
60.509129 -46.814793 0.014781
-69.944199 -1.965932 163.210724
