6.5 44.136639 25.674175
6.5 42.144028 26.351919
6.5 42.296329 21.612541
-6.5 17.232918 82.422325
-2.232591 18.660984 83.8162
-6.5 20.861607 84.5513
-6.5 -6.499999 0.003107
-0.0 0.0 0.002718
0.0 -6.5 0.00233
-2.887053 -27.545334 27.061089
-0.188696 -25.329147 24.094168
-6.5 -26.121037 24.131319
45.821739 2.993685 47.265884
46.317348 0.945301 43.202297
46.663818 6.5 43.193375
-31.554811 -6.5 105.001625
-30.488241 -1.030913 99.846992
-31.554811 -0.0 105.001625
6.5 -7.099177 14.99985
1.083046 -9.654881 15.525519
6.5 -11.864014 15.539359
-6.5 -18.074945 10.489363
-6.5 -24.501297 8.616289
-6.5 -23.908813 15.130616
-42.778751 1.481012 88.922676
-40.979206 3.01632 85.355919
-41.643208 -1.945711 86.758514
-6.5 -23.291618 21.311214
2.124901 -13.728532 16.497278
6.5 -15.550226 16.603376
2.701168 -17.305748 17.922655
-3.66023 43.761086 54.354706
-2.292836 44.824757 50.988884
-6.5 45.203365 51.159565
-20.215061 6.5 2.342788
-19.233953 2.785496 2.314812
-22.86187 6.5 3.368625
17.933504 6.5 82.83036
17.834381 3.664539 83.41761
22.670176 6.5 85.919167
29.077383 1.986009 95.804214
28.261391 6.5 92.598999
27.04459 -0.099157 91.544853
17.415693 6.5 62.595016
21.792175 6.5 59.961174
17.287178 2.953199 62.102421
41.792171 -2.537958 86.640938
39.897427 0.17469 83.45443
41.893539 3.032995 86.785706
2.402967 43.351749 90.143082
3.06848 41.735569 86.656044
-1.450901 42.371929 87.984779
6.5 -6.499999 0.003107
6.5 0.0 0.00233
6.5 0.0 0.003107
20.614132 -0.298708 60.193661
6.5 -41.840328 59.183014
6.5 -44.301502 53.85104
6.5 -37.964294 57.003429
45.485886 6.5 29.924253
46.25769 6.5 33.490456
44.775219 2.484848 28.946884
1.040484 -44.709473 51.82795
0.211102 -45.856632 47.121445
6.5 -45.624332 49.592667
-6.5 -13.491366 15.958946
-6.5 -18.59355 18.018879
-1.726996 -15.980408 17.396805
6.5 30.867617 99.216599
2.381981 29.217808 96.457947
6.5 28.600452 93.336502
-30.142956 -6.5 96.897026
43.361649 1.063834 90.1008
37.370262 -2.508873 79.939964
37.863197 3.062237 80.518997
-29.995333 -6.5 72.589676
-31.306423 -6.5 73.579498
-29.995333 -0.0 72.589676
-36.939987 -6.5 13.760092
-34.758663 -6.5 15.745319
-40.04694 -6.5 17.762079
-36.613838 -6.5 20.726652
-2.740897 -17.127501 82.927933
-0.13259 -20.572548 84.92556
1.683855 -16.425446 82.568451
-2.727415 -26.056633 55.277039
-2.236937 -27.959057 52.343132
-6.5 -27.156364 54.506733
-6.5 -29.448444 19.369009
-32.822586 -0.026613 75.093803
2.585481 25.615288 55.581833
3.305386 22.547649 58.706772
-1.589426 23.180927 57.907085
-0.647995 19.139179 61.047104
-28.572496 6.5 93.444351
-24.842827 0.811216 88.647232
-25.65666 6.5 88.886414
-23.638603 6.5 86.781052
-6.5 -28.865614 51.577145
-6.5 -7.099177 14.99985
-2.303431 -11.993547 16.065044
-31.518518 6.5 43.61351
-30.307152 6.5 48.414597
-30.915461 3.446184 42.666424
-45.805729 6.5 31.307072
-45.434402 2.722954 30.964937
-46.48933 6.5 35.096294
-31.04657 3.070157 101.567688
-6.5 44.172607 54.235718
-6.5 42.60466 57.752407
-6.5 46.046436 47.609535
-3.6321 45.752239 47.460098
-6.5 46.663818 43.193375
-1.323087 41.835361 58.3974
-1.178465 46.251934 43.422237
6.5 46.756882 38.735241
6.5 46.48933 35.096294
1.886355 46.43716 38.973072
6.5 45.568119 30.321529
3.27747 45.067158 29.926928
-0.502992 45.952343 34.057858
45.98288 0.66737 34.107533
46.681614 6.5 37.723927
6.5 38.80183 24.418869
29.682592 -6.5 50.059536
28.849926 -6.5 51.790924
29.478909 -3.354854 49.42305
27.743597 -2.615559 52.739101
-16.767775 -6.5 82.269814
-12.34876 -6.5 80.705978
-13.788097 -2.028852 81.601982
6.488242 6.5 80.003754
6.488242 0.0 80.003754
6.488242 6.5 72.504753
6.5 42.853973 88.298668
-24.042048 6.5 70.998306
-26.750126 6.5 76.5821
-20.40069 6.5 75.16478
20.648991 0.341318 19.735441
18.311903 6.5 17.865475
16.21664 0.058606 17.360228
-25.433651 6.5 10.374812
-21.87035 6.5 15.802197
-19.349054 6.5 12.594432
46.046436 6.5 47.609535
43.442284 6.5 46.357277
42.167561 6.5 86.806938
43.54039 6.5 89.790405
21.169697 6.5 7.451115
26.159657 6.5 9.817251
24.334557 6.5 4.050283
-6.5 -32.381191 70.704788
-2.786943 -33.446941 69.32515
-6.5 -29.995333 72.589676
26.440275 6.5 89.919609
20.742115 -0.589522 85.083214
0.0 -29.995333 72.589676
-41.913376 6.5 39.45985
-41.239716 6.5 43.561195
-36.638145 6.5 40.914959
39.582218 6.5 17.096951
40.214581 3.197814 18.836855
36.534111 6.5 13.308008
45.483589 6.5 96.368195
44.864445 -0.608475 95.553795
44.414749 6.5 92.093727
0.112169 -20.741274 19.986389
6.5 -20.503593 19.180552
-2.25683 -13.65848 81.503273
2.23485 -13.057462 81.26973
-34.613277 6.5 29.38867
-38.132633 6.5 24.234943
-40.512959 6.5 30.285671
46.450516 -1.897854 38.944836
-29.113638 -2.629434 95.462738
-27.249111 6.5 25.685427
-24.606077 6.5 22.48064
-29.616289 6.5 21.623344
-6.5 -28.599623 27.949814
-17.473047 2.712119 82.972687
-20.06488 6.5 83.993912
-20.985968 0.240562 85.085815
-25.870226 6.5 62.345032
-30.563187 6.5 64.891068
-27.357283 6.5 67.823135
-36.849724 6.5 87.371452
-32.118614 6.5 90.490494
-32.700066 6.5 84.549896
-22.711079 6.5 80.755745
-27.829752 6.5 82.505623
-1.734188 -29.780691 48.077271
-35.39896 -6.5 98.799507
-41.118908 -6.5 98.986122
-37.75993 -6.5 93.86097
0.891323 14.633645 63.159206
-6.5 16.256907 63.139515
-36.505848 6.5 93.19899
-36.160477 6.5 99.262741
-32.429451 6.5 95.492233
-6.5 19.237638 61.603626
-37.041473 -6.5 33.777363
-42.985287 -6.5 35.004208
-41.405014 -6.5 29.296183
6.5 27.346859 5.725313
2.328959 28.268061 6.714816
6.5 30.565765 7.838178
31.554811 6.5 105.001625
30.556215 3.295254 100.517456
31.554811 0.0 105.001625
6.5 42.10606 34.588181
6.5 37.722294 39.643749
6.5 36.181892 33.999969
-2.52917 20.152575 19.585913
-6.5 18.311903 17.865475
-2.378866 16.310524 17.517462
46.756882 -6.5 38.735241
46.468887 -6.5 44.803745
6.5 -46.436516 45.208153
45.802959 -1.923841 47.280769
45.511143 -6.5 49.982258
44.881435 -0.558638 51.147026
33.614082 6.5 75.617134
30.239342 6.5 77.837151
36.112255 6.5 78.050774
-27.373362 -6.5 75.427727
-20.854359 -6.5 77.719406
-26.814981 -6.5 80.175323
31.349077 6.5 102.256012
25.238291 -6.5 88.390511
29.977642 -6.5 87.133286
27.272839 -6.5 91.114609
-27.213564 6.5 19.311129
23.30768 -6.5 58.781746
23.049334 -3.511581 58.523586
24.247952 -6.5 57.91151
-28.474503 -6.5 60.507404
-33.465561 -6.5 62.942097
-33.282307 -6.5 57.374268
-41.885571 -6.5 46.084225
-36.608345 -6.5 45.73275
-40.078636 -6.5 50.725582
43.279774 -6.5 56.279621
-38.301991 -6.5 55.918137
-37.018452 -6.5 60.087868
-29.01273 -6.5 66.620155
-23.955759 -6.5 64.030159
-23.841024 -6.5 70.706787
2.745793 30.674774 101.026932
-34.516819 -6.5 51.508121
-6.5 -30.240517 31.323914
-6.5 -32.685787 30.850538
6.5 16.396402 67.549393
6.5 13.792731 74.164673
6.5 11.15585 68.729042
-22.377285 -6.5 82.504433
-26.510021 -6.5 84.646385
6.5 34.698463 28.716681
6.5 39.916756 29.732841
-1.734282 25.81094 5.343701
3.236475 23.967537 4.316205
38.500156 -1.0164 16.273232
29.512356 6.5 29.546047
29.001442 3.067991 29.824003
30.543055 6.5 32.235634
30.439529 2.236792 34.216263
-2.708533 -29.276012 30.501581
1.509459 -30.21489 33.337059
1.453385 -28.315674 28.679192
6.5 20.599613 71.277451
29.995333 -6.5 72.589676
31.298048 -6.5 71.622002
29.995333 0.0 72.589676
-8.901663 -0.872321 80.571495
6.488242 -6.5 80.003754
6.488242 -6.5 72.504753
-6.891758 -6.5 80.003754
11.862166 6.5 80.652634
38.029392 -6.5 38.650795
39.303139 -6.5 44.565639
31.671059 -6.5 42.342606
-43.729885 -2.24243 91.202637
-6.5 -41.381641 60.087387
-6.5 -37.346966 56.31517
-6.5 -42.546597 57.950565
31.483732 6.5 36.281792
6.488242 -6.5 65.005745
6.488242 0.0 65.005745
-6.5 6.499999 0.003107
-0.0 6.5 0.00233
30.303518 -1.713945 99.802322
-6.5 9.68499 3.190754
-6.5 6.499999 7.501479
-6.5 12.78256 7.453687
6.5 28.40546 11.460997
6.5 33.819588 10.579456
6.5 29.005211 16.442986
-43.227962 6.5 89.030746
-44.148087 2.082949 92.340202
2.136582 -9.82021 64.491829
-1.363416 -13.133859 63.714481
-2.445321 -9.739413 64.519081
-30.89374 -1.553663 41.408733
-30.798641 2.050042 37.34729
6.5 31.641886 37.551052
3.124374 30.904171 36.831886
6.5 31.005365 33.767693
6.5 -39.639801 62.82439
2.767342 -39.627773 62.249126
35.26244 1.209111 77.488029
-6.5 -44.012951 54.608685
-6.5 25.63386 56.361221
1.707295 -26.886906 54.058575
1.174057 45.459839 48.374714
6.5 46.468887 44.803745
1.593933 22.542925 21.532063
-3.320163 23.534657 22.261986
6.5 33.502922 21.986683
6.5 40.251942 18.112946
-13.313183 6.5 74.317902
-17.582537 6.5 79.507065
-20.963215 0.261372 60.284267
-17.973637 0.01327 62.115181
-19.954008 -6.5 61.239449
1.778565 31.874836 9.285338
-2.175031 22.231419 86.372604
6.5 -46.389801 34.291027
6.5 -46.665794 38.230732
1.145971 -46.179607 35.587475
36.883556 6.5 66.329628
36.897896 1.530254 65.915131
39.639801 6.5 62.82439
24.216681 -0.114775 87.866028
23.159737 -6.5 86.343605
28.795994 -2.565287 95.12561
43.657345 2.078301 54.910618
42.60466 6.5 57.752407
41.797455 0.028575 58.887489
-41.02256 6.5 84.861984
-38.223969 6.5 80.566917
-6.5 -31.383709 44.564606
6.5 -7.099177 0.003107
6.5 -9.910536 3.999634
6.5 -13.953836 0.669978
1.910907 -29.549698 96.962822
0.906206 -27.560778 92.451927
-3.102217 -28.881088 95.032524
40.604897 -6.5 30.205593
34.890812 -6.5 28.792637
39.318222 -6.5 24.624113
-1.932511 -30.415909 100.027466
2.702964 -9.942246 80.529274
-1.719788 -10.201592 80.608978
-44.631649 6.5 92.886688
-46.728565 6.5 42.384563
-46.448128 3.34159 42.347771
-46.50156 6.5 44.807701
-26.324568 2.785202 5.476371
-22.923916 -0.000125 3.789005
-26.847054 -2.785726 5.786612
6.5 -19.722361 13.466774
2.595518 -30.789505 101.275032
-46.483017 -2.555407 38.233299
-46.758411 -6.5 39.951668
-46.423252 -1.665529 41.697308
-6.5 13.565093 15.985608
26.818575 -6.5 54.853657
29.29492 -6.5 57.832352
-34.084599 -6.5 76.014603
6.5 -29.845379 49.607666
6.5 -28.361267 52.617947
6.5 -33.796436 52.592949
6.5 -31.673786 56.995708
-30.181856 -0.00115 8.022544
-6.5 24.259081 87.41893
-6.5 -44.772133 93.272598
-6.5 -46.100349 99.277336
-6.5 -41.938061 97.166389
-6.5 44.811264 27.799215
-6.5 46.25769 33.490456
-1.682089 44.75774 29.141724
25.024361 -6.5 16.622427
20.685617 -6.5 12.088218
26.891541 -6.5 10.813328
-6.5 26.130634 16.210012
-6.5 24.616409 10.017281
-6.5 20.853764 14.103393
42.559841 6.5 22.161446
39.490314 6.5 23.251062
44.136639 6.5 25.674175
6.5 25.231052 8.608961
6.5 22.112309 3.057943
-16.338398 6.5 82.041161
31.188618 -6.5 81.359474
26.384739 -6.5 84.368393
25.546219 -6.5 80.013847
-30.462271 3.394864 98.828156
-29.437984 1.944891 96.202576
-30.351965 6.5 97.340309
31.554811 -6.5 105.001625
42.3778 -6.5 34.756222
45.961098 -6.5 31.895336
-6.5 46.681614 37.723927
-6.5 -19.770084 5.034858
42.296329 -6.5 21.612541
44.655888 -6.5 27.210949
6.5 -15.283726 11.519235
-1.782076 26.779856 53.999435
36.203648 -6.5 85.736
-34.295185 -6.5 10.961775
-33.668976 -2.788664 10.830793
30.794962 -6.5 53.721886
35.762623 -6.5 51.01664
34.358604 -6.5 56.778797
17.929245 6.5 74.794357
12.756318 6.5 70.194946
12.377454 6.5 76.83017
44.172607 6.5 54.235718
40.451542 6.5 53.46413
25.92317 1.96747 5.489182
29.484621 1.634123 7.663376
27.915951 -1.523648 6.653222
6.5 -14.543392 5.908749
6.5 -19.155552 7.685761
6.5 -18.089886 1.666496
43.54039 -6.5 89.790405
39.732403 -6.5 91.119469
42.167561 -6.5 86.806938
-43.013016 -6.5 23.067478
-44.427338 -6.5 26.431709
-42.916958 -2.994725 23.463865
39.764469 -6.5 55.580467
18.3908 -6.5 68.486893
25.821037 -6.5 69.63826
23.353807 -6.5 74.654564
6.5 19.550205 9.736013
-44.912827 -6.5 93.65918
-44.992073 -2.07912 95.22406
6.5 7.099177 14.99985
6.5 13.491366 15.958946
0.997817 10.176084 15.684935
1.837337 14.731604 16.883528
-27.527336 -6.5 5.817917
-23.223434 -6.5 3.554113
6.5 -26.063293 55.885536
17.133163 -6.5 62.745899
16.874496 -2.6174 62.280415
20.750141 -6.5 60.702927
23.023129 -6.5 64.009651
26.897072 -6.5 61.24696
28.858753 -6.5 66.464409
28.895205 -6.5 76.981255
-6.5 6.891758 80.003754
-6.5 6.891758 72.504753
-0.0 6.891758 80.003754
23.190601 -6.5 82.965462
6.5 17.321482 17.344576
-28.533525 6.5 52.347919
-29.424837 6.5 50.645981
-31.492975 6.5 54.978569
-6.5 39.582218 17.096951
-6.5 42.559841 22.161446
-2.706984 40.97142 20.324213
6.5 45.865112 97.652199
6.5 45.129517 94.451469
3.201773 45.590229 98.122314
41.789154 -6.5 59.385746
37.884518 -6.5 60.039925
40.554562 6.5 83.946167
-38.599564 2.77986 63.336723
-42.342529 6.5 58.301975
-41.316307 -1.109915 59.196346
6.499999 6.5 0.003107
6.499999 6.5 14.99985
6.345374 0.003133 15.14249
7.099177 6.5 14.99985
10.83103 0.010354 15.802251
6.5 45.511143 49.982258
0.0 -6.891758 80.003754
-6.5 -6.891758 80.003754
-6.5 29.490549 95.240623
-6.5 27.925003 92.044205
-2.026008 28.190279 94.110497
6.5 -9.285886 64.845413
6.5 -10.655357 68.550331
6.5 -13.225426 64.166115
-6.5 -45.511143 49.982258
-6.5 -41.662876 47.219879
6.5 -44.912827 93.65918
3.095685 -44.369793 93.032417
6.5 -43.977566 90.94207
23.760689 6.5 78.733376
27.973125 6.5 83.640846
-6.5 -36.117085 50.179256
6.5 31.395782 63.923546
6.5 26.394283 61.927662
6.5 29.734686 58.192604
-12.667006 6.5 80.76889
-12.0238 2.495175 81.101555
-6.891758 6.5 80.003754
40.017685 6.5 27.84078
-1.454191 0.797902 80.08268
6.5 35.248817 58.888588
6.5 32.487278 53.883724
6.5 38.345963 52.797077
1.919188 18.674265 18.694668
-6.5 -10.764912 80.358559
-0.724791 -31.041639 43.193947
7.992202 6.5 3.211692
6.499999 6.5 7.501479
11.870051 6.5 5.339468
6.5 -28.9986 61.560116
6.5 37.617752 14.515079
6.5 34.453125 49.053978
27.374149 6.5 69.713364
22.647949 6.5 66.033669
22.754957 6.5 71.944824
-27.502264 -1.06197 92.348648
-25.090254 -6.5 88.30632
-22.43576 -6.5 85.693649
-0.201758 -6.5 65.005745
-0.202633 -1.083158 65.005707
30.921108 -6.5 46.428421
-6.5 -14.365867 81.310143
6.5 28.572208 83.778358
6.5 33.286716 80.871346
6.5 34.740234 84.18924
-40.530933 6.5 90.561028
6.5 15.44984 7.159175
6.5 19.839653 2.187217
6.5 29.374798 78.342682
6.5 -24.145309 15.96785
-6.5 15.782923 12.63509
-6.5 10.371622 12.262589
-27.896215 -6.5 92.061653
6.5 6.891758 80.003754
6.5 6.891758 72.504753
6.5 13.540563 0.674215
-43.852169 -0.148596 53.765018
6.5 25.006248 57.086922
-17.133163 -6.5 62.745899
-14.396797 -0.181618 63.5373
-13.528535 -6.5 64.060036
6.5 7.099177 0.003107
6.5 10.827422 7.239474
-14.084893 -6.5 66.892601
-29.853762 -0.072107 32.407684
-30.716898 -2.514202 36.393703
-45.624901 -6.5 49.384548
-46.599068 -6.5 44.002182
-0.006501 -36.977173 65.568214
-2.803539 -40.029266 61.612099
-30.188076 0.6906 46.538494
-40.516792 -6.5 40.577259
32.628189 3.044703 9.972696
35.078201 -1.04752 12.262366
-31.429667 -6.5 77.803383
-23.943089 1.555087 57.62529
-26.394257 -1.126295 54.599792
-26.501127 3.697173 54.785484
13.565093 6.5 15.985608
-6.5 -31.702843 41.10479
37.956367 -6.5 98.4842
33.569206 -6.5 91.825653
-6.5 6.891758 65.005745
-0.0 6.891758 65.005745
-46.588863 -6.5 35.901566
-6.5 -33.149597 53.67178
30.750864 -6.5 15.749896
-33.5397 6.5 48.018375
1.989253 -42.644642 88.667328
-1.988932 -43.652519 91.091537
-3.095435 -41.903175 86.944733
-32.16803 6.5 25.092457
-29.22966 6.5 28.97121
-41.381641 -6.5 60.087387
-38.66082 -6.5 64.117798
-34.345547 -6.5 68.949013
-6.5 -46.554661 105.001625
0.0 -46.554661 105.001625
-6.5 -39.054737 105.001625
-30.622942 6.5 32.545807
-36.43203 6.5 44.984627
15.960691 -0.587104 82.609161
-15.121609 1.035934 82.058731
-0.08396 -41.837139 58.571732
2.247946 -43.275974 55.643211
-14.735197 3.845828 81.758553
6.5 -45.682289 30.710831
2.860253 -45.409855 30.96693
6.5 -44.461426 26.635365
-6.5 -31.005365 33.767693
-3.338767 -30.612827 34.711388
-2.130793 25.526653 89.877419
-19.848467 6.5 18.721157
-22.486134 6.5 20.530756
6.5 40.619484 45.663189
23.546104 6.5 21.505699
21.468182 6.5 19.752817
24.026579 1.989088 22.503019
-46.099411 2.735385 101.240555
-45.33382 2.344764 96.8386
-45.899445 -1.666253 100.090797
6.5 -39.639214 51.262451
-46.774357 6.5 39.54628
40.974125 -6.5 60.789028
39.811958 -1.906857 62.171043
37.77219 -6.5 65.223709
2.231618 26.743227 91.628723
6.5 -15.44388 81.659988
6.5 -17.187361 77.652092
6.5 -12.667006 80.76889
6.5 -11.704361 74.894241
-25.056471 6.5 4.420699
-6.5 13.601585 81.039337
-2.383357 14.778808 81.999306
-6.5 -39.877563 82.917038
-6.5 -41.793858 86.075485
-6.5 -36.449722 84.545891
-41.335083 -0.192431 20.548901
-41.330948 -6.5 19.829556
-6.5 41.307205 37.277287
-6.5 40.176796 31.769548
-39.188526 -2.826901 17.098814
-6.5 41.188148 95.439011
-6.5 44.414749 92.093727
-6.5 38.99184 90.731865
-6.5 34.392624 85.103882
-6.5 41.361061 85.376556
-6.5 43.54039 89.790405
-42.171284 -6.5 94.002579
-45.773121 -6.5 97.251938
-28.501453 2.801037 28.714554
-6.5 7.099177 0.003107
-30.882004 -6.5 8.092311
6.5 -42.752224 37.04414
6.5 -41.554249 33.511467
-31.710953 6.5 38.668388
-6.5 36.534111 13.308008
-6.5 33.705982 10.403913
-6.5 33.043179 15.808184
6.5 23.405796 13.835176
-6.5 -37.735756 89.091599
33.46434 -6.5 69.787567
33.815388 -1.911622 69.154305
-6.5 -34.075081 93.322388
-6.5 -31.304642 88.549232
-6.5 28.741692 51.915073
-19.13954 6.5 61.748756
-21.546272 6.5 60.166405
-21.743587 6.5 65.002625
6.5 -6.499999 14.99985
7.099177 -6.5 14.99985
6.5 -32.15649 9.095391
6.5 -27.337608 5.738956
6.5 -28.215382 12.494346
6.5 -40.466816 18.578407
1.624765 -39.387703 17.758965
6.5 -36.275558 12.995372
-44.427338 6.5 26.431709
6.5 -40.854046 46.464138
6.5 35.522034 77.478546
6.5 38.223969 80.566917
26.121037 -6.5 24.131319
24.606077 -6.5 22.48064
27.94236 -6.5 20.158867
-6.5 -32.575764 74.622322
0.004537 -32.731567 74.925476
-6.5 -34.390965 76.288116
0.027218 -35.346752 77.449181
-6.5 -36.91061 78.988907
-0.747958 -36.243752 13.613507
33.705982 6.5 10.403913
29.594213 6.5 7.283798
-0.770949 -44.100933 26.777952
19.269169 -6.5 18.44285
-6.5 -0.0 0.00233
-6.5 16.353527 71.646362
-6.5 16.677296 77.415604
-6.5 21.399204 75.790115
6.5 -31.554811 105.001625
0.0 -31.554811 105.001625
6.5 -39.054737 105.001625
3.110889 29.651325 49.058056
6.5 29.266258 50.925228
2.598267 28.107368 52.177315
-6.5 29.707306 11.325791
-6.5 18.812733 8.140018
6.5 -34.084599 76.014603
6.5 -30.607559 79.321129
6.5 -36.112255 78.050774
6.5 -18.681549 83.149284
-6.5 34.487198 30.175442
-6.5 38.415108 26.481087
0.657335 -31.144302 38.25425
-6.5 36.552544 42.561333
-6.5 42.393303 42.726139
-31.929247 6.5 71.112144
-35.190842 6.5 68.076599
0.0 -6.891758 65.005745
-6.5 32.49345 25.626287
6.5 -31.250719 45.191235
6.5 -31.734407 40.903843
3.22661 -30.437475 46.249069
-6.5 -43.040829 88.664398
6.5 -22.55978 59.384579
6.5 -19.688398 61.418446
6.5 -25.371592 64.992981
-6.5 35.782867 35.395424
-6.5 39.494156 48.114792
-6.5 43.66153 47.48785
-6.5 42.168514 52.12434
21.538465 6.5 2.855706
20.325176 1.606315 2.913362
-6.5 30.742186 63.131721
-6.5 36.386246 60.279224
-6.5 32.282284 55.912895
-43.084938 6.5 35.149529
-33.094643 6.5 9.87041
-33.284718 2.782263 10.481474
-36.275558 6.5 12.995372
-6.5 -24.324814 57.762192
-6.5 -21.02457 60.537769
-0.112732 -23.887228 57.661564
-6.891758 -6.5 65.005745
40.689388 6.5 32.13961
-1.96715 30.443794 34.952522
-0.678691 31.053244 40.757576
-6.5 31.630547 38.35363
-6.5 30.946289 46.270264
-1.299294 29.175058 49.886959
-6.5 -24.199013 87.367058
0.128935 -24.680794 88.497475
-6.5 32.490299 90.935135
-6.5 28.587324 86.106766
-6.5 35.551758 96.381737
2.026982 16.523523 82.728371
2.131495 20.306398 84.876823
-32.294117 6.5 16.519825
33.209339 -6.5 21.8099
-46.472519 2.000939 38.647923
-44.288471 -0.199599 27.024124
-6.5 -26.468475 5.219156
-6.5 -22.86187 3.368625
-43.534252 -6.5 55.726959
-2.508058 12.380237 16.199903
41.410336 6.5 42.485577
21.022657 6.5 13.437767
36.425034 -6.5 33.954002
31.005365 -6.5 33.767693
46.48933 -6.5 35.096294
-6.5 -39.751568 93.391884
16.30163 6.5 13.551826
1.911739 29.459139 31.640108
6.5 -6.891758 80.003754
12.551787 1.139038 63.735729
-6.5 -20.605801 84.351791
-6.5 -45.175144 28.747723
-6.5 -42.213913 29.297262
-6.5 -43.976048 25.301613
6.5 -30.855858 99.385223
1.035775 -32.936295 10.284423
-6.5 -28.568541 93.170502
-6.5 -27.027857 90.694336
-36.405628 -0.014854 13.693006
1.270967 30.597239 45.797131
6.5 44.414749 92.093727
14.454732 6.5 63.805244
17.993139 6.5 68.228088
6.5 46.554661 105.001625
-0.0 46.554661 105.001625
6.5 39.054737 105.001625
6.5 23.30768 58.781746
6.5 18.941652 61.724415
2.228784 10.31489 64.428757
6.5 6.891758 65.005745
6.5 11.806489 64.420486
-32.761314 -6.5 93.051979
-6.5 29.512356 29.546047
-3.172579 28.917557 29.93181
-6.5 30.543055 32.235634
6.5 -10.866808 9.911385
1.649402 11.839853 81.181122
-2.746647 10.801437 80.842522
-29.207752 3.527862 50.170631
6.5 31.374256 88.593834
35.051098 6.5 51.901524
37.790054 6.5 58.39711
6.5 -6.499999 7.501479
10.343714 -6.5 10.223485
-6.5 -11.95764 64.367561
-6.5 -30.267956 56.615387
6.5 -6.891758 72.504753
-6.5 31.850819 8.82864
-6.5 28.896837 6.686798
-2.56928 44.064507 91.983139
-1.807798 45.229496 96.352997
2.371061 44.635818 93.856117
-6.5 -29.579435 76.169601
6.5 27.872606 53.444973
-46.100349 6.5 99.277336
-46.554661 6.5 105.001625
-13.872068 6.5 16.078472
-13.06393 2.103123 16.258911
-7.099177 6.5 14.99985
36.91061 -6.5 78.988907
39.877563 -6.5 82.917038
-45.72274 0.218176 46.998386
20.605801 -6.5 84.351791
7.099177 6.5 0.003107
-29.995333 6.5 72.589676
6.5 -33.642277 82.610489
6.5 -38.454765 80.907463
0.663716 -28.880505 7.12911
6.5 -36.66296 85.496529
-6.5 12.819247 64.183006
-2.731899 11.296417 64.131699
-6.5 -6.499999 14.99985
-6.098261 -0.145533 15.086129
-7.099177 -6.5 14.99985
-9.379865 -0.902333 15.451528
-42.413643 6.5 22.008837
-2.303139 29.995975 7.85505
-2.217124 42.980198 24.302704
31.641886 -6.5 37.551052
30.83753 -2.382538 36.242676
-6.5 -39.130814 25.403976
-6.5 -32.80743 25.535425
45.227337 -3.082473 30.444347
43.497231 -2.147326 25.408661
1.73416 41.459946 21.056677
-0.018245 38.79615 16.711472
-6.5 -36.396584 43.298008
6.5 -27.073652 25.513359
17.347614 6.5 5.197597
15.543316 6.5 0.992534
6.5 -24.151117 22.02998
-6.5 -31.554811 105.001625
-19.23786 -6.5 66.310989
-20.880903 -6.5 84.523705
23.857124 -2.907806 4.415327
-6.5 20.022861 80.47847
6.5 20.921387 19.417484
6.5 -33.46434 69.787567
6.5 -29.995333 72.589676
2.784324 -33.550159 69.264122
16.617216 6.5 9.349769
11.99217 6.5 11.121311
-38.626179 6.5 15.786085
-39.045326 2.74408 17.018589
-34.330967 6.5 51.636284
-6.5 -45.961098 31.895336
-2.710343 -45.584259 31.813227
35.783405 6.5 45.449402
36.218502 6.5 39.684834
46.554661 0.0 105.001625
45.978855 1.179362 101.38916
46.554661 6.5 105.001625
35.281193 6.5 30.33963
41.193134 6.5 36.680878
35.023952 6.5 25.714348
35.901485 6.5 34.560425
-6.5 -29.54244 12.979616
-3.196137 33.222698 10.344768
0.844024 35.329449 12.440171
-6.5 -23.059353 65.343811
-6.5 -27.080381 61.381214
-6.5 -29.853701 66.934547
39.889938 6.5 48.307884
-6.5 19.416084 67.725342
45.203365 6.5 51.159565
43.201027 6.5 50.189037
-39.223644 6.5 48.81493
-6.5 -46.468887 44.803745
-38.870548 -0.931449 82.055328
35.623055 6.5 21.017157
30.271868 -6.5 97.366096
-6.5 -36.948002 98.833878
33.395386 6.5 82.061554
6.5 -31.483732 36.281792
-16.336678 6.5 9.088777
-10.478526 6.5 11.307701
-12.563234 6.5 5.17783
-6.5 21.468182 19.752817
6.5 -30.336185 31.629589
-43.081764 1.922492 23.892996
6.891758 6.5 80.003754
6.891758 6.5 72.504753
6.891758 0.0 80.003754
36.761589 6.5 85.209351
31.332958 6.5 87.373482
35.166004 6.5 90.810379
26.824883 6.5 74.163773
6.5 39.877563 82.917038
6.5 28.781666 28.394281
-18.005232 6.5 68.827644
-46.554661 -6.5 105.001625
-6.5 -6.891758 72.504753
-37.973095 6.5 55.723431
-44.5481 6.5 52.972813
-6.5 -17.712175 62.473831
-0.924502 -45.14975 95.980873
-6.5 -17.946909 68.528793
-43.727787 -6.5 90.379059
-6.5 -24.735538 72.204887
-6.5 -18.011644 76.207909
6.5 30.921108 46.428421
6.5 35.077454 44.626381
-36.030746 -0.15967 78.311935
-45.601147 -6.5 30.521671
-6.5 24.861403 72.124069
-6.5 -34.218613 15.708013
-6.5 -36.247845 20.788414
-6.5 -37.417202 30.256453
-34.167435 6.5 20.651318
6.5 25.021122 74.814842
6.5 26.83831 68.60231
6.5 29.995333 72.589676
-6.5 -36.042767 36.272213
-27.065403 6.5 15.401504
6.5 -23.598213 3.709454
6.5 -23.69574 9.843857
-6.5 31.554811 105.001625
-0.0 31.554811 105.001625
-6.5 39.054737 105.001625
0.226134 -46.374069 41.311241
6.5 31.671059 42.342606
39.054737 -6.5 105.001625
37.95311 6.5 80.257278
-6.5 23.546104 21.505699
-34.70652 1.081406 68.003616
6.5 -28.768648 93.613899
14.567239 -6.5 75.120132
20.253639 -6.5 79.748085
22.112309 -6.5 3.057943
28.956312 -6.5 6.781745
17.886917 -6.5 1.644219
16.141665 -6.5 7.264797
-6.5 -0.0 0.003107
-6.5 -33.95052 61.092918
-35.522034 6.5 77.478546
-45.417233 -2.848262 30.968262
-0.15408 -46.128975 101.354141
6.5 -6.891758 65.005745
6.5 23.850309 80.52169
6.5 19.466597 77.553108
6.5 -45.853004 97.862656
40.251942 -6.5 18.112946
41.255962 -1.750232 20.639553
1.392688 40.180435 83.958549
-6.5 -31.076576 81.652596
-6.5 -24.701361 79.658997
10.459311 -0.097852 80.775337
-17.515287 -1.839148 83.059166
-6.5 -12.203593 70.57357
-6.5 7.099177 14.99985
-6.5 6.499999 14.99985
6.5 -23.826696 79.801361
6.5 -28.115574 84.167511
6.891758 -6.5 80.003754
6.891758 -6.5 72.504753
31.321182 -1.814841 8.976094
-0.201758 6.5 80.003754
6.5 -41.74865 41.348198
33.819588 -6.5 10.579456
37.617752 -6.5 14.515079
6.5 -42.501278 21.963436
3.042573 -42.14323 22.240908
-6.5 -36.016556 12.682238
-6.5 -34.295185 10.961775
29.528557 -1.914047 31.450077
-27.156364 6.5 54.506733
6.5 -41.547909 85.742279
3.628559 -12.976021 63.846439
0.925403 -40.382732 84.266068
23.893906 1.383217 57.535534
26.760468 1.773414 54.132256
25.434216 -2.660397 55.962048
-39.85762 6.5 62.482121
6.891758 6.5 65.005745
6.891758 0.0 65.005745
-39.054737 -6.5 105.001625
0.188252 -6.140878 15.094517
-6.5 34.315277 49.794991
-6.5 -42.120754 21.246801
-7.099177 -6.5 0.003107
44.956028 -6.5 94.072784
-6.5 -46.623108 36.915768
-6.5 -41.621315 34.180798
-34.015579 6.5 60.877335
6.488242 6.5 65.005745
-0.201758 6.5 65.005745
-26.305246 -6.5 24.394367
-27.601063 -6.5 21.098324
-23.929411 -6.5 21.798819
-6.5 11.446791 73.114113
-6.5 -11.9041 9.936006
-6.5 -6.499999 7.501479
-0.850955 46.093544 101.425697
6.5 42.400738 96.085327
6.5 39.67078 92.889908
-6.5 35.962276 21.35527
0.15877 -37.848495 80.429108
34.390965 -6.5 76.288116
32.209564 0.201516 74.526321
-30.057587 6.5 7.503585
1.947641 -18.650896 2.188085
-0.55549 -23.836395 4.188757
-6.5 -30.882004 8.092311
-2.999584 -30.539862 8.263254
-25.98562 -6.5 17.59149
6.5 -26.440275 89.919609
6.5 -31.899921 87.718605
6.5 -33.373474 15.528428
-6.5 -42.119144 101.056175
33.799419 6.5 16.732346
-6.5 -19.05728 1.969639
28.781666 -6.5 28.394281
26.903965 6.5 25.242449
30.220026 6.5 22.290752
0.971465 13.920693 1.12877
-0.670996 20.399494 2.926714
-6.5 23.297468 3.638203
-6.5 15.543316 0.992534
-6.5 43.660927 98.823807
-6.5 44.912827 93.65918
-9.156579 -1.10765 64.675064
-16.458883 -6.5 72.252815
-23.215645 -6.5 58.799877
-27.916809 -6.5 53.28421
-9.765187 -6.5 64.806702
-24.995073 6.5 57.074852
-6.5 39.639801 62.82439
6.5 -37.411583 65.713768
-6.5 -37.772186 65.223709
6.5 -26.609673 70.551811
6.5 -20.908569 67.254868
-30.860891 -6.5 23.191898
-27.906607 2.262905 52.500462
-40.948742 6.5 96.016441
-41.763767 6.5 100.911949
-19.979094 -6.5 18.892481
-3.70062 -33.497711 10.636348
14.674476 -6.5 16.327686
-38.170502 -2.79126 63.950077
-5.357669 6.5 71.580093
-6.5 23.940796 82.211899
-35.361897 -6.5 26.974962
6.5 22.276457 85.633453
-6.5 -6.891758 65.005745
6.891758 -6.5 65.005745
1.071063 39.34584 62.551006
6.5 -36.380795 43.302799
6.5 -37.402309 37.83897
6.5 -35.294441 48.070213
27.131697 6.5 16.277212
6.5 -34.858738 62.314167
6.5 -15.932847 69.885429
-6.5 -39.76083 17.46748
6.5 -22.054741 73.404419
6.5 -27.863113 75.280525
6.5 -37.769627 90.503418
-7.099177 6.5 0.003107
-39.054737 6.5 105.001625
0.068187 -0.002463 15.054983
6.5 31.554811 105.001625
6.5 -22.276457 85.633453
0.178507 35.718445 66.992386
-6.5 -14.35501 0.730402
-0.75871 -13.369374 0.926647
6.5 -34.54295 21.215469
6.5 -28.583647 18.791571
-19.067375 -6.5 1.938314
-19.035501 -2.785579 2.27175
-29.015581 6.5 59.112263
6.5 25.101957 88.294167
-2.715624 -43.656002 54.766941
6.5 -36.61747 96.351303
6.5 -35.913452 101.114319
6.5 -41.48436 99.831779
-21.54213 6.5 7.031677
41.274323 6.5 92.044693
25.63386 6.5 56.361221
-6.5 35.173946 68.058594
31.146795 -3.293507 41.192089
26.996599 -1.408092 26.289248
31.539221 6.5 42.650196
-23.748249 -6.5 12.497902
6.5 22.07972 64.977219
32.647297 -6.5 62.481956
6.5 -40.936687 28.703201
6.5 -36.161999 32.480442
30.591501 6.5 47.6656
6.5 25.363558 23.305979
-6.5 -30.142956 96.897026
-6.5 -11.5216 76.826462
-6.5 46.054356 99.077209
-6.5 46.554661 105.001625
-0.201758 -6.5 80.003754
-6.5 39.594204 100.941605
-6.891758 6.5 65.005745
-12.287395 6.5 64.373131
2.174816 23.711121 87.767441
6.5 -35.258793 26.917583
-9.576283 -6.5 3.256375
-46.554661 -0.0 105.001625
6.5 34.124065 93.556931
-6.5 -41.469288 40.448368
-14.749967 6.5 0.823145
-13.635216 -6.5 8.033566
-14.147145 -6.5 0.74067
7.099177 -6.5 0.003107
6.5 32.381191 70.704788
-0.0 29.995333 72.589676
6.5 18.390108 83.006798
-17.039457 6.5 17.190989
-32.345566 -6.5 82.955765
-10.867878 -7.5e-05 0.481356
-16.24449 6.5 63.109146
29.995333 6.5 72.589676
36.873661 6.5 96.398529
-30.912836 -6.5 46.014053
-2.091156 -41.850468 21.778513
-0.0 6.5 0.003107
-17.566994 0.521133 17.940275
-46.151325 -0.113248 34.968304
2.283924 6.5 72.350639
-6.5 28.512274 78.924652
-29.996143 -6.5 88.245064
6.5 42.199963 100.527573
6.5 37.124664 98.897087
0.231071 -20.246122 60.67738
0.0 -6.499999 0.003107
-6.5 -7.099177 0.003107
0.238709 37.491726 80.264305
33.46434 6.5 69.787567
-6.5 29.67993 20.957966
-3.450716 -39.248077 17.412241
-28.358576 -6.5 27.441393
-29.731691 -6.5 12.746089
0.039769 33.236694 75.674187
-31.554811 6.5 105.001625
28.741692 6.5 51.915073
32.109692 6.5 58.110291
28.557957 6.5 63.756733
-6.5 37.87516 53.996391
-6.5 29.995333 72.589676
6.5 37.77219 65.223709
0.173867 6.231216 15.120648
6.5 -15.793947 63.275578
29.002178 1.538943 50.20155
-22.037785 1.024567 20.700443
31.043774 1.663999 39.307991
6.5 -46.554661 105.001625
-30.867617 6.5 99.216599
6.5 37.106804 88.407616
-6.5 36.408142 78.545616
-6.5 26.903965 25.242449
0.501477 26.520149 26.030416
12.899061 -6.5 64.176559
-6.5 24.981152 65.589302
-1.649371 30.127016 99.469337
-37.013802 6.5 35.201851
11.14694 -6.5 0.24721
46.554661 -6.5 105.001625
39.054737 6.5 105.001625
11.928214 -6.5 69.058861
1.149558 43.869999 53.572601
2.325825 -28.896589 50.500439
1.499303 -16.592813 62.57029
29.490549 6.5 95.240616
-25.834215 0.150879 24.556248
6.5 15.14544 81.532822
-20.923973 -6.5 7.39739
-18.342426 -6.5 12.542658
38.478424 6.5 101.671272
-30.925261 -6.5 18.516581
-36.653103 -6.5 78.668968
6.5 41.754295 59.310852
-39.734802 -6.5 89.87899
-15.607884 -4.5e-05 1.322301
30.560663 0.435965 45.272797
-35.37323 -6.5 88.449364
2.351684 43.45549 25.283066
6.5 8.883593 12.13992
-31.73938 -6.5 39.488556
42.758854 2.462637 23.602608
14.257001 -6.5 81.382088
-30.240517 -6.5 31.323914
-39.641491 -6.5 82.703873
-28.187241 -2.769629 28.137014
13.183748 -0.81562 0.965851
-13.425662 -6.5 15.891995
-28.776928 -1.273902 50.52845
-8.386727 -6.5 71.182121
-0.450918 -6.5 74.783974
