3.929 	-50.505 	8.780 
-2.844 	-48.852 	15.240 
-2.292 	-52.002 	6.390 
-71.639 	-15.358 	54.447 
-69.297 	-16.945 	42.692 
-68.991 	-26.854 	50.101 
-36.413 	-41.744 	33.166 
-24.321 	-42.250 	31.284 
-28.979 	-45.134 	41.094 
14.366 	-49.840 	6.334 
8.378 	-53.981 	15.337 
-56.587 	22.253 	109.184 
-47.539 	31.918 	110.654 
-45.776 	19.903 	109.505 
-37.059 	-14.010 	13.826 
-36.321 	-24.388 	17.677 
-45.441 	-15.450 	19.035 
-37.704 	-25.117 	5.797 
-35.145 	-35.000 	9.866 
-51.684 	-40.634 	108.066 
-61.876 	-39.179 	108.197 
-60.631 	-47.189 	100.538 
29.868 	14.618 	73.334 
25.122 	8.531 	82.026 
36.216 	6.659 	78.850 
-58.479 	38.675 	130.567 
-53.915 	44.683 	124.206 
-56.151 	35.623 	120.872 
-65.792 	1.995 	87.858 
-60.426 	4.441 	78.516 
-67.972 	-0.700 	78.571 
-69.532 	-4.577 	46.315 
-68.074 	-4.380 	60.403 
-65.984 	3.535 	52.809 
-43.363 	-36.785 	5.474 
-45.372 	-41.749 	0.005 
-38.868 	-43.567 	5.901 
-15.753 	-31.721 	77.140 
-2.941 	-32.771 	80.575 
-11.746 	-22.143 	82.929 
-74.381 	-20.869 	91.490 
-73.669 	-9.422 	85.336 
-76.774 	-22.763 	81.094 
-55.716 	32.854 	112.042 
50.162 	-13.571 	74.382 
55.961 	-14.432 	65.872 
53.472 	-5.175 	69.307 
23.008 	19.616 	65.180 
18.837 	16.064 	75.229 
-70.929 	-15.061 	65.806 
-24.784 	-40.219 	13.328 
-31.697 	-37.247 	21.788 
-53.376 	-51.683 	89.641 
-60.747 	-51.664 	79.235 
-49.289 	-51.111 	78.869 
50.131 	-34.400 	10.906 
39.333 	-41.614 	7.854 
42.923 	-32.547 	0.050 
-35.957 	-17.844 	6.998 
-31.758 	-29.988 	87.522 
-37.078 	-38.079 	81.042 
-27.588 	-32.976 	76.709 
-49.387 	49.182 	135.351 
-48.419 	-42.885 	96.759 
-55.639 	-16.577 	25.204 
-51.662 	-6.437 	22.318 
8.254 	-58.096 	32.835 
1.606 	-55.067 	25.390 
13.835 	-57.406 	24.289 
-49.154 	-25.391 	23.535 
13.309 	-20.194 	89.765 
24.352 	-15.263 	89.881 
16.899 	-7.269 	90.849 
20.954 	-54.574 	14.947 
28.375 	-47.786 	7.317 
-60.396 	-8.012 	29.657 
-49.448 	-40.301 	37.038 
-43.342 	-34.829 	25.751 
-63.341 	0.469 	69.875 
24.999 	-26.300 	88.495 
-12.751 	-39.208 	14.457 
-20.855 	-42.015 	21.842 
31.051 	-3.681 	87.650 
59.040 	1.373 	26.042 
65.677 	-4.724 	30.195 
67.299 	1.760 	20.304 
-44.929 	-44.330 	85.689 
-54.465 	-46.337 	70.705 
-58.131 	-37.889 	65.526 
-48.312 	-41.464 	63.334 
34.855 	-18.540 	87.159 
-41.651 	-31.270 	5.271 
35.504 	-30.935 	82.029 
-39.353 	-45.120 	44.397 
-38.725 	-45.020 	56.066 
-49.852 	-44.212 	50.721 
-41.673 	-47.647 	0.045 
-63.670 	-33.454 	58.095 
-65.313 	-31.929 	68.282 
-69.093 	-24.577 	61.410 
-7.039 	7.233 	117.367 
-14.385 	3.808 	113.627 
-14.119 	11.761 	119.671 
2.164 	-56.191 	50.926 
-2.343 	-56.749 	38.585 
10.361 	-58.274 	42.618 
-23.832 	-44.315 	0.084 
10.838 	-38.570 	79.280 
7.124 	-29.436 	86.204 
-20.542 	-2.503 	86.458 
-30.260 	-7.602 	92.970 
-20.615 	-14.287 	87.035 
-73.761 	-34.001 	75.837 
-65.792 	-42.950 	71.183 
-72.408 	-45.727 	82.425 
-19.304 	-0.328 	130.757 
-10.989 	5.053 	124.659 
-12.909 	7.660 	136.428 
19.253 	2.146 	87.259 
-60.775 	-37.164 	46.338 
-58.447 	-33.899 	35.315 
13.843 	-56.002 	53.977 
-31.630 	-44.826 	49.643 
-27.728 	-43.837 	57.831 
-70.885 	-23.786 	71.499 
-48.649 	36.927 	128.360 
-46.137 	44.061 	126.720 
-9.192 	-38.393 	71.798 
-18.856 	22.111 	5.937 
-25.107 	15.685 	4.669 
-20.808 	11.071 	9.090 
59.818 	-14.752 	56.828 
58.962 	-7.046 	61.846 
-69.309 	-12.483 	108.619 
-63.726 	-23.366 	113.317 
-55.033 	-12.771 	114.759 
-29.514 	-19.380 	92.194 
-33.127 	-13.655 	105.715 
-47.613 	6.007 	114.194 
-37.463 	0.278 	112.749 
-45.844 	6.866 	107.834 
-43.518 	-20.345 	0.271 
-12.966 	28.135 	32.240 
-12.696 	30.168 	43.581 
-7.528 	35.958 	39.371 
-2.805 	14.788 	135.734 
-8.169 	15.484 	138.999 
-5.602 	11.957 	131.836 
-12.317 	28.351 	0.000 
-8.628 	25.000 	7.827 
-42.238 	-34.936 	103.383 
1.478 	21.150 	64.045 
-10.939 	24.321 	53.880 
-11.576 	19.048 	67.136 
-18.734 	-44.208 	40.268 
-11.047 	-48.984 	42.691 
-15.731 	-44.515 	47.773 
-2.007 	14.114 	121.960 
-50.618 	15.443 	52.063 
-55.733 	12.890 	42.317 
-59.856 	10.450 	52.017 
54.582 	-27.558 	-0.035 
64.087 	-28.516 	8.349 
-23.769 	9.209 	81.115 
-36.885 	7.645 	82.484 
-31.667 	1.202 	88.018 
-36.891 	4.190 	10.656 
-29.055 	10.308 	17.739 
-30.512 	8.976 	7.122 
-70.189 	-44.323 	93.795 
-70.065 	-38.159 	102.316 
14.054 	25.848 	57.507 
12.999 	20.068 	67.590 
-22.959 	-24.933 	83.709 
42.470 	-10.667 	82.003 
44.823 	-22.315 	79.419 
19.656 	26.115 	5.768 
10.985 	29.354 	9.601 
18.933 	29.567 	14.723 
-35.178 	-39.646 	67.894 
-12.907 	18.940 	13.803 
-7.286 	29.230 	18.755 
-28.980 	-42.130 	5.956 
-9.417 	-43.700 	29.620 
-14.149 	20.818 	23.066 
-6.347 	34.172 	48.156 
3.266 	37.047 	42.761 
-64.718 	-27.071 	38.871 
21.411 	32.690 	37.008 
13.504 	34.506 	42.142 
20.460 	31.913 	48.155 
27.692 	24.789 	55.043 
11.018 	34.077 	49.903 
1.901 	30.902 	53.974 
-18.836 	-43.013 	6.066 
-22.314 	10.063 	128.667 
-11.677 	15.627 	129.509 
5.062 	-9.629 	87.932 
-8.244 	-9.424 	85.016 
0.047 	-20.833 	86.870 
-43.544 	0.181 	5.668 
-42.335 	6.889 	0.000 
-48.745 	4.143 	0.000 
-26.475 	20.981 	0.000 
-21.143 	26.754 	0.000 
-12.307 	28.355 	0.000 
-2.541 	26.704 	0.000 
-55.914 	1.411 	29.237 
-17.587 	-44.768 	56.108 
-23.381 	-44.388 	48.758 
66.977 	-30.260 	20.850 
58.921 	-29.406 	27.743 
58.691 	-32.384 	18.148 
-41.878 	4.355 	94.392 
-73.181 	-25.053 	102.993 
-71.985 	-14.378 	97.384 
-6.218 	-53.389 	48.432 
-3.676 	-50.195 	54.955 
-9.699 	-46.631 	51.537 
-57.926 	26.994 	117.999 
-56.021 	26.235 	128.211 
1.109 	28.904 	9.039 
-74.129 	-15.354 	74.667 
7.603 	33.581 	19.443 
-38.636 	17.123 	66.007 
-32.542 	14.466 	73.472 
-29.334 	18.662 	63.265 
34.379 	-49.441 	54.803 
28.918 	-46.077 	62.522 
25.141 	-52.616 	54.504 
-73.939 	-33.161 	90.126 
-20.106 	-39.944 	67.413 
10.783 	34.720 	32.770 
57.142 	-22.070 	61.123 
0.971 	-41.732 	70.772 
11.018 	-44.011 	68.552 
36.357 	-44.175 	0.001 
-34.708 	-1.291 	102.167 
-10.048 	-49.298 	7.537 
7.554 	15.368 	74.728 
-4.027 	14.500 	74.924 
62.041 	2.556 	8.894 
65.262 	-5.448 	5.016 
60.011 	-2.321 	3.582 
17.423 	-46.940 	60.914 
4.997 	-47.483 	59.561 
-50.616 	10.495 	32.361 
-46.187 	3.509 	23.707 
-18.157 	22.000 	42.464 
-24.780 	21.658 	52.884 
-44.496 	17.110 	41.211 
75.072 	-6.773 	22.838 
21.944 	-56.939 	44.742 
-2.204 	20.577 	131.412 
-17.177 	12.621 	19.889 
-21.429 	15.554 	30.289 
-24.062 	-2.047 	107.571 
-19.762 	-3.391 	119.885 
51.724 	12.374 	52.369 
58.282 	4.688 	47.062 
51.990 	14.727 	39.342 
-37.835 	4.739 	19.406 
-53.005 	-4.263 	0.000 
-49.604 	-1.152 	3.227 
32.378 	-52.952 	46.228 
39.638 	-50.629 	38.181 
41.285 	-47.542 	48.407 
-58.988 	8.771 	110.836 
-62.702 	-1.583 	109.647 
-50.706 	-0.111 	114.554 
42.318 	20.420 	13.623 
36.197 	13.460 	0.315 
31.101 	23.500 	6.431 
-37.539 	12.553 	28.866 
-45.986 	51.127 	122.449 
-53.165 	-23.992 	114.593 
-31.058 	-1.303 	125.029 
-39.904 	-8.625 	117.087 
-28.306 	-8.783 	116.149 
57.354 	-2.555 	1.584 
59.396 	-8.562 	0.017 
54.502 	-1.025 	0.012 
52.656 	-23.591 	69.733 
45.249 	-33.711 	72.140 
53.294 	-32.309 	59.453 
-70.305 	-7.067 	72.304 
38.472 	24.248 	24.859 
29.891 	27.535 	17.874 
30.647 	28.855 	30.632 
59.011 	3.696 	35.197 
-7.684 	-43.869 	61.580 
-6.726 	-55.277 	0.009 
3.053 	-52.033 	0.007 
-40.682 	7.567 	0.027 
-55.047 	7.817 	69.172 
-52.574 	7.420 	78.711 
-44.376 	11.078 	73.987 
23.736 	-35.723 	80.695 
32.943 	-39.297 	71.911 
-47.204 	7.173 	85.006 
-51.128 	6.741 	93.478 
-0.381 	-0.935 	85.531 
-30.993 	19.024 	41.380 
40.695 	23.409 	35.887 
-51.218 	11.496 	102.503 
30.936 	28.165 	43.106 
41.369 	20.649 	50.627 
32.874 	20.240 	0.000 
15.998 	-30.687 	85.930 
56.264 	4.833 	18.423 
18.429 	-57.931 	34.189 
-26.672 	11.642 	5.275 
48.246 	6.440 	8.515 
-68.378 	-4.450 	98.235 
36.527 	-50.425 	27.527 
32.912 	-49.858 	16.651 
43.246 	-43.563 	19.386 
41.599 	-1.244 	80.567 
75.316 	-20.037 	17.731 
73.592 	-14.002 	30.768 
-63.599 	5.746 	43.882 
-52.507 	43.185 	113.337 
-45.809 	-42.152 	74.913 
2.657 	7.586 	81.493 
-9.776 	4.600 	81.562 
55.367 	1.214 	3.087 
7.232 	25.051 	0.002 
-2.538 	26.705 	0.000 
45.740 	-44.380 	30.992 
51.832 	-36.978 	23.998 
53.929 	-37.124 	36.990 
-29.963 	10.878 	0.070 
-59.145 	16.896 	119.880 
-53.275 	7.586 	119.180 
-48.443 	-12.428 	0.000 
-47.609 	-6.785 	5.122 
-38.395 	19.347 	54.315 
19.925 	31.335 	25.379 
-43.304 	-19.879 	114.541 
-25.747 	8.041 	116.026 
55.415 	3.382 	60.497 
46.165 	13.475 	62.566 
25.647 	-55.056 	25.408 
-27.645 	17.637 	0.000 
-39.516 	-36.604 	92.305 
-14.186 	13.428 	75.661 
-21.885 	16.371 	70.640 
29.520 	-55.126 	35.958 
-46.229 	-31.198 	113.233 
-37.108 	-26.657 	108.867 
67.825 	-23.585 	29.830 
47.220 	4.630 	72.782 
20.849 	-42.126 	70.843 
50.729 	-41.317 	49.268 
56.402 	-32.410 	47.523 
71.561 	-6.126 	11.877 
-63.797 	-17.524 	32.888 
-66.436 	-9.429 	36.932 
46.838 	17.950 	26.544 
47.939 	-4.988 	76.802 
-19.697 	20.044 	61.564 
-56.407 	6.902 	87.082 
-1.654 	36.027 	30.260 
24.988 	27.041 	11.065 
-48.121 	15.056 	119.061 
63.384 	-14.477 	34.888 
-34.604 	-0.814 	94.414 
9.351 	0.596 	86.883 
-65.123 	-51.862 	89.947 
-41.406 	-11.990 	6.562 
-57.284 	-31.984 	111.820 
-66.381 	-32.166 	109.454 
67.844 	-14.982 	5.139 
46.671 	-44.663 	40.745 
50.254 	12.350 	18.655 
61.942 	-5.070 	41.153 
39.364 	12.438 	70.828 
34.737 	18.034 	63.137 
-52.365 	-32.788 	29.453 
-35.427 	-26.913 	98.388 
-45.502 	39.256 	120.066 
-63.396 	-0.920 	36.387 
-40.292 	-5.105 	14.915 
42.333 	-43.684 	60.942 
-59.003 	3.979 	98.513 
-62.189 	5.801 	60.960 
54.343 	9.472 	27.299 
-58.478 	-26.102 	29.729 
-45.325 	27.777 	120.418 
26.773 	21.745 	0.010 
17.002 	23.398 	0.006 
-46.195 	-32.380 	3.862 
58.940 	-18.129 	0.031 
-47.355 	14.463 	62.711 
12.832 	-48.789 	0.005 
-56.579 	-39.519 	56.867 
-46.183 	-27.025 	0.000 
60.593 	-24.327 	52.281 
61.464 	-14.895 	46.229 
-55.263 	11.234 	59.502 
-58.792 	6.733 	36.085 
47.884 	1.308 	0.000 
41.409 	3.598 	0.000 
-15.140 	-52.224 	0.000 
60.566 	-5.395 	52.491 
2.725 	25.814 	0.000 
60.812 	-25.332 	39.400 
13.714 	9.192 	82.290 
-49.044 	-35.818 	0.000 