0.000 	68.000 	0.000 
7.852 	55.929 	0.000 
11.636 	46.107 	0.000 
13.937 	38.314 	0.000 
15.506 	31.925 	0.000 
16.648 	26.481 	0.000 
17.502 	21.709 	0.000 
18.138 	17.461 	0.000 
18.596 	13.685 	0.000 
18.900 	10.430 	0.000 
19.075 	7.924 	0.000 
19.253 	3.665 	0.000 
19.380 	0.000 	0.000 
0.000 	82.960 	0.000 
7.852 	80.071 	0.000 
25.500 	68.000 	0.000 
34.552 	55.906 	0.000 
38.996 	46.072 	0.000 
41.474 	38.136 	0.000 
43.010 	31.458 	0.000 
44.015 	25.652 	0.000 
44.685 	20.514 	0.000 
45.124 	15.973 	0.000 
45.397 	12.087 	0.000 
45.547 	9.123 	0.000 
45.696 	4.162 	0.000 
45.730 	0.000 	0.000 
0.000 	92.990 	0.000 
11.636 	89.893 	0.000 
34.552 	80.094 	0.000 
51.000 	68.000 	0.000 
60.350 	55.802 	0.000 
65.175 	45.585 	0.000 
67.894 	37.151 	0.000 
69.556 	29.988 	0.000 
70.613 	23.776 	0.000 
71.286 	18.378 	0.000 
71.696 	13.823 	0.000 
71.920 	10.386 	0.000 
72.141 	4.703 	0.000 
72.250 	0.000 	0.000 
0.000 	100.980 	0.000 
13.937 	97.686 	0.000 
38.996 	89.928 	0.000 
60.350 	80.198 	0.000 
76.500 	68.000 	0.000 
86.186 	55.679 	0.000 
91.559 	45.000 	0.000 
94.683 	35.979 	0.000 
96.585 	28.279 	0.000 
97.756 	21.695 	0.000 
98.452 	16.217 	0.000 
98.824 	12.130 	0.000 
99.185 	5.453 	0.000 
99.280 	0.000 	0.000 
0.000 	107.270 	0.000 
15.506 	104.075 	0.000 
41.474 	97.864 	0.000 
65.175 	90.415 	0.000 
86.186 	80.321 	0.000 
102.000 	68.000 	0.000 
112.060 	55.563 	0.000 
118.107 	44.407 	0.000 
121.771 	34.743 	0.000 
123.989 	26.494 	0.000 
125.282 	19.684 	0.000 
125.960 	14.648 	0.000 
126.603 	6.527 	0.000 
126.820 	0.000 	0.000 
0.000 	112.710 	0.000 
16.648 	109.519 	0.000 
43.010 	104.542 	0.000 
67.894 	98.849 	0.000 
91.559 	91.000 	0.000 
112.060 	80.437 	0.000 
127.500 	68.000 	0.000 
137.945 	55.463 	0.000 
144.761 	43.867 	0.000 
149.102 	33.596 	0.000 
151.716 	24.950 	0.000 
153.103 	18.514 	0.000 
154.410 	8.175 	0.000 
154.700 	0.000 	0.000 
0.000 	117.470 	0.000 
17.502 	114.291 	0.000 
44.015 	110.348 	0.000 
69.556 	106.012 	0.000 
94.683 	100.021 	0.000 
118.107 	91.593 	0.000 
137.945 	80.537 	0.000 
153.000 	68.000 	0.000 
163.803 	55.395 	0.000 
171.373 	43.527 	0.000 
176.440 	33.009 	0.000 
179.429 	24.827 	0.000 
182.585 	11.064 	0.000 
183.430 	0.000 	0.000 
0.000 	121.720 	0.000 
18.138 	118.539 	0.000 
44.685 	115.486 	0.000 
70.613 	112.224 	0.000 
96.585 	107.721 	0.000 
121.771 	101.257 	0.000 
144.761 	92.133 	0.000 
163.803 	80.605 	0.000 
178.500 	68.000 	0.000 
189.533 	55.391 	0.000 
197.471 	43.719 	0.000 
202.683 	34.337 	0.000 
210.011 	17.103 	0.000 
213.180 	0.000 	0.000 
0.000 	125.290 	0.000 
18.596 	122.315 	0.000 
45.124 	120.027 	0.000 
71.286 	117.622 	0.000 
97.756 	114.305 	0.000 
123.989 	109.506 	0.000 
149.102 	102.404 	0.000 
171.373 	92.473 	0.000 
189.533 	80.609 	0.000 
204.000 	68.000 	0.000 
214.853 	55.555 	0.000 
221.823 	45.473 	0.000 
232.773 	27.714 	0.000 
244.711 	6.378 	0.000 
246.330 	0.000 	0.000 
0.000 	128.350 	0.000 
18.900 	125.570 	0.000 
45.397 	123.913 	0.000 
71.696 	122.177 	0.000 
98.452 	119.783 	0.000 
125.282 	116.316 	0.000 
151.716 	111.050 	0.000 
176.440 	102.991 	0.000 
197.471 	92.281 	0.000 
214.853 	80.445 	0.000 
229.500 	68.000 	0.000 
238.669 	56.717 	0.000 
250.306 	40.676 	0.000 
266.762 	27.995 	0.000 
272.000 	26.690 	0.000 
272.000 	52.870 	0.000 
264.027 	55.564 	0.000 
255.000 	68.000 	0.000 
238.669 	79.283 	0.000 
221.823 	90.527 	0.000 
202.683 	101.663 	0.000 
179.429 	111.173 	0.000 
153.103 	117.486 	0.000 
125.960 	121.352 	0.000 
98.824 	123.870 	0.000 
71.920 	125.614 	0.000 
45.547 	126.877 	0.000 
19.075 	128.076 	0.000 
0.000 	130.560 	0.000 
272.000 	68.000 	0.000 
264.027 	80.436 	0.000 
250.306 	95.324 	0.000 
232.773 	108.286 	0.000 
210.011 	118.897 	0.000 
182.585 	124.936 	0.000 
154.410 	127.825 	0.000 
126.603 	129.473 	0.000 
99.185 	130.547 	0.000 
72.141 	131.297 	0.000 
45.696 	131.838 	0.000 
19.253 	132.335 	0.000 
0.000 	133.960 	0.000 
272.000 	83.130 	0.000 
266.615 	107.942 	0.000 
244.638 	129.447 	0.000 
213.180 	136.000 	0.000 
183.430 	136.000 	0.000 
154.700 	136.000 	0.000 
126.820 	136.000 	0.000 
99.280 	136.000 	0.000 
72.250 	136.000 	0.000 
45.730 	136.000 	0.000 
19.380 	136.000 	0.000 
0.000 	53.040 	0.000 
0.000 	43.010 	0.000 
0.000 	35.020 	0.000 
0.000 	28.730 	0.000 
0.000 	23.290 	0.000 
0.000 	18.530 	0.000 
0.000 	14.280 	0.000 
246.330 	136.000 	0.000 
0.000 	10.710 	0.000 
272.000 	109.310 	0.000 
0.000 	7.650 	0.000 
0.000 	5.440 	0.000 
0.000 	2.040 	0.000 
0.000 	136.000 	0.000 
0.000 	0.000 	0.000 