-23.7384 -12.533442 64.877579
-32.28891 -12.488232 69.975937
-31.78097 -12.493639 60.664497
53.258255 -57.092594 80.688858
44.630062 -59.238354 77.257538
49.953484 -52.240463 73.161079
60.50198 69.090813 134.954544
59.426537 68.511276 140.378662
67.228073 65.155266 137.942017
42.630524 -22.315237 67.640327
47.0522 -30.258194 64.803551
42.943565 -22.964417 55.020695
53.582752 61.019436 85.533943
48.551243 65.941963 88.269859
56.498085 62.976524 90.904556
57.971191 65.190475 96.918625
50.992714 70.163567 99.390755
58.696198 67.519211 104.526817
-27.920385 -12.511282 52.628838
-15.907706 -12.658344 58.308281
7.526312 -3.96701 201.202026
4.777847 4.572839 201.032471
0.430477 -3.898011 200.658386
-40.109497 2.672849 58.791283
-44.34798 -0.406115 54.67308
-40.0154 -2.744034 58.890244
39.362999 -16.230728 72.760857
42.267715 -21.82729 76.707504
42.102425 21.636374 165.516678
36.129093 27.827557 162.741623
45.44519 27.426205 160.595032
34.893898 0.032236 66.006706
33.955288 3.942723 73.242134
33.195377 -1.934534 73.380585
41.49324 37.501625 151.479599
39.06649 33.063221 157.611069
32.833843 38.986752 155.547318
20.47566 17.062294 45.483765
27.855804 10.469943 46.017502
16.325184 8.650236 46.784222
25.718811 21.345131 198.856369
34.925922 26.325453 196.356842
26.030703 29.771954 196.844696
-58.064438 3.619309 36.797001
-56.232674 -2.799703 39.957722
-54.215286 4.19748 43.049656
64.318138 60.115662 125.21151
62.908485 57.673748 135.714874
58.60878 50.226799 126.479195
19.673191 33.701374 184.188919
18.592308 31.779755 191.778152
22.953924 38.667225 190.099594
-65.6623 4.530557 16.077484
-66.757347 -3.520186 9.38191
-65.154175 -2.559208 17.921831
24.490559 -41.139698 47.57988
31.81826 -53.739731 47.847775
27.909719 -46.993469 57.151485
-2.4814 4.513312 200.276276
-7.302777 -3.55037 199.338013
54.388603 72.916626 132.202286
60.972252 69.594185 128.705597
55.630932 72.676872 126.667664
-10.281373 13.108501 189.132599
-3.500389 13.851381 180.994583
-10.790186 12.85055 178.678192
-60.877296 -12.48 91.538719
-58.788502 -3.724908 88.452789
-56.884872 -12.48 84.215157
-17.513319 12.662374 186.432999
-17.997826 12.48 196.889282
28.498802 -34.646957 160.999344
39.179054 -31.49815 158.613754
33.854382 -37.240337 155.976257
-49.771049 -12.478178 37.858662
-40.22007 -12.477905 32.459969
-38.426971 -12.477341 43.772339
-37.446251 -4.790602 9.387733
-36.522701 3.627278 12.476851
-35.3214 -4.355227 16.757633
56.463261 63.308804 157.910904
48.869526 67.302689 158.638031
53.283066 61.693115 163.519699
48.313339 -32.393993 154.58223
49.529121 -34.499779 151.294083
41.449791 -36.04686 153.185593
34.768936 42.672077 149.997253
43.072311 41.026566 144.937347
-40.382442 -7.736948 65.712288
-44.915134 -12.48 69.380234
-43.413456 -5.352425 68.660446
37.120674 47.082306 12.070593
44.061386 41.611736 15.87826
35.957493 43.852024 20.874825
-36.366444 7.8 62.25132
-39.793888 7.781452 65.191559
-38.752823 12.48 64.021935
-17.272089 -8.583953 85.109055
-21.316971 -8.06493 88.157516
-19.726698 -12.48 85.76638
53.368126 41.149132 129.248093
56.712612 46.942066 134.89064
53.060528 40.616356 134.097443
-63.50922 3.72434 24.020071
45.230747 -43.424202 113.064217
44.287983 -41.56971 106.960777
37.372147 -46.395916 109.036057
51.295296 69.370155 151.723801
-37.625618 -5.604341 114.650314
-35.99559 -6.559045 108.66153
-36.550842 0.026424 111.295753
32.343491 54.657921 40.342346
26.86795 45.200008 38.716518
29.608641 50.033745 50.351524
40.810001 37.658432 190.485229
43.856209 43.743137 185.997025
35.416595 44.774742 188.386185
31.705215 -53.547874 119.415352
38.364933 -48.093136 116.311066
30.922188 -52.191628 111.901459
51.349407 67.384102 93.594528
-38.052036 2.350342 117.534081
26.563868 -1.71582 171.998978
28.635473 -6.700496 171.598373
22.794952 -7.303679 171.369232
15.60856 -0.036093 77.56778
25.951344 -3.336842 77.533356
24.963152 4.040041 77.81105
45.670467 -27.870192 75.152946
52.471165 73.930496 116.588379
52.813847 74.295219 122.870125
59.571373 70.319748 121.471153
-5.754579 -4.414761 80.131577
-12.853102 2.111353 83.301926
-12.480132 -6.535293 82.745399
14.63895 25.841015 177.302933
5.907705 17.918684 182.496078
13.693989 25.649157 187.415115
-39.617455 -6.746362 184.002762
-40.749462 1.919138 182.668808
-44.524521 -5.466834 179.531586
19.851408 -9.005994 78.007149
27.767481 -10.624125 78.531067
46.648724 -29.542393 46.427673
49.066425 -33.741951 56.424244
52.566792 -39.79987 50.451527
45.884518 -44.363827 120.316895
50.952858 72.966301 107.767685
44.23571 50.390419 181.066238
41.664791 57.229034 176.661667
38.431751 54.801834 180.473709
20.531223 34.802597 74.369293
25.379679 42.728535 80.072731
26.209562 44.372639 68.283615
3.056082 -0.95649 78.1614
-4.92302 3.823108 80.002975
-62.415882 -4.574139 96.569519
-63.932957 3.308823 100.950562
-60.821438 4.115175 92.742928
43.074238 -39.449875 147.462006
32.903625 21.932682 166.76564
-43.272324 12.48 67.875603
43.471153 -44.755871 8.326385
46.072056 -41.767315 14.051461
48.494232 -41.804535 10.267452
9.299488 -20.966024 181.672272
15.589625 -27.39249 178.737671
14.634478 -26.545212 189.534348
-28.378611 -12.479237 39.743206
-43.934841 6.707821 69.099823
-46.503021 12.479451 114.302544
-54.914314 12.479444 121.603485
-45.622177 12.479641 122.926651
59.432384 69.305305 113.014534
-11.948251 12.48 43.184772
-15.223742 12.769759 50.717045
-4.950421 12.48 45.958542
13.103515 4.464972 201.130234
23.219387 3.374681 201.072128
18.990082 12.949305 200.539902
-11.18324 -12.48 43.600498
-19.263311 -12.48 38.930523
-14.8276 -4.60559 40.800152
43.07336 40.761856 105.159508
34.912117 42.778652 100.578484
41.065647 36.679943 97.490768
50.39962 -36.034748 37.861923
56.395805 -46.41589 42.924046
32.854317 -5.618176 201.198959
26.814144 -10.877249 200.618011
35.886913 -10.870791 200.39859
-68.164368 0.0 0.002838
-68.164368 4.679999 0.002838
-61.893875 -0.318659 0.002838
-18.625372 -12.527532 47.449711
46.459408 62.528671 81.999275
3.302404 -15.908325 177.87886
7.972159 -17.234221 175.12529
-41.161938 -12.48 66.059608
45.454144 -61.409435 44.44405
50.508129 -53.906933 49.401451
42.179749 -57.633453 50.592278
51.501759 -37.916489 143.460007
-36.366444 4.29 62.25132
-40.080574 2.931025 65.639122
-38.598587 -12.479909 53.592743
-45.679146 -12.4782 46.352928
29.240984 49.276253 86.708359
35.182564 59.552597 83.746468
30.646553 51.758194 76.002335
-39.301811 12.48 117.811333
-39.231758 12.48 123.96109
41.681 70.826439 160.80899
43.620266 74.185349 152.501312
29.722412 50.113552 18.54933
44.591984 60.600777 171.410568
46.765881 64.258621 165.261292
39.670036 67.343338 167.455643
-8.557545 -4.77276 43.912365
-11.789206 2.115123 42.403767
-6.471204 3.497765 44.644302
23.987722 -23.601603 81.51178
30.759689 -17.739634 80.816635
20.886774 -16.386932 79.059143
8.161312 19.073019 194.279099
-22.106543 -12.493151 76.170547
-39.336021 12.48 0.002838
-47.961205 12.479354 5.312956
-37.989883 12.48 7.832736
45.711407 -77.807304 115.095276
45.142021 -76.821106 108.916451
50.764236 -73.178047 110.355186
-24.039822 -4.31403 193.767136
-26.445173 2.461608 192.449341
-29.043354 -4.80317 191.174515
-45.007015 -12.478738 11.769214
-41.278992 -12.477907 21.27305
-48.754406 -12.478172 17.114946
52.701992 -39.995354 10.373211
52.270828 -39.248566 13.748866
55.006062 -43.988846 14.047634
41.359287 -41.812752 19.359404
39.524834 -45.364326 13.393372
34.744259 -46.292393 18.280514
36.079842 45.775497 143.55336
42.780754 43.864574 139.249146
50.824806 36.773655 35.088699
54.387619 42.934536 26.44162
57.477463 48.290813 37.623566
48.000469 31.836588 62.333817
45.301224 27.06406 74.176796
43.099483 23.036854 60.497223
32.4865 -38.298557 192.38681
40.066654 -38.32198 190.223236
39.381256 -32.822189 192.953735
44.634655 -42.123428 140.810196
58.005661 -49.18158 0.002838
53.276009 -40.989582 0.002838
59.015671 -50.932495 9.466842
-21.01758 -4.004155 36.473431
52.584023 -39.791027 137.622879
-68.164368 -6.24 0.002838
33.682377 -56.952557 149.40683
35.170506 -59.54343 135.725021
37.438313 -63.465908 143.779022
-68.164368 -12.48 0.002838
-58.648766 -12.48 0.002838
19.628992 33.866314 62.893986
14.672988 25.954109 69.996262
46.412193 29.047419 171.428131
31.651579 -3.372214 47.556416
35.370522 -5.767835 57.638401
36.648094 -12.189187 45.682461
51.240734 -37.464378 19.172209
41.967949 -36.702179 26.494705
49.038174 -33.649437 26.888315
59.433655 -69.604767 126.768646
67.397682 -65.449043 132.429276
58.986618 -69.160774 136.329971
32.987003 55.767994 182.757858
37.555843 50.130043 184.280457
47.872009 -44.109585 0.002838
41.792511 -47.619583 0.002838
47.939449 -43.221355 4.830868
38.772079 -65.786888 113.370407
34.788124 -8.967627 171.549683
28.692392 -12.758896 170.305374
-19.560228 -12.48 196.304901
-14.4774 -12.48 198.059525
-19.604097 -7.208777 195.822769
53.293434 72.395576 138.950531
50.711136 36.548878 166.608047
-14.447344 -1.958382 197.423218
54.862274 69.693893 145.294464
61.281506 66.286781 144.769211
40.445988 -68.686325 119.403374
-36.912712 -12.48 14.836099
-38.483665 -12.48 6.315493
44.678471 -51.412418 54.850452
-33.268288 3.2182 188.414612
-34.905514 -5.228142 187.437286
-67.155731 4.585814 7.486414
-20.403059 0.457239 195.214279
27.011505 28.557001 165.22905
30.23925 34.342213 160.717056
-53.2528 -12.477912 24.344942
-63.637577 -12.48 25.77236
-66.316566 -12.48 16.180441
59.078228 -69.146889 116.503105
51.37471 -74.394066 121.566666
61.597141 55.407425 101.752541
55.683624 45.165161 105.476219
57.54813 48.398182 97.633484
-4.416291 13.697231 57.740913
-6.720116 13.208611 70.092064
0.380794 14.614893 68.156433
65.680138 62.474171 99.413109
-62.297882 -3.74687 153.276566
-59.681328 -2.237224 159.225006
-61.370106 4.712891 155.853653
-30.0646 4.410844 26.457582
-26.910288 -3.870383 30.602982
-31.959179 -4.109265 23.657171
46.452209 -29.170424 158.5896
43.07214 -23.315958 164.221085
41.341526 -54.005344 70.07975
67.160072 65.037491 110.649704
-24.682842 -12.48 194.133789
62.429199 56.843376 38.441032
55.306969 59.01709 39.781399
60.712517 53.869991 43.491177
45.85376 -43.616241 134.540649
45.931576 -78.188644 121.841499
52.260075 -73.835136 131.841751
-24.649193 12.52 79.72567
-21.207666 12.644092 70.885582
-31.749525 12.514834 70.688698
29.371038 34.369202 194.7565
32.359951 39.527298 191.962036
24.349281 40.807022 193.978836
-39.336021 2.73 0.002838
-50.371872 12.48 0.002838
-42.027527 -12.48 57.716553
-43.722214 -6.944839 55.520187
-47.991222 -12.48 51.763714
-37.6749 6.595089 113.847946
-35.691853 5.651011 108.264679
-38.650818 12.48 114.365692
-3.646438 -12.48 200.56604
40.108936 -68.10144 127.295181
-26.003138 12.627374 59.334976
-40.954311 12.47074 74.832275
-48.281216 12.470217 81.764183
-42.274994 12.469553 83.151932
65.872261 62.806934 149.314362
59.937431 52.527866 144.62204
36.152481 -61.250763 72.925919
39.506981 -67.060928 81.666779
33.483013 -56.599377 81.355255
29.967045 -16.535982 199.585587
15.514141 -3.987063 201.225754
24.259377 -4.679718 201.153427
-12.447567 -12.541228 71.531952
47.738216 -40.757847 62.25132
45.036221 -42.317844 62.25132
49.521629 -43.767086 59.206215
3.724898 -12.48 201.409271
24.528967 41.118248 159.315048
21.85535 36.487404 163.837921
27.046499 45.511127 166.852982
36.772392 -11.035688 195.578598
33.57571 -3.283468 196.847336
34.679482 -7.712142 198.4617
53.055309 54.544498 47.229568
13.519186 -22.048744 171.309616
27.523647 46.305183 190.6315
-52.556152 12.477816 104.451118
-59.35556 12.479336 114.466499
-34.165077 4.086263 19.437445
7.618794 -12.48 201.599991
61.01749 -67.730766 11.550906
53.102425 -71.883575 12.868436
60.019394 -69.327095 5.929154
-47.756557 -4.569315 73.161194
-52.023464 -12.48 77.447067
-53.606056 -1.681379 80.285828
42.321468 21.644758 186.486053
42.549377 22.164541 175.583893
46.502045 29.1359 182.388626
17.359123 -10.63824 201.053177
36.293053 -61.478714 89.481705
46.17466 78.609688 129.331253
45.759789 77.891113 135.85701
50.169472 75.852554 128.079849
53.545704 41.468056 92.987976
32.5121 -38.701481 30.350775
34.338497 -42.796131 24.537683
59.156845 -66.769478 19.462133
51.260956 -70.191681 22.490915
53.159718 -40.788155 132.945206
46.269085 -44.352318 128.04277
-18.852837 12.48 39.227882
-24.307194 12.48 34.796532
-25.96666 12.549232 45.817139
37.067291 48.022476 136.597397
9.385448 -14.888901 201.420547
-42.053692 -12.48 182.830948
-36.977921 -12.467877 177.742325
-35.832275 -12.48 187.520767
-23.911203 5.419321 33.805901
45.875008 28.144115 51.332554
51.200195 37.429893 53.915619
40.067955 17.338314 69.924217
43.40432 -73.811325 96.719452
39.632694 -67.275024 96.99279
41.638741 -70.75325 88.499794
-5.106331 12.48 200.321609
1.505972 12.48 201.234909
-1.893778 14.450053 192.528732
53.614288 -41.581142 22.407909
20.561996 -16.91481 200.248978
59.367771 51.550068 90.314102
11.563384 -7.431293 47.082214
7.618794 -12.48 47.991737
4.539577 -5.318473 46.92794
30.517874 51.491337 140.19928
31.1299 52.551392 133.841797
-36.366444 -9.36 62.25132
-23.980154 -12.48 35.193306
-7.014042 6.179174 169.361588
-5.053771 -2.068806 170.051346
-10.461774 -3.312684 167.748978
66.58194 -64.03614 142.837219
-25.856745 -5.029779 156.296234
-22.061234 4.297042 160.036728
-17.963869 -4.052323 163.306656
-55.58028 -12.48 167.380661
-52.649403 -12.48 171.443115
-53.418407 -6.995276 169.533066
48.252819 32.289162 154.576279
-60.97028 12.48 157.873795
-53.846096 12.477362 154.809036
-63.565834 12.48 151.718307
45.473026 -46.330677 58.830421
-14.405277 12.961248 63.759022
-12.855537 12.731379 73.786407
25.909586 -43.526417 67.286659
20.112045 -33.646183 73.314308
22.16198 -37.335384 60.32872
33.822361 57.204399 168.193939
30.002844 50.586639 157.92131
-27.133783 -12.48 92.602402
0.289291 -12.48 47.044292
67.688522 65.952797 117.100288
15.050832 -24.701635 200.163269
27.950024 47.043694 25.429401
33.782642 39.890923 28.290604
25.351231 42.54245 32.194302
37.979206 -31.748623 33.202744
47.020611 -30.154913 31.463497
30.902107 35.409996 34.369579
30.41235 51.308563 187.012421
22.165239 37.024147 38.076645
-57.355701 4.728858 85.772926
2.166686 -16.733574 186.640427
8.831506 -19.841314 192.689438
2.989263 -14.66874 196.516495
-30.890335 -12.48 190.797272
-2.348033 -4.693332 45.853783
54.569611 43.23016 182.821579
51.187908 37.357712 177.875885
58.416203 49.892666 175.066864
-47.422779 -12.48 177.578339
-60.689373 -12.48 158.202209
-34.293484 12.477262 83.769966
-9.101997 -12.733623 51.487541
-3.639311 -13.652027 61.882996
-4.6653 -12.48 46.013741
-18.192106 -3.398016 86.388824
-48.040928 12.48 72.554634
-48.492695 4.284019 73.946213
-53.552284 12.48 79.305321
-15.700493 6.03116 197.082199
-45.563007 12.472542 92.241753
22.293449 37.611092 174.571442
29.68972 50.106449 177.275818
53.454834 55.911976 79.07843
43.886982 57.716396 75.131279
5.267888 16.653423 57.790474
7.888735 18.632893 67.985703
27.55583 11.695782 78.899292
18.18639 10.864649 77.976723
-36.366444 -4.485 62.25132
27.863832 30.726147 38.959511
-40.089367 -2.262442 65.65168
31.004663 52.334473 10.783015
-37.359394 -12.48 109.876205
-34.208706 -12.48 102.671043
37.900944 -14.359185 199.731903
24.691706 41.888397 56.695644
-11.05863 12.48 80.960037
-6.188428 12.48 78.999649
44.572636 -75.8349 102.737633
-4.640555 9.163469 79.28331
-9.611886 8.752423 81.193748
-17.545347 12.584525 78.020386
61.175083 54.673256 115.059875
-34.322964 12.486097 39.600567
46.192215 78.640091 121.547371
-48.70908 -5.4838 50.162476
42.334217 -43.87785 62.25132
67.023697 64.801277 13.0052
67.356934 65.378471 6.50402
62.303383 67.059891 11.419346
-24.116478 -3.419122 91.098503
24.791424 -23.839302 198.595825
-34.589149 -12.48 20.616838
32.597565 5.17346 77.285942
29.798601 0.0 76.798058
-2.803002 12.48 78.085747
45.771175 77.910835 112.876755
49.639462 -67.853004 30.656057
43.358334 -73.731659 26.804111
29.798601 -0.325517 201.599991
47.55835 -63.762539 85.049629
20.033442 33.331772 41.086857
58.995834 50.89661 48.541321
-22.157955 7.731273 194.685211
63.681423 -59.012302 159.42868
55.362087 -64.048332 157.894485
65.785316 -62.656334 149.745911
53.742104 72.941284 6.604238
45.817562 77.991173 7.598868
50.528046 73.651695 13.161639
-56.126186 12.47754 147.803101
34.401581 -48.626587 12.858703
36.965481 -48.680676 7.408982
31.098728 -52.497406 9.933028
41.425247 20.234348 48.996864
67.690178 65.955658 0.002838
64.312683 67.905663 0.002838
50.879936 36.849636 71.819061
55.253658 44.430286 79.966591
49.459919 34.382 83.349312
44.090477 -58.672192 173.673691
52.135921 -55.838715 171.7164
48.368404 -52.971443 176.761948
18.864363 -31.306866 167.48764
16.66008 -27.488932 169.426086
24.440187 -29.694777 165.595261
60.275528 69.145508 6.194872
-44.12146 6.425007 55.078209
53.424118 -41.246124 125.535103
67.222809 -65.146156 8.275743
63.512569 -58.720505 10.799018
66.755447 -64.336639 16.548647
61.45187 -55.152599 147.976791
5.285434 -12.48 172.664459
-0.515162 -12.48 171.998642
34.228222 -48.557846 62.25132
30.175222 -50.897842 62.25132
35.828979 -50.63554 59.868702
58.571388 61.386093 33.306355
36.760315 49.725979 130.893753
57.495918 -64.656639 27.982166
-65.460457 12.48 144.68515
-29.913759 -4.895885 97.621399
-31.923502 4.609416 100.774055
-34.096046 -2.271857 104.861275
31.741924 53.61145 127.484322
22.789188 -38.104858 162.432053
20.888391 -34.81258 165.151184
65.430702 -62.04213 25.391043
62.847832 -57.569759 19.700916
34.794571 -41.350151 151.325348
-9.176549 4.998877 198.963409
52.254272 -68.882164 151.990173
33.78075 24.341982 40.52832
23.497849 25.128826 42.763874
45.008091 76.589119 106.959473
-28.937273 12.48 29.526659
-39.404945 7.69121 59.560535
-23.382803 -12.56109 186.339844
-21.785923 -12.548347 174.748169
-13.713029 -12.939537 180.85405
32.783512 -28.091509 163.186127
57.557678 71.805656 0.002838
47.770515 -65.233437 163.195053
48.050407 -68.479263 157.951996
-43.080582 12.48 56.718697
36.254719 47.387844 62.25132
36.717834 51.458977 58.933437
30.175222 50.897842 62.25132
30.316885 -51.143215 15.587436
28.437149 -47.887413 23.897133
20.179579 -34.314705 185.723099
19.483332 -32.822765 174.789215
23.592194 -39.67445 177.708267
44.831131 76.282623 19.00889
-65.73629 3.823647 141.33992
-64.634323 -4.249877 146.205048
-63.8657 4.249538 148.852203
17.217133 28.453781 43.471127
64.568787 60.549244 93.715668
32.777527 -55.405163 57.616428
39.499893 33.227966 31.897541
38.319054 49.061916 124.58989
35.193516 -43.83696 188.902756
-67.519386 -12.48 136.320618
-66.0037 -12.48 144.140198
-66.378113 -4.863706 138.302597
-10.205683 12.48 169.054703
-18.329813 12.578013 175.532578
33.387333 56.461388 56.936832
-26.115524 12.48 158.29126
-19.162123 12.48 164.049591
35.703392 60.472919 177.578339
19.156277 -31.812473 198.210388
-50.867638 -0.351951 0.002838
41.248547 -70.072617 138.799469
30.187929 -30.768232 195.707413
31.365417 52.959324 120.319832
31.068354 -52.43716 27.555761
26.874802 -45.181347 28.698898
51.815933 75.120659 0.002838
38.624763 -53.965488 55.825867
-49.699287 -5.711043 174.032944
30.967007 -2.349258 76.883018
32.711327 -5.370507 77.237579
19.543674 -10.37134 46.088615
25.726809 -3.432368 46.588905
29.706877 -13.162277 44.623272
-3.775812 -14.159543 179.799194
23.481827 -39.304546 194.865982
26.658165 -44.806122 191.809723
51.791218 -38.417843 62.25132
61.893677 -55.915821 83.757301
58.840103 -50.626877 75.576111
57.576408 -48.461948 85.130325
38.232628 -27.048775 195.414734
37.824951 48.086197 116.535988
-17.953358 12.48 84.742653
34.602623 3.513003 55.532417
36.364735 8.400115 66.668541
37.665405 63.87122 173.248657
42.604961 -34.14616 94.78656
34.424213 -38.873108 95.236519
43.089809 -38.472801 100.690178
28.937788 11.148428 200.236725
47.944962 -31.755943 94.114677
49.697144 -34.790794 99.140266
53.887924 42.090515 45.432426
48.338123 32.476822 43.427277
40.451576 -18.777008 82.223007
-56.524975 -4.772469 164.721909
30.988913 52.307201 113.155334
44.245007 75.267418 101.042183
-30.671246 -12.48 97.636719
-1.000853 5.377442 171.39653
29.528584 15.134098 169.637558
23.487423 21.892948 168.71579
35.379826 -59.912479 52.981541
36.550621 46.156208 108.397797
56.831463 -61.130169 89.04982
49.66531 -67.492821 93.040977
52.176483 -39.121998 89.334244
53.866505 -42.065712 79.163376
40.367031 54.358356 54.770809
-67.83551 12.48 114.990082
-68.469582 12.48 126.551163
45.61409 -77.638748 7.908149
46.074188 -78.435661 0.002838
52.295944 -74.051491 4.611266
-39.147339 -8.082048 59.817196
43.333965 23.769459 38.819923
36.728008 29.019236 36.763691
44.976147 26.613794 35.973938
-40.975529 -12.481795 77.593559
38.155205 13.484634 56.211658
24.389791 40.877186 90.050545
21.183058 35.322964 85.018738
29.611153 33.228439 88.162148
-25.025354 12.523887 183.310471
-27.282143 12.499111 171.669418
-34.639507 12.485382 179.783051
30.638786 18.326838 43.681618
-51.775959 12.48 47.25555
-45.423107 12.477764 43.661575
-56.698917 12.48 40.117458
12.988068 23.868382 57.526379
35.381794 -8.054887 179.993118
33.435444 -1.140044 181.136169
35.160484 -5.715269 188.76355
62.91589 57.68634 87.445328
26.356012 6.690212 171.406113
29.798601 0.0 172.806259
36.436573 -11.822827 78.980026
54.585102 43.261208 160.106033
44.824829 -76.271698 17.181358
41.117725 -69.848969 14.333284
34.98819 -25.09635 84.9356
24.893517 -41.74966 33.320259
28.170853 -47.423717 37.035908
46.074188 78.435661 0.002838
-61.596775 -6.929286 29.614134
-60.564938 -12.48 33.027615
-59.03896 -5.102148 34.993389
29.162954 49.14455 102.763084
-20.889421 4.075582 88.248726
-26.955908 4.219804 93.909607
51.584236 -38.059345 106.03904
35.261417 9.787394 171.253891
39.156357 16.533627 168.720642
50.416721 -36.119305 72.330055
-36.366444 0.78 62.25132
8.182606 12.805516 76.798058
11.095333 17.85051 77.237579
3.251258 12.48 77.141853
18.454725 -31.276222 52.209209
15.788058 -27.62838 64.433708
12.276723 -22.611639 55.230629
-6.619562 -12.48 170.266144
52.491436 -74.730659 0.002838
-54.620083 12.479369 129.77063
47.554562 31.079739 30.913427
38.281219 -46.217842 62.25132
39.03532 -49.40506 65.058517
-45.717854 12.479064 12.36658
37.047997 -62.796162 23.537252
-59.29348 12.48 88.499794
-63.5681 -12.48 151.332779
43.001198 37.232449 24.939262
63.168488 -58.123863 88.168655
29.806629 -50.259426 187.709854
53.51368 -41.401237 59.590122
22.463591 -37.540905 37.670597
20.291403 -33.778568 40.817104
38.70496 -65.668434 105.490997
67.845932 66.225441 125.369835
32.466961 -24.699886 39.565983
23.598391 -29.227716 40.444931
21.897587 -19.97855 43.862251
54.288235 -42.749229 169.720993
50.448002 -36.097534 160.110123
48.184601 -32.152676 171.003098
-10.00497 12.48 199.274292
-14.4842 4.677677 165.602539
0.350456 8.297552 78.224152
-36.366444 -12.48 62.25132
8.982647 -14.191231 172.669861
18.887852 -16.21254 170.660217
42.685509 72.566292 92.531059
-35.117794 12.48 104.493233
55.765602 -45.301682 68.934624
38.397549 -65.139336 45.991959
41.114769 -54.188908 179.468765
47.021999 -47.885185 181.690964
32.359097 -54.680428 65.706657
-52.606781 0.463682 170.067245
44.871437 76.35244 145.035095
-36.643749 12.48 15.662635
18.966179 32.125729 50.490456
36.689938 33.250862 193.527603
17.585892 -29.092485 81.042099
13.883258 -22.679337 78.389404
44.643421 26.037502 88.39843
47.173893 30.42041 92.746361
38.367153 31.823877 91.098442
60.816212 -54.05061 137.82753
-62.94038 12.48 96.302277
26.990463 45.381687 95.862579
-67.752457 -12.48 114.067734
-66.175201 -12.48 107.446259
-54.101482 -12.479642 112.437881
67.030388 -64.812859 111.828163
67.455017 -65.54834 121.931404
40.691532 69.112625 85.096893
38.816399 65.848007 93.561615
-43.95459 0.289764 69.366516
54.058678 42.345203 58.632748
51.791218 38.417843 62.25132
32.566345 38.473843 93.860786
35.823494 -7.952886 69.626137
-49.345394 -12.478956 86.84333
49.189022 33.910713 25.806227
14.67661 26.014603 194.460648
18.274412 30.285038 198.466766
-63.589798 -5.042253 23.977123
-66.943375 2.837241 132.3927
-67.432869 -0.320557 121.201828
-67.444969 -6.63129 129.421494
67.690178 -65.955658 0.002838
-66.708664 12.48 14.138656
-64.286255 12.48 23.437326
35.831356 -60.694553 177.244781
50.823486 36.741684 20.699026
57.163258 62.853321 0.002838
39.028282 -48.563305 124.148079
-6.149931 -12.48 79.129181
-1.084198 -12.48 77.739624
25.84477 -43.397282 156.580902
60.398254 -53.325947 128.226105
45.944641 -28.291286 89.863533
48.473595 -32.732624 83.674408
52.382935 57.599251 169.597443
-29.745058 12.48 95.501587
35.760799 -60.570637 10.566111
-61.0135 12.48 32.337673
-61.137074 0.458046 30.291252
-17.074251 3.979482 39.340099
38.792961 -15.283346 178.269974
38.663357 -15.679727 169.01976
25.455738 42.93111 183.963135
46.151749 -78.569984 128.587723
53.170399 40.806667 118.74926
46.272308 43.992958 120.546646
52.403484 39.478329 110.719818
25.885471 26.586155 83.290932
14.400826 23.57579 45.8554
54.989098 -43.956734 56.907173
56.161697 -46.000423 30.839321
55.54776 44.92437 68.833755
49.201984 50.336147 71.231003
57.851501 48.914562 73.764664
-36.366444 12.48 62.25132
56.542164 46.646736 53.996922
20.298931 0.389579 171.776703
18.919596 7.781049 171.373001
43.231045 43.710243 112.265488
16.12011 26.553679 79.941292
29.459831 -49.658749 104.016899
41.602192 -70.689941 161.562637
43.122158 -73.322594 154.999435
38.331165 -49.050148 184.563156
45.593479 -77.603058 138.198792
51.625515 -73.104652 139.550766
44.62661 -75.928375 146.824829
50.79187 -70.498665 101.176918
-65.854538 12.48 104.900581
-37.106503 4.3475 134.680145
-37.935715 -3.861329 130.684631
-38.497528 5.109752 125.303581
33.009235 -55.806499 182.80957
50.368721 -47.815777 55.379494
-55.479027 -12.479062 11.072415
67.682106 65.941673 131.543747
25.33699 -42.644787 186.22049
35.937851 -43.392471 101.981537
57.017715 -47.470402 53.024925
31.660017 -53.469578 0.002838
34.883499 -59.052814 0.002838
63.692501 59.031475 0.002838
39.649837 -67.296593 151.187424
48.579983 50.720181 53.694931
-40.420456 12.479866 169.049637
-0.6087 -13.104445 51.651821
50.13105 69.058891 0.002838
-56.997623 12.478979 11.669888
61.832813 55.810398 166.066879
65.025848 61.340897 27.197775
54.848618 66.488823 27.080927
44.360718 42.707844 62.25132
59.694824 52.107288 0.002838
59.030987 65.29126 150.923996
21.983046 -36.781582 169.654312
-34.041122 3.053685 143.816483
-33.36121 12.48 148.414001
-28.867537 5.222537 152.746948
-29.738367 12.48 153.352631
-68.365601 -12.48 127.522827
-68.059029 -12.48 120.79528
28.993715 -33.962509 35.782944
40.217995 -47.444382 130.764542
38.217163 -47.117649 137.038818
53.630672 -58.567127 42.09391
47.802864 -64.940727 37.800053
21.713425 18.815903 79.728676
55.939697 -45.607582 155.470856
36.106895 61.171799 51.612904
28.223751 47.517803 150.303635
26.88706 45.202583 154.137527
-52.197479 12.478476 139.779617
0.819599 3.382787 46.385059
44.000374 58.140934 48.983238
8.595695 13.846524 201.519577
-40.736984 12.477492 156.921936
39.41431 -66.900414 168.337555
33.831833 -22.3076 197.689789
32.363064 54.687298 65.694572
40.874462 -48.747437 58.988792
64.735367 -60.837772 94.778854
65.812111 -62.702736 101.619629
57.713921 -65.005775 97.715584
43.846783 -42.33234 186.807175
28.199636 -47.476028 150.273376
57.34901 48.045696 152.115677
-29.666126 -12.487672 181.200623
-65.207428 -6.193143 105.006332
-66.356667 1.545251 110.183746
36.54369 -44.783443 144.709854
30.336023 -51.176361 141.343964
34.371105 3.442099 191.42485
34.657112 6.86392 181.074341
-67.355087 12.48 137.651993
40.17857 -68.224152 40.744926
51.742428 71.036263 19.920248
52.392124 39.458649 139.182083
31.940491 4.03538 201.336884
64.390266 60.240036 156.514557
-48.996563 12.477936 21.354681
-67.240471 -12.48 8.09164
-25.113438 12.48 90.248268
9.307805 1.775186 46.988651
60.191753 -52.96801 45.355461
63.727528 59.092136 32.819405
-39.205746 -12.48 118.226852
40.619099 19.067173 42.156219
58.741959 -50.461239 21.711458
52.946304 -40.418522 114.808769
13.696054 -6.804852 171.869598
15.42846 -25.3557 44.851311
10.612418 -17.014072 47.4491
-7.146767 -13.726274 191.252029
35.165012 26.148794 85.877762
-56.116215 12.48 166.513687
-56.998985 5.084963 163.814224
60.155239 52.904755 78.69558
50.958157 36.974949 146.202438
43.393135 48.168945 58.429619
-38.476212 -4.495329 122.328674
42.490349 -21.99762 186.039856
43.038239 -23.081963 175.369705
-29.731379 12.48 191.389832
-38.714558 12.48 185.338135
40.242676 52.130714 68.019035
60.136971 -52.873291 118.688087
-50.685314 -12.476881 153.189789
38.523987 15.43833 199.243195
35.232239 9.736855 200.290039
37.88084 13.480472 190.675125
-49.277416 3.635463 49.459229
-53.143757 -4.234943 44.634918
-37.19363 -12.47995 91.229355
-48.118969 -12.478834 99.037567
-47.584999 2.694207 176.058426
-46.663128 12.48 177.940826
25.816397 -30.603533 84.882477
47.602638 -61.325188 168.394974
40.098778 -68.085953 0.002838
23.89307 3.667711 46.776077
31.824726 3.834868 47.692791
45.003048 -26.660391 36.038681
-67.9589 12.48 5.076176
-68.164368 12.48 0.002838
-67.656326 9.339352 5.344605
53.276009 40.989582 0.002838
43.143509 46.839584 0.002838
56.485416 46.548435 0.002838
41.095638 19.892559 82.908943
-35.365883 -12.48 144.581924
-38.165356 -12.48 136.469879
-34.505585 -6.804626 143.536758
-37.086033 12.501583 51.225533
-39.593281 -12.48 127.570686
41.557137 70.61087 133.57605
34.183723 7.920774 46.886772
66.024773 63.071087 20.101488
63.117279 58.038673 11.292586
47.590809 57.210941 0.002838
-48.438389 12.48 51.194454
37.597324 13.833302 44.959023
23.731218 39.928608 45.903152
61.721809 -55.618145 0.002838
-57.353741 12.48 0.002838
42.112591 -45.79451 63.650124
50.076378 65.501747 34.499531
17.445068 28.848574 168.57106
45.906586 -28.22537 194.053818
49.46088 -34.381592 190.176361
28.239603 -47.549202 179.50795
10.134635 16.186525 47.664463
35.551018 -60.199333 36.578468
42.154922 -71.647293 33.335793
7.188821 8.104644 172.352341
14.532044 14.221395 171.789871
13.469482 3.692581 171.965576
47.112221 62.242355 41.891411
53.026554 -40.557522 185.345581
47.00433 -30.073851 183.664734
26.207563 -44.012238 170.358261
31.341185 19.22641 81.562553
61.134308 54.610897 25.927679
58.509274 -67.517593 106.543228
-37.097809 12.48 140.412262
5.717125 -16.080372 55.266693
20.396914 -33.961323 83.820053
23.401163 -39.164833 88.327095
38.62056 65.525612 78.832878
35.419098 59.980511 71.508011
52.644688 39.896099 10.159763
36.573807 12.060521 79.084778
31.549484 -3.358136 172.621979
43.382519 -23.853548 85.761757
29.018751 -21.875189 167.440094
44.635078 44.480656 6.364143
-13.710342 -12.48 167.265808
31.67148 -53.489441 130.039749
50.551655 36.270863 188.942047
45.86005 -47.127274 66.472298
56.896969 47.268944 13.503773
-38.503109 -12.473126 156.12999
-47.100899 -12.47312 165.498291
38.4175 -13.905523 187.646652
14.022942 22.921276 171.141907
-27.453236 -12.48 156.601776
-21.118887 -12.48 162.772156
31.387068 -52.957062 172.244095
29.141848 -49.073288 160.605026
0.933938 12.48 172.19368
-4.91237 12.48 170.919678
56.596581 -68.873154 144.52655
38.761822 -14.586376 61.39521
4.867923 12.561379 47.746189
17.728968 -1.190965 46.781422
34.530979 -32.697456 89.670441
60.500854 66.266373 18.774183
56.515575 70.017563 12.679135
42.183716 21.77717 197.284164
38.799511 65.835548 44.72731
-0.280123 -5.972145 171.410965
-58.334953 -12.478935 142.851227
54.548447 -59.895603 164.98114
36.922314 62.569916 157.023575
57.433868 -48.191212 177.170822
-46.339714 -12.47894 139.541077
20.002153 13.95147 170.904602
32.786243 55.397476 94.513565
37.286102 63.203411 104.438995
-45.560963 12.47701 148.023315
62.062637 -56.208466 40.010876
55.908573 -45.551258 142.550537
-38.07262 1.833113 5.929417
63.631924 -58.926556 34.288296
58.908688 -71.025658 0.002838
7.483042 -18.493725 67.133667
-22.656116 12.48 195.055115
45.169788 44.809719 131.865952
-31.02206 -3.211073 149.101028
24.75696 -41.495304 77.909348
-36.154011 -3.153487 137.773926
33.18626 -56.103619 99.027397
-44.213642 12.476354 32.575912
-39.336021 -4.875 0.002838
55.529804 -44.907158 94.782021
-55.893505 -12.479548 132.58284
60.716446 -53.876801 169.225677
52.496769 -39.639896 110.969543
-30.217033 -12.48 27.769066
40.584415 68.927094 0.002838
36.122219 61.198338 0.002838
39.35252 66.792702 9.910097
41.928379 -21.334917 197.234589
-39.336021 -12.48 0.002838
-39.161705 12.48 130.110855
-49.133156 -12.48 0.002838
-51.389671 12.48 172.227264
37.401764 50.154583 0.002838
50.349239 35.920269 101.425972
59.567837 -51.887901 109.79895
55.725552 -61.889393 35.489185
-56.650673 -12.48 40.276901
45.972546 28.339613 194.015564
58.984699 -50.879951 100.879524
-34.102871 12.48 21.432768
21.923365 36.605213 196.062332
38.70314 15.044015 178.964752
26.983002 -45.368759 95.959435
35.475731 60.07795 129.493546
39.980179 67.878586 119.077621
28.431036 -47.845093 81.941559
30.299751 -51.091202 89.348724
-29.904022 -12.484084 82.222893
-55.208122 -12.479863 121.69059
49.318821 53.172909 176.120422
-37.764317 -12.466872 167.267715
40.003628 -18.001141 42.767765
9.061936 14.491321 172.675125
9.081104 -14.68728 77.02607
6.151289 -1.533118 172.017471
-64.597946 -12.48 100.824783
30.190317 -50.893742 72.768051
-32.648788 -12.48 149.64035
34.676674 58.689529 31.214788
-53.608521 -12.48 44.777382
14.366179 23.515781 200.414734
35.820145 -60.649399 162.941116
-29.127714 -12.474874 170.055466
41.476101 70.47155 36.176163
37.754333 64.022964 22.064117
31.660017 53.469578 0.002838
32.5504 55.003738 149.621902
43.212399 73.478889 28.806524
46.280094 -55.144981 0.002838
55.028091 -62.820374 0.002838
-14.538996 -12.48 82.652832
37.081081 62.855133 142.661591
