116.251549 -6.361422 0.0
115.753456 3.67937 0.0
106.815094 -1.799787 0.0
-85.718956 -88.161858 0.0
-94.918343 -89.22438 0.0
-89.496849 -94.724144 0.0
114.075188 -68.081093 0.0
109.682266 -61.057064 0.0
106.744514 -69.33625 0.0
-124.952583 -49.34404 0.0
-118.253014 -44.929047 0.0
-126.128876 -40.961323 0.0
31.082767 -53.578518 0.0
32.896824 -61.016621 0.0
39.263424 -55.800869 0.0
67.847275 50.267124 0.0
72.020302 40.122585 0.0
76.719734 48.717754 0.0
115.954323 -44.388157 0.0
124.83799 -40.384857 0.0
117.201607 -35.07896 0.0
-21.517206 -54.870995 0.0
-24.097555 -47.335846 0.0
-31.192364 -53.145996 0.0
77.206947 -33.39743 0.0
76.215279 -43.581928 0.0
84.8526 -39.993675 0.0
-95.494766 37.37561 0.0
-95.875465 47.050289 0.0
-101.799324 41.633785 0.0
109.222099 -39.305759 0.0
-119.801834 -27.779522 0.0
-111.446297 -24.283943 0.0
-120.048882 -18.881382 0.0
-66.712555 -79.086136 0.0
-57.66124 -79.389664 0.0
-61.942619 -71.712059 0.0
92.558937 -100.398972 0.0
96.447891 -92.398468 0.0
87.667084 -92.371399 0.0
68.38559 -40.08503 0.0
68.862144 -48.817909 0.0
61.033657 -46.025558 0.0
62.472698 -54.42881 0.0
87.800095 -51.756229 0.0
91.629883 -46.99501 0.0
82.754875 -47.703434 0.0
-67.455818 -49.218712 0.0
-71.618858 -41.050411 0.0
-76.739494 -48.377674 0.0
74.981827 56.866016 0.0
83.518135 53.423626 0.0
17.701767 -31.492151 0.0
9.51528 -41.633896 0.0
20.760067 -43.348576 0.0
4.330709 -60.337563 0.0
-7.048307 -62.002056 0.0
-1.252492 -68.653168 0.0
125.729767 -73.004059 0.0
121.264099 -67.101082 0.0
118.384842 -74.564507 0.0
-134.88649 -18.186895 0.0
-134.977127 -25.637825 0.0
-127.344925 -22.71818 0.0
-110.784767 -67.646088 0.0
-114.280914 -58.781376 0.0
-120.167084 -64.782494 0.0
-113.27742 32.767887 0.0
-107.923401 23.996317 0.0
-104.238777 33.835136 0.0
-53.955997 -86.764458 0.0
-59.30167 -92.82196 0.0
-52.717796 -93.962036 0.0
100.346252 -98.944023 0.0
98.584251 -107.664589 0.0
-111.543869 -82.77607 0.0
-108.415306 -75.615356 0.0
-116.719841 -73.520897 0.0
27.188858 101.237404 0.0
33.444702 106.7425 0.0
23.260071 108.921616 0.0
-112.783401 14.403399 0.0
-117.502441 23.35453 0.0
-121.752357 13.015747 0.0
-101.202835 -72.177505 0.0
117.421745 -60.245682 0.0
65.867531 59.991776 0.0
-74.145683 10.321602 0.0
-90.529442 3.034376 0.0
-78.151604 -3.838985 0.0
-126.993248 -31.641911 0.0
-134.516968 -36.235825 0.0
-113.525475 -14.052478 0.0
-120.503311 -10.232511 0.0
64.377655 -62.641785 0.0
66.507118 -70.29483 0.0
72.610397 -66.023552 0.0
17.993826 102.191032 0.0
-88.378548 -101.756767 0.0
-81.037971 -103.346169 0.0
-82.20137 -95.959984 0.0
35.605057 99.242531 0.0
61.164265 -83.359413 0.0
68.790115 -87.242348 0.0
68.011429 -78.254387 0.0
88.064339 -76.168602 0.0
84.041199 -83.852089 0.0
92.180458 -84.669182 0.0
50.941219 100.944733 0.0
51.840588 93.361458 0.0
59.376625 97.18531 0.0
-131.597198 -54.168022 0.0
-123.071457 -56.754875 0.0
43.827126 96.616646 0.0
-101.997612 -81.970085 0.0
-92.026756 -80.159859 0.0
-96.319527 -59.17358 0.0
-104.209145 -60.997871 0.0
-97.316826 -66.418221 0.0
-84.03614 -109.989464 0.0
77.602455 -91.914307 0.0
83.220642 -100.872543 0.0
-76.793404 -55.213135 0.0
-70.472641 -56.169304 0.0
121.931038 -81.916565 0.0
75.201324 -71.425262 0.0
125.367943 -10.745067 0.0
117.117546 -16.352394 0.0
-29.763329 107.611832 0.0
-38.061977 105.518211 0.0
-32.556805 97.498016 0.0
-127.313103 -14.083039 0.0
-126.617157 -5.195944 0.0
-2.137718 102.467209 0.0
-9.251447 110.626144 0.0
-11.707251 101.48484 0.0
9.569614 -69.298439 0.0
96.451584 -58.855145 0.0
97.032181 -66.827156 0.0
101.829552 -62.033279 0.0
57.12796 73.156105 0.0
64.018692 75.690025 0.0
58.520847 80.796646 0.0
39.559303 -77.204124 0.0
31.161247 -81.089294 0.0
40.81007 -85.843956 0.0
96.262573 -78.017151 0.0
100.727837 -85.081261 0.0
104.144936 -77.463982 0.0
-41.549583 95.844109 0.0
98.191681 -53.354294 0.0
105.432732 -53.49144 0.0
-92.978325 -54.30336 0.0
-100.020599 -52.342007 0.0
-85.069153 -76.333191 0.0
-81.528419 -80.73835 0.0
-78.179535 -74.523102 0.0
96.589027 42.194225 0.0
101.88089 33.675056 0.0
106.959076 42.602409 0.0
-119.629173 -2.237191 0.0
-124.890594 3.513302 0.0
102.048149 50.621677 0.0
106.836472 58.450806 0.0
97.209938 58.16367 0.0
82.678024 -76.363304 0.0
76.064934 -81.529747 0.0
-132.995071 -47.104485 0.0
-73.973267 -77.117287 0.0
-74.240608 -87.961861 0.0
128.095932 18.467516 0.0
122.625298 9.605052 0.0
131.786972 4.91155 0.0
59.486576 41.726509 0.0
63.869095 27.035067 0.0
92.910431 -73.394302 0.0
99.76722 -71.20047 0.0
5.835689 -32.022987 0.0
8.636833 -21.495192 0.0
124.284821 -0.550499 0.0
-93.871536 -72.423218 0.0
-101.381798 -26.229666 0.0
-106.483688 -33.771751 0.0
29.298407 -73.917564 0.0
35.703773 -68.781593 0.0
-5.524684 94.279099 0.0
101.318733 -44.563313 0.0
41.670959 104.36837 0.0
75.285042 -51.596413 0.0
51.383018 -7.251047 0.0
61.001213 -2.677954 0.0
50.742378 3.25086 0.0
8.049943 102.612114 0.0
1.856306 110.977631 0.0
-92.915146 73.876808 0.0
-85.944344 71.450569 0.0
-83.726578 81.849533 0.0
60.171051 -75.435944 0.0
-88.681908 -52.133945 0.0
-93.817535 -45.93018 0.0
-118.433136 40.7999 0.0
-109.156609 41.272213 0.0
-112.957954 49.830952 0.0
-134.166428 -9.234497 0.0
-132.675797 1.111192 0.0
89.134666 -110.063782 0.0
-122.920692 -79.686333 0.0
-115.290154 -94.028008 0.0
80.894928 -52.405655 0.0
73.422974 -59.888271 0.0
-126.682304 22.487869 0.0
-130.950348 8.555492 0.0
112.017204 51.259521 0.0
-118.001541 -52.058975 0.0
-101.616646 13.480752 0.0
-109.791832 6.88721 0.0
-103.811943 1.225974 0.0
93.993652 -37.550819 0.0
87.625 -30.965437 0.0
61.303177 -91.752251 0.0
68.467606 -96.439537 0.0
-98.194534 56.267544 0.0
-102.087425 64.261787 0.0
-106.551071 58.939583 0.0
125.866035 -30.250736 0.0
134.571014 -33.834911 0.0
-83.339722 -30.463329 0.0
-85.971809 -21.037022 0.0
-92.154686 -28.31085 0.0
124.091408 -60.373447 0.0
132.899612 -47.102562 0.0
26.256889 -66.153137 0.0
23.969805 -58.070572 0.0
94.273064 72.586945 0.0
91.511162 64.890259 0.0
100.701523 65.842293 0.0
-88.814629 -37.661575 0.0
-97.637138 -35.883785 0.0
-78.651176 74.029633 0.0
-73.909492 -69.353325 0.0
116.014236 26.932825 0.0
119.766945 19.050648 0.0
124.155014 29.03116 0.0
84.79126 71.494324 0.0
50.844749 -34.123486 0.0
40.416683 -27.92387 0.0
40.758945 -41.02734 0.0
23.396933 -78.609314 0.0
-18.174614 109.740616 0.0
-104.216042 -104.654243 0.0
-104.038651 -91.844299 0.0
135.032806 -25.761993 0.0
125.974403 -20.794262 0.0
-76.198349 -109.331635 0.0
-64.60218 83.846504 0.0
-57.652306 89.463188 0.0
-66.562202 93.368294 0.0
-96.361771 -98.384209 0.0
19.845779 -71.3368 0.0
14.413039 -76.4095 0.0
84.939545 80.833649 0.0
-59.90797 75.467308 0.0
-63.650478 66.198219 0.0
-52.230461 67.339668 0.0
51.543549 86.121506 0.0
45.59396 90.400764 0.0
92.845535 -54.225143 0.0
3.835131 94.674217 0.0
-84.673347 -51.551357 0.0
-69.222092 -70.751755 0.0
-91.766212 63.976006 0.0
116.101608 -81.177475 0.0
128.232285 -66.211861 0.0
134.733459 -16.045837 0.0
110.245628 -84.980179 0.0
118.621017 -88.358307 0.0
122.729073 -51.720699 0.0
-74.413818 -99.595314 0.0
-46.661888 -79.322746 0.0
-35.790916 -74.957726 0.0
-44.285789 -70.259956 0.0
59.772083 88.63504 0.0
44.63879 -70.746178 0.0
50.336533 -65.402077 0.0
41.770805 -63.272251 0.0
-66.509094 -105.221855 0.0
-88.806778 54.587231 0.0
79.0205 30.191906 0.0
84.59214 42.623497 0.0
3.748415 -75.332298 0.0
-6.240641 -75.314774 0.0
68.357903 82.016365 0.0
-53.302345 -71.76033 0.0
-126.648239 -70.636116 0.0
-129.724106 -61.350067 0.0
77.803864 70.16082 0.0
82.250008 62.96603 0.0
67.821411 -105.96196 0.0
74.916206 -100.942787 0.0
133.607025 -4.550943 0.0
69.536728 -57.232338 0.0
-104.094666 49.106113 0.0
37.388313 91.139183 0.0
-66.324554 -95.573647 0.0
-60.414654 -100.589645 0.0
-76.679192 87.129433 0.0
-95.339844 -18.446201 0.0
-46.544971 81.382027 0.0
-52.018639 77.765839 0.0
-44.556953 74.665047 0.0
-21.68926 98.080719 0.0
-24.57259 -70.0308 0.0
-26.054081 -79.382652 0.0
-44.192333 -87.713951 0.0
77.601501 77.332504 0.0
68.896477 92.03968 0.0
60.310326 -100.718925 0.0
54.471603 -95.261276 0.0
77.44519 -109.468323 0.0
-12.136614 -69.189659 0.0
-17.556372 -62.151577 0.0
-28.129581 -60.998379 0.0
16.318161 -63.146099 0.0
-50.223545 -64.458435 0.0
-46.420918 -57.937504 0.0
-54.734623 -57.55579 0.0
-16.385729 -76.777657 0.0
13.320748 110.343636 0.0
58.455219 -67.790268 0.0
13.529894 94.850029 0.0
-29.404474 67.662857 0.0
-35.971706 74.415421 0.0
-39.998798 65.598404 0.0
-19.959986 14.99898 0.0
-11.163057 20.552275 0.0
-23.240173 25.300226 0.0
109.930489 -30.580872 0.0
-119.367126 -36.389484 0.0
-31.027523 54.310421 0.0
2.14527 -49.863857 0.0
14.326616 -52.699753 0.0
117.112465 43.178703 0.0
23.416412 29.057022 0.0
10.274838 35.109726 0.0
11.964664 20.840679 0.0
-64.275482 35.30809 0.0
-50.875526 31.761339 0.0
-54.72073 44.804989 0.0
-65.978096 -63.947933 0.0
-58.312412 -64.559586 0.0
111.642097 18.202267 0.0
106.953331 25.706545 0.0
23.894262 -50.893585 0.0
52.603691 -72.72493 0.0
-36.99585 -83.849174 0.0
-111.730072 -40.240517 0.0
-103.198341 -43.135906 0.0
21.153593 43.847919 0.0
131.059326 -56.516079 0.0
47.531082 -82.968727 0.0
47.704281 -76.760056 0.0
-40.949734 -51.532295 0.0
-37.779163 -59.060024 0.0
113.25415 -52.984272 0.0
-117.085449 5.847005 0.0
-71.652176 -18.728205 0.0
-77.413208 -23.87822 0.0
-69.061394 -26.025969 0.0
22.729612 95.000298 0.0
37.793343 67.686317 0.0
48.310875 70.11702 0.0
41.226532 76.636314 0.0
-27.643705 89.040398 0.0
-67.113869 -0.849227 0.0
-69.209656 -10.683342 0.0
121.439781 34.939678 0.0
111.781555 34.530567 0.0
-13.377481 93.595856 0.0
-51.319 85.319473 0.0
-57.149483 82.378479 0.0
-97.380997 26.466204 0.0
-87.730934 18.558859 0.0
-8.105383 -48.827801 0.0
-16.184021 -49.869675 0.0
-12.260184 -55.614136 0.0
102.408966 -34.548775 0.0
-41.150871 42.215378 0.0
-58.934925 -36.171387 0.0
-66.447701 -34.377853 0.0
-63.19883 -42.28167 0.0
30.223152 95.135178 0.0
72.889648 65.41449 0.0
64.711082 68.740669 0.0
45.216705 -49.853809 0.0
47.889973 -57.697853 0.0
-32.28933 81.640213 0.0
-24.125549 80.596298 0.0
92.338387 50.902611 0.0
89.467789 58.115616 0.0
108.936256 -46.933247 0.0
-59.908775 -28.245451 0.0
-26.200546 -7.928422 0.0
-39.984032 -13.448014 0.0
-27.572845 -20.829599 0.0
96.660835 5.202277 0.0
95.731544 -9.931992 0.0
-69.498383 75.263298 0.0
-9.385374 86.484024 0.0
-62.975201 -18.691357 0.0
-51.321663 -21.150396 0.0
46.286732 -16.118116 0.0
41.204571 -5.468678 0.0
-108.304771 -7.461269 0.0
-115.094696 -6.892267 0.0
105.339981 -92.794044 0.0
70.990242 73.299133 0.0
48.467766 -90.588203 0.0
102.536377 16.36694 0.0
46.66375 59.640373 0.0
52.98381 -24.286465 0.0
115.710594 11.940163 0.0
108.28817 8.98074 0.0
56.365173 -59.983723 0.0
37.21125 -49.268406 0.0
17.276123 57.484253 0.0
32.788189 54.700047 0.0
24.784039 69.071449 0.0
54.235039 -51.891388 0.0
-46.361141 55.140038 0.0
-15.855391 47.600731 0.0
-17.179939 63.322594 0.0
-3.501385 -25.559134 0.0
-3.675423 -38.874611 0.0
57.695965 -14.169002 0.0
19.28303 87.478447 0.0
9.480339 86.818832 0.0
15.853905 78.537178 0.0
90.988174 -21.659706 0.0
82.523315 -24.936264 0.0
-82.676048 63.644421 0.0
4.821498 78.248184 0.0
10.984701 68.704262 0.0
-18.441366 87.49781 0.0
-14.179283 77.03933 0.0
62.314735 10.797682 0.0
50.158375 17.259846 0.0
25.004316 13.869 0.0
36.813366 22.992573 0.0
52.025848 -43.425648 0.0
-49.553547 -33.304153 0.0
-54.504482 -42.625648 0.0
-44.636772 -43.199165 0.0
28.370243 88.763847 0.0
48.707878 32.274704 0.0
-36.472332 88.863152 0.0
100.71331 -20.262833 0.0
-58.653606 56.502579 0.0
-35.74818 -66.582809 0.0
-43.100208 -63.775833 0.0
-78.608475 -14.719236 0.0
-39.186184 -25.816961 0.0
59.766926 -37.508335 0.0
-112.518021 -0.444334 0.0
109.499344 -22.057404 0.0
103.796364 -27.120878 0.0
-37.232502 -36.038822 0.0
-34.133987 -44.986912 0.0
-26.18519 -38.632351 0.0
-75.19445 26.218328 0.0
-76.224457 39.6833 0.0
-86.560249 31.96764 0.0
54.511265 -87.3302 0.0
53.991177 -79.828461 0.0
38.403862 7.969681 0.0
-10.902679 8.484938 0.0
-56.251236 98.635307 0.0
-2.608153 68.818283 0.0
-13.353746 33.403481 0.0
-0.644154 27.436684 0.0
-2.572478 41.15493 0.0
-4.041803 -55.48814 0.0
26.325964 -3.028122 0.0
-67.997787 57.704437 0.0
-73.352745 64.965881 0.0
-77.520584 53.134907 0.0
30.373669 -45.849388 0.0
-22.839689 72.827827 0.0
93.76532 15.536351 0.0
84.96489 9.99491 0.0
46.708324 46.746651 0.0
34.968853 38.223309 0.0
-59.045105 -49.973217 0.0
-26.900642 38.570816 0.0
-66.619728 47.838505 0.0
96.540405 -28.60146 0.0
-109.871063 -50.384674 0.0
-44.364269 87.681641 0.0
-40.106991 81.446274 0.0
-31.611227 15.73641 0.0
-40.111843 2.461065 0.0
-23.417919 4.980607 0.0
-61.530396 21.518566 0.0
-46.455795 17.948263 0.0
75.061615 17.15358 0.0
86.952713 21.632975 0.0
-86.783234 43.883602 0.0
67.00798 -31.145761 0.0
-12.515497 -3.941524 0.0
29.648209 -36.159607 0.0
-80.221504 -39.344189 0.0
-50.293663 -50.558128 0.0
-15.709307 -42.425186 0.0
-4.352106 79.513237 0.0
32.909805 75.445312 0.0
73.048752 3.440163 0.0
63.601776 -22.435165 0.0
58.894505 -29.997383 0.0
21.142784 -17.989464 0.0
11.383553 -8.20326 0.0
97.305367 24.280165 0.0
-55.592724 -7.778117 0.0
-4.055414 54.892235 0.0
70.90551 -11.182443 0.0
-29.357201 -30.368437 0.0
117.606735 -25.796326 0.0
111.536659 -75.968834 0.0
-62.815571 -57.022285 0.0
50.051716 78.641754 0.0
-113.71537 -32.543499 0.0
107.736031 -12.720354 0.0
-49.854778 93.207359 0.0
8.014935 48.691509 0.0
57.310589 53.843407 0.0
74.022697 -23.157982 0.0
0.488721 13.943286 0.0
12.682158 6.214574 0.0
-74.830017 -32.517338 0.0
-57.601799 7.33733 0.0
5.913414 59.742298 0.0
-1.505984 -12.682044 0.0
-14.494267 -16.950495 0.0
-85.512032 -45.856083 0.0
25.97525 80.453781 0.0
34.856628 82.902321 0.0
-0.221629 86.725845 0.0
83.011864 -15.641745 0.0
84.060272 -3.025511 0.0
108.8619 -101.402214 0.0
115.551498 -93.856766 0.0
-104.919449 -16.450794 0.0
-122.100166 33.614544 0.0
-47.809937 102.280243 0.0
78.39254 85.957077 0.0
-72.627739 -62.865654 0.0
-97.204529 -108.027443 0.0
-63.052013 -87.011612 0.0
91.154961 32.477348 0.0
-88.078316 -10.491917 0.0
43.433445 84.402519 0.0
56.75087 64.339081 0.0
-98.699791 -8.099174 0.0
-36.723797 28.607309 0.0
-17.026611 -30.573391 0.0
33.996056 -16.33349 0.0
-28.999313 75.43808 0.0
28.544189 -26.193178 0.0
0.135072 0.565999 0.0
