seq-0-2-1-3-5-6-4-7_3DF
Block: 0
Best average angle: 96.831
Best limit angle: 1347
Larger than 95 angle: 2516
Best edge pass: 3775
Best lifting: 164
Best reward: -15.8873
Best distance: 36676.27872687485
Run time: 3051.582487821579
Best path: [955, 957, 968, 1059, 1066, 968, 862, 851, 540, 796, 968, 1058, 1059, 1099, 1066, 956, 957, 862, 796, 586, 856, 1058, 703, 856, 968, 956, 955, 1004, 956, 955, 999, 957, 1009, 862, 967, 851, 796, 856, 624, 586, 540, 539, 851, 512, 540, 550, 586, 531, 624, 703, 532, 624, 531, 550, 512, 539, 512, 513, 550, 1026, 531, 532, 1058, 1060, 1059, 495, 1099, 495, 1066, 1004, 91, 1066, 91, 495, 1060, 532, 533, 531, 532, 598, 1060, 1098, 495, 214, 91, 92, 1004, 999, 1009, 967, 512, 511, 513, 1026, 533, 905, 1026, 1025, 513, 511, 967, 966, 511, 1025, 905, 598, 533, 598, 1098, 214, 93, 91, 92, 999, 795, 1009, 991, 967, 966, 1025, 859, 966, 991, 247, 1009, 247, 795, 92, 93, 731, 92, 93, 455, 214, 1092, 1098, 1101, 598, 905, 860, 1025, 859, 860, 1101, 905, 860, 562, 859, 991, 914, 859, 562, 975, 860, 562, 914, 328, 991, 248, 247, 784, 795, 731, 784, 724, 731, 456, 455, 457, 456, 605, 731, 456, 460, 605, 724, 246, 784, 246, 247, 246, 676, 724, 246, 248, 328, 562, 329, 975, 1101, 1097, 1098, 1092, 455, 112, 457, 460, 675, 605, 676, 675, 493, 460, 462, 457, 112, 111, 455, 111, 1092, 1097, 975, 986, 1097, 1028, 1092, 111, 1028, 986, 329, 328, 330, 248, 651, 246, 652, 676, 674, 675, 577, 493, 462, 112, 971, 462, 525, 493, 578, 577, 674, 916, 577, 685, 578, 525, 602, 578, 818, 602, 525, 971, 578, 37, 685, 916, 970, 685, 38, 970, 965, 38, 37, 818, 980, 37, 39, 38, 950, 965, 38, 949, 950, 949, 39, 980, 1022, 39, 1023, 949, 39, 912, 1023, 422, 912, 1022, 176, 882, 1022, 882, 912, 424, 882, 674, 652, 651, 526, 248, 330, 329, 373, 986, 373, 330, 526, 373, 191, 193, 266, 265, 261, 266, 618, 1052, 1064, 1062, 1052, 340, 618, 193, 973, 618, 341, 973, 192, 193, 261, 191, 192, 953, 973, 227, 341, 340, 226, 341, 226, 227, 228, 340, 1041, 1052, 297, 1064, 618, 266, 1064, 844, 266, 910, 265, 261, 53, 191, 301, 192, 954, 953, 952, 973, 857, 952, 954, 301, 53, 910, 261, 53, 307, 910, 844, 235, 1064, 235, 297, 1062, 297, 77, 1041, 228, 226, 227, 727, 228, 78, 1041, 77, 78, 79, 77, 296, 297, 235, 296, 79, 378, 78, 760, 228, 227, 857, 792, 952, 792, 954, 301, 792, 52, 301, 52, 53, 54, 307, 844, 237, 235, 236, 296, 516, 79, 322, 378, 760, 727, 857, 909, 727, 760, 1073, 909, 760, 378, 1073, 320, 378, 320, 322, 516, 236, 237, 305, 844, 305, 307, 787, 54, 52, 793, 857, 792, 793, 103, 52, 54, 103, 787, 306, 307, 305, 236, 1057, 516, 236, 75, 305, 306, 704, 787, 808, 103, 807, 909, 793, 807, 808, 704, 705, 306, 305, 705, 706, 704, 705, 74, 305, 74, 75, 1057, 322, 321, 320, 580, 1073, 1051, 909, 807, 1051, 580, 409, 320, 321, 1057, 428, 321, 409, 402, 580, 507, 1051, 688, 807, 43, 808, 706, 43, 44, 706, 1070, 705, 74, 1070, 44, 45, 43, 688, 687, 1051, 507, 402, 401, 409, 259, 321, 259, 428, 168, 1057, 75, 168, 181, 428, 168, 76, 75, 74, 76, 206, 74, 1093, 1070, 941, 44, 45, 688, 686, 687, 507, 403, 402, 401, 809, 409, 259, 181, 182, 259, 809, 182, 219, 809, 174, 401, 403, 174, 219, 218, 182, 180, 181, 194, 168, 194, 180, 218, 220, 219, 174, 220, 176, 174, 220, 468, 218, 477, 180, 477, 468, 882, 220, 468, 424, 452, 468, 452, 477, 206, 1093, 941, 45, 686, 256, 1102, 282, 849, 850, 948, 722, 671, 948, 1102, 281, 282, 850, 1102, 1103, 972, 791, 1103, 722, 1043, 1103, 256, 257, 281, 256, 972, 553, 791, 1043, 672, 722, 671, 672, 382, 1043, 382, 791, 382, 553, 554, 972, 258, 257, 283, 281, 256, 258, 240, 257, 238, 283, 282, 536, 849, 537, 850, 806, 948, 1103, 948, 670, 671, 670, 672, 381, 382, 380, 553, 555, 554, 258, 573, 554, 258, 917, 240, 238, 164, 283, 162, 536, 537, 806, 699, 948, 670, 381, 380, 555, 397, 380, 381, 698, 670, 699, 698, 398, 381, 397, 398, 522, 699, 728, 806, 593, 537, 536, 242, 162, 164, 163, 242, 535, 593, 243, 535, 242, 241, 163, 239, 238, 239, 240, 419, 239, 273, 163, 241, 243, 242, 241, 273, 419, 917, 573, 555, 572, 397, 564, 398, 521, 522, 698, 522, 728, 593, 594, 243, 396, 241, 274, 273, 275, 419, 820, 917, 1042, 573, 572, 564, 521, 982, 728, 622, 593, 594, 396, 274, 275, 459, 274, 395, 396, 623, 594, 622, 623, 395, 458, 274, 275, 820, 1042, 572, 564, 1042, 1069, 564, 521, 1069, 875, 982, 522, 521, 875, 904, 982, 981, 728, 622, 702, 623, 701, 395, 871, 458, 459, 186, 275, 186, 820, 1039, 1042, 820, 187, 186, 951, 459, 186, 143, 951, 458, 739, 871, 701, 702, 981, 622, 702, 735, 701, 702, 55, 735, 871, 740, 735, 736, 740, 739, 951, 1085, 739, 741, 740, 920, 736, 55, 56, 981, 904, 199, 875, 874, 1069, 1039, 874, 199, 754, 981, 56, 702, 56, 754, 904, 874, 913, 1039, 187, 913, 143, 1085, 631, 739, 631, 741, 920, 921, 741, 629, 631, 272, 1085, 272, 270, 631, 630, 949, 630, 629, 1023, 630, 270, 950, 630, 629, 422, 921, 629, 422, 424, 423, 422, 423, 452, 423, 921, 186, 145, 187, 848, 913, 200, 874, 199, 200, 201, 199, 200, 848, 145, 143, 11, 1085, 11, 272, 271, 270, 642, 965, 678, 970, 538, 674, 410, 652, 411, 651, 825, 373, 883, 986, 373, 853, 883, 1028, 878, 111, 113, 112, 113, 971, 761, 525, 602, 761, 818, 689, 980, 488, 1022, 313, 176, 175, 401, 174, 175, 403, 962, 507, 403, 350, 962, 687, 969, 686, 940, 45, 940, 941, 509, 1093, 344, 206, 205, 76, 18, 168, 18, 194, 475, 180, 194, 19, 475, 477, 855, 452, 423, 855, 475, 476, 855, 994, 921, 720, 920, 718, 736, 55, 718, 720, 994, 423, 994, 476, 19, 18, 205, 344, 509, 940, 969, 962, 589, 969, 551, 940, 24, 509, 343, 344, 342, 205, 2, 18, 0, 2, 748, 205, 2, 1, 748, 342, 343, 24, 551, 589, 581, 551, 23, 24, 25, 343, 673, 342, 673, 25, 23, 581, 824, 962, 350, 175, 313, 488, 689, 761, 499, 971, 113, 878, 883, 667, 878, 613, 113, 499, 592, 113, 499, 267, 761, 267, 689, 489, 488, 315, 313, 444, 175, 313, 314, 444, 350, 824, 589, 581, 203, 23, 714, 25, 492, 673, 748, 427, 673, 427, 492, 714, 203, 94, 581, 94, 824, 96, 94, 95, 203, 204, 714, 494, 492, 88, 427, 198, 748, 1, 0, 19, 362, 476, 1044, 720, 719, 718, 448, 55, 57, 56, 661, 754, 201, 661, 625, 201, 298, 200, 843, 848, 819, 145, 144, 143, 11, 144, 734, 145, 144, 635, 734, 819, 843, 298, 625, 604, 56, 57, 604, 661, 604, 561, 625, 889, 298, 443, 843, 365, 819, 365, 443, 889, 561, 560, 57, 448, 719, 1044, 994, 476, 799, 1044, 764, 719, 447, 448, 446, 57, 446, 560, 604, 560, 559, 561, 725, 889, 510, 443, 364, 365, 734, 363, 365, 363, 635, 10, 11, 1021, 272, 11, 9, 1021, 271, 642, 678, 538, 916, 538, 410, 411, 825, 526, 825, 853, 667, 613, 591, 667, 928, 853, 779, 825, 411, 779, 928, 591, 592, 613, 591, 590, 928, 861, 779, 780, 411, 249, 410, 251, 538, 251, 678, 643, 642, 31, 271, 782, 1021, 26, 9, 10, 144, 10, 713, 635, 753, 363, 364, 510, 725, 559, 726, 725, 974, 510, 364, 974, 726, 757, 559, 560, 757, 325, 726, 1008, 364, 363, 1008, 974, 1008, 753, 5, 1008, 325, 356, 757, 1090, 560, 446, 1090, 356, 4, 325, 5, 637, 753, 713, 128, 10, 9, 128, 27, 9, 26, 782, 31, 643, 412, 678, 251, 249, 780, 861, 590, 592, 888, 590, 934, 861, 821, 780, 541, 249, 250, 251, 412, 250, 541, 821, 822, 861, 821, 823, 822, 934, 888, 153, 499, 153, 592, 153, 267, 268, 689, 267, 151, 268, 489, 315, 314, 445, 444, 335, 350, 336, 824, 96, 95, 204, 494, 88, 198, 89, 88, 90, 494, 778, 204, 169, 95, 161, 96, 336, 335, 445, 505, 335, 334, 336, 351, 96, 161, 169, 778, 90, 89, 383, 90, 89, 677, 198, 1, 225, 0, 362, 799, 1087, 1044, 764, 447, 446, 1048, 1090, 358, 356, 357, 4, 5, 3, 637, 666, 753, 666, 713, 27, 26, 696, 782, 33, 31, 32, 643, 1000, 412, 958, 250, 543, 541, 542, 821, 542, 823, 486, 822, 487, 934, 998, 888, 209, 153, 151, 152, 153, 151, 829, 268, 716, 489, 717, 315, 519, 314, 501, 445, 500, 505, 334, 351, 161, 479, 169, 480, 778, 383, 480, 479, 351, 352, 479, 481, 480, 385, 383, 384, 89, 384, 677, 1, 1081, 225, 362, 798, 799, 154, 1087, 764, 223, 1087, 141, 125, 1087, 125, 154, 747, 717, 715, 716, 717, 519, 747, 715, 125, 491, 715, 154, 132, 799, 132, 798, 1104, 362, 225, 1104, 134, 798, 132, 155, 154, 125, 126, 518, 32, 33, 628, 782, 26, 653, 27, 653, 696, 628, 627, 33, 518, 517, 32, 1000, 517, 127, 518, 627, 126, 628, 142, 126, 127, 125, 126, 141, 142, 223, 141, 142, 696, 222, 142, 222, 223, 221, 764, 763, 447, 1048, 1079, 1090, 358, 357, 4, 3, 358, 1079, 763, 221, 222, 653, 127, 491, 716, 876, 491, 490, 517, 127, 490, 876, 829, 716, 829, 817, 876, 990, 1000, 490, 990, 958, 1000, 990, 817, 152, 209, 998, 487, 997, 998, 487, 486, 926, 823, 486, 195, 487, 195, 997, 926, 542, 543, 519, 501, 503, 519, 501, 504, 503, 747, 155, 503, 155, 504, 500, 501, 504, 133, 155, 132, 134, 133, 132, 1081, 677, 384, 385, 481, 352, 353, 351, 336, 474, 351, 352, 729, 481, 463, 385, 68, 384, 783, 677, 942, 1081, 99, 225, 99, 1104, 97, 134, 478, 133, 641, 505, 334, 641, 500, 504, 641, 708, 133, 478, 97, 99, 98, 97, 98, 478, 708, 911, 334, 474, 353, 483, 352, 483, 474, 911, 641, 708, 514, 478, 98, 451, 1081, 99, 451, 942, 783, 68, 67, 385, 67, 463, 729, 158, 463, 67, 66, 68, 66, 783, 943, 942, 657, 451, 514, 98, 451, 566, 514, 709, 708, 709, 911, 805, 474, 483, 729, 769, 158, 67, 156, 66, 943, 1089, 66, 156, 158, 157, 769, 483, 805, 709, 566, 657, 497, 942, 497, 566, 567, 709, 566, 568, 567, 805, 752, 483, 376, 769, 838, 157, 156, 1089, 897, 156, 157, 897, 772, 1089, 773, 943, 497, 568, 346, 567, 752, 376, 838, 898, 157, 838, 377, 376, 170, 752, 346, 110, 568, 109, 497, 496, 943, 496, 109, 110, 345, 346, 347, 752, 170, 377, 668, 838, 377, 171, 170, 347, 345, 121, 110, 108, 109, 108, 496, 773, 772, 771, 897, 898, 771, 773, 915, 496, 108, 121, 210, 345, 121, 929, 108, 915, 1082, 773, 870, 771, 789, 898, 668, 789, 870, 1082, 963, 915, 929, 841, 210, 347, 170, 210, 172, 170, 171, 172, 211, 210, 121, 841, 211, 1063, 172, 723, 171, 669, 377, 668, 669, 789, 790, 870, 869, 1082, 1054, 963, 929, 840, 841, 1063, 723, 669, 788, 789, 669, 903, 723, 881, 1063, 839, 841, 839, 840, 963, 960, 840, 1049, 839, 993, 1063, 839, 865, 1049, 960, 1034, 963, 960, 961, 1049, 865, 993, 881, 903, 788, 790, 869, 1054, 608, 869, 608, 790, 610, 788, 599, 610, 608, 1030, 1054, 1034, 1030, 609, 608, 609, 610, 600, 599, 903, 565, 881, 534, 565, 599, 601, 600, 609, 730, 1030, 936, 1034, 959, 960, 959, 961, 865, 866, 993, 1038, 881, 534, 1038, 866, 867, 865, 1047, 961, 1091, 959, 936, 730, 600, 317, 601, 565, 442, 534, 441, 1038, 885, 866, 868, 867, 1047, 1091, 1010, 959, 936, 1010, 1014, 1091, 1010, 1011, 936, 473, 730, 317, 319, 601, 442, 441, 885, 868, 614, 867, 433, 1047, 433, 1014, 1015, 433, 434, 867, 433, 435, 434, 614, 885, 924, 441, 440, 442, 319, 318, 317, 473, 318, 925, 319, 440, 925, 654, 473, 436, 936, 436, 654, 318, 654, 758, 925, 924, 440, 924, 854, 885, 614, 615, 434, 746, 435, 1015, 1096, 1014, 1084, 1010, 1011, 436, 438, 654, 436, 437, 1011, 1084, 1096, 1015, 1005, 435, 431, 746, 615, 683, 614, 854, 1065, 925, 758, 438, 437, 758, 1065, 924, 854, 683, 615, 611, 746, 429, 431, 1005, 721, 431, 430, 429, 611, 1019, 429, 658, 430, 721, 1029, 430, 429, 1018, 1019, 1018, 658, 1029, 558, 721, 713, 803, 128, 1002, 27, 653, 700, 222, 221, 946, 763, 995, 447, 995, 1048, 996, 1079, 1080, 358, 390, 357, 524, 4, 3, 636, 637, 638, 666, 803, 1002, 653, 700, 221, 700, 946, 995, 996, 946, 1024, 700, 1002, 802, 803, 665, 666, 638, 636, 663, 3, 524, 415, 357, 390, 415, 664, 524, 663, 732, 636, 638, 732, 1053, 638, 665, 649, 803, 649, 802, 700, 802, 1024, 996, 1080, 390, 414, 415, 413, 664, 663, 890, 732, 1072, 1053, 665, 650, 649, 645, 1024, 646, 996, 1076, 1080, 1050, 390, 414, 413, 837, 664, 892, 890, 891, 892, 837, 502, 414, 1050, 1076, 646, 645, 802, 645, 650, 1053, 710, 650, 647, 645, 646, 647, 847, 646, 647, 710, 1072, 890, 891, 1072, 1068, 891, 992, 892, 837, 992, 231, 502, 413, 414, 737, 1050, 830, 1076, 847, 830, 106, 847, 105, 647, 105, 710, 1056, 1072, 891, 774, 992, 308, 231, 837, 231, 230, 502, 737, 230, 284, 737, 119, 1050, 119, 830, 106, 105, 1056, 1068, 774, 308, 309, 231, 229, 230, 229, 284, 119, 106, 104, 105, 104, 1056, 918, 1068, 935, 774, 775, 935, 918, 104, 118, 106, 104, 146, 118, 119, 117, 284, 295, 229, 309, 332, 229, 295, 117, 118, 797, 146, 918, 552, 935, 801, 775, 308, 276, 309, 813, 332, 295, 349, 117, 797, 400, 146, 552, 400, 872, 797, 1006, 117, 263, 349, 332, 309, 333, 276, 775, 277, 801, 552, 399, 400, 331, 872, 1006, 263, 619, 349, 813, 333, 278, 276, 277, 768, 801, 399, 331, 873, 872, 331, 260, 399, 768, 432, 277, 278, 835, 333, 834, 813, 619, 834, 835, 1020, 278, 432, 1020, 836, 619, 264, 263, 900, 1006, 263, 262, 900, 873, 255, 331, 255, 260, 1040, 399, 260, 202, 255, 899, 873, 255, 159, 202, 1040, 768, 556, 432, 530, 1020, 576, 836, 834, 619, 852, 836, 835, 836, 832, 852, 264, 262, 894, 900, 262, 852, 831, 832, 576, 530, 556, 1040, 877, 202, 84, 159, 899, 894, 574, 899, 159, 574, 85, 159, 84, 85, 83, 84, 877, 556, 528, 530, 529, 576, 588, 832, 588, 529, 528, 877, 743, 84, 83, 72, 85, 73, 574, 800, 894, 1017, 262, 1095, 852, 831, 588, 587, 529, 1031, 528, 1055, 877, 742, 743, 83, 323, 72, 73, 800, 71, 73, 71, 72, 324, 323, 743, 744, 323, 72, 585, 71, 570, 800, 1017, 1095, 831, 587, 1031, 947, 587, 886, 831, 886, 1095, 1016, 1017, 570, 571, 71, 549, 585, 324, 1003, 585, 324, 811, 1003, 549, 571, 547, 549, 548, 547, 864, 570, 989, 1017, 989, 864, 571, 548, 1003, 750, 548, 374, 750, 286, 1003, 286, 811, 285, 286, 124, 750, 749, 374, 749, 557, 1029, 1088, 557, 919, 750, 124, 123, 286, 123, 285, 1001, 123, 122, 124, 919, 1088, 985, 919, 749, 557, 558, 919, 826, 124, 122, 826, 122, 1001, 695, 122, 324, 744, 742, 1055, 1031, 545, 947, 886, 544, 947, 544, 545, 1055, 1016, 989, 998, 208, 209, 207, 152, 680, 151, 152, 679, 680, 829, 680, 817, 923, 990, 817, 681, 680, 679, 207, 208, 997, 776, 195, 12, 486, 693, 926, 421, 542, 394, 543, 765, 250, 543, 766, 765, 958, 923, 681, 767, 923, 765, 767, 766, 394, 421, 693, 12, 13, 195, 12, 14, 13, 776, 208, 777, 776, 751, 13, 120, 14, 693, 603, 421, 312, 394, 1067, 766, 185, 767, 781, 681, 679, 781, 770, 207, 1036, 208, 777, 751, 120, 15, 14, 603, 15, 16, 751, 656, 777, 1036, 770, 679, 770, 184, 781, 185, 184, 707, 1036, 1037, 777, 656, 16, 120, 15, 316, 603, 310, 421, 310, 312, 311, 394, 311, 1067, 185, 183, 184, 662, 707, 770, 707, 1037, 656, 147, 16, 17, 15, 17, 316, 310, 311, 816, 1067, 183, 662, 828, 183, 816, 828, 640, 662, 655, 707, 655, 1037, 579, 656, 147, 17, 326, 316, 17, 173, 147, 579, 520, 147, 129, 173, 326, 310, 506, 311, 814, 816, 815, 828, 640, 655, 1078, 1037, 579, 1078, 520, 129, 131, 173, 453, 326, 506, 453, 131, 130, 129, 508, 520, 508, 1078, 621, 655, 621, 640, 815, 814, 506, 46, 453, 738, 131, 62, 130, 508, 393, 130, 62, 61, 131, 61, 738, 46, 48, 506, 46, 845, 738, 46, 47, 48, 814, 100, 815, 606, 621, 569, 606, 1046, 563, 606, 563, 569, 1077, 1078, 391, 508, 391, 393, 62, 60, 393, 392, 391, 964, 1078, 621, 1077, 426, 569, 426, 563, 404, 1046, 100, 48, 101, 100, 102, 1046, 906, 102, 101, 47, 845, 61, 60, 6, 61, 6, 845, 8, 6, 290, 60, 392, 964, 1077, 1105, 426, 404, 245, 1046, 245, 906, 101, 355, 47, 8, 7, 6, 7, 290, 392, 759, 964, 1105, 425, 426, 404, 425, 244, 404, 244, 245, 87, 906, 355, 354, 47, 8, 294, 7, 293, 290, 759, 1105, 1100, 425, 879, 244, 87, 927, 906, 895, 927, 34, 87, 86, 244, 86, 879, 1100, 1032, 1105, 213, 759, 293, 294, 354, 8, 294, 863, 293, 107, 759, 107, 863, 354, 908, 355, 895, 908, 863, 80, 107, 213, 1032, 450, 879, 880, 86, 34, 439, 927, 697, 439, 35, 34, 36, 86, 36, 880, 450, 1100, 450, 367, 880, 36, 35, 304, 36, 367, 304, 29, 35, 30, 439, 291, 697, 895, 858, 908, 80, 81, 107, 80, 82, 81, 213, 212, 1032, 217, 212, 81, 216, 212, 216, 82, 858, 80, 82, 804, 858, 697, 291, 30, 29, 303, 304, 368, 367, 369, 450, 449, 1032, 217, 216, 804, 215, 216, 215, 217, 449, 369, 368, 303, 160, 29, 28, 30, 269, 28, 160, 712, 28, 160, 660, 303, 976, 368, 976, 660, 659, 160, 659, 712, 711, 659, 1035, 660, 1013, 976, 1013, 1035, 694, 659, 694, 826, 827, 1035, 984, 827, 694, 711, 695, 694, 122, 826, 985, 827, 984, 1013, 1086, 1018, 983, 658, 1088, 983, 984, 985, 983, 1086, 984, 269, 291, 215, 644, 217, 449, 644, 697, 471, 858, 471, 291, 470, 269, 387, 28, 269, 388, 387, 712, 1075, 711, 902, 695, 691, 1001, 690, 285, 810, 811, 931, 324, 744, 931, 810, 690, 691, 902, 1075, 387, 386, 388, 470, 471, 804, 1083, 215, 149, 644, 616, 449, 485, 369, 484, 368, 484, 976, 135, 1013, 135, 1086, 136, 1018, 64, 1019, 65, 611, 612, 615, 612, 683, 684, 854, 945, 1065, 944, 758, 626, 438, 437, 626, 472, 1011, 437, 472, 1084, 407, 1096, 583, 1015, 583, 1005, 584, 721, 632, 558, 196, 557, 197, 374, 166, 548, 596, 547, 596, 864, 597, 989, 979, 1016, 794, 1095, 794, 886, 544, 546, 545, 1033, 1055, 742, 1033, 546, 755, 544, 794, 755, 842, 1016, 794, 842, 979, 597, 596, 166, 165, 374, 165, 197, 749, 197, 196, 632, 584, 583, 896, 1096, 407, 472, 140, 626, 944, 945, 684, 682, 683, 612, 65, 64, 136, 135, 484, 485, 616, 149, 1083, 471, 469, 1083, 148, 149, 150, 616, 279, 485, 812, 484, 49, 135, 137, 136, 418, 64, 63, 65, 69, 612, 682, 69, 63, 418, 224, 136, 137, 49, 812, 461, 485, 279, 150, 148, 469, 470, 1007, 469, 115, 148, 280, 150, 279, 280, 461, 279, 280, 115, 116, 280, 115, 1007, 388, 1071, 386, 1075, 939, 902, 901, 691, 692, 690, 1012, 810, 930, 931, 988, 744, 987, 742, 987, 1033, 756, 546, 755, 756, 833, 755, 756, 987, 988, 930, 1012, 692, 901, 939, 386, 1027, 939, 938, 901, 371, 692, 370, 1012, 1061, 930, 977, 988, 978, 987, 893, 756, 833, 842, 733, 979, 846, 597, 595, 596, 166, 595, 846, 733, 833, 893, 607, 833, 607, 733, 634, 846, 633, 595, 167, 166, 165, 196, 464, 632, 922, 584, 582, 583, 582, 896, 407, 406, 472, 140, 944, 139, 945, 933, 139, 140, 406, 138, 140, 138, 139, 300, 138, 408, 407, 406, 408, 896, 467, 300, 299, 139, 299, 933, 684, 932, 682, 1045, 69, 70, 63, 745, 418, 417, 224, 137, 50, 49, 51, 812, 375, 461, 116, 114, 115, 114, 1007, 1071, 114, 338, 116, 375, 51, 50, 785, 137, 50, 1074, 51, 339, 375, 338, 762, 114, 338, 339, 337, 338, 337, 762, 1071, 41, 762, 41, 337, 1074, 339, 337, 42, 1074, 786, 50, 785, 224, 1094, 785, 786, 42, 41, 1027, 1071, 41, 937, 939, 901, 907, 371, 370, 1061, 977, 978, 893, 253, 607, 634, 252, 607, 252, 253, 978, 254, 253, 252, 254, 977, 639, 254, 620, 252, 633, 634, 633, 620, 617, 167, 165, 464, 465, 165, 167, 465, 466, 464, 922, 287, 584, 287, 582, 467, 408, 300, 234, 299, 932, 933, 299, 233, 234, 467, 327, 582, 287, 327, 234, 232, 233, 932, 527, 233, 302, 232, 327, 289, 232, 289, 302, 527, 1045, 932, 527, 70, 1045, 70, 482, 527, 70, 745, 482, 302, 292, 289, 287, 288, 922, 466, 348, 922, 288, 289, 288, 292, 482, 575, 292, 59, 288, 348, 59, 575, 745, 416, 418, 224, 884, 1094, 786, 40, 41, 40, 42, 40, 937, 1027, 937, 938, 648, 40, 1094, 179, 40, 179, 648, 937, 648, 907, 523, 371, 372, 370, 498, 1061, 639, 620, 887, 639, 620, 515, 617, 595, 167, 454, 465, 405, 466, 366, 348, 22, 59, 58, 575, 416, 58, 22, 366, 379, 466, 366, 20, 22, 21, 58, 417, 416, 417, 21, 20, 379, 405, 454, 617, 633, 454, 515, 887, 1061, 370, 190, 372, 188, 371, 188, 190, 498, 887, 359, 515, 420, 359, 498, 190, 359, 189, 420, 454, 405, 420, 389, 189, 190, 188, 189, 361, 389, 405, 379, 389, 360, 20, 177, 179, 884, 21, 177, 360, 361, 178, 648, 178, 179, 177, 178, 907, 938, 178, 360, 379, 177, 884, 417, 178, 523, 361, 188, 523]
