0.05 3.99 0 0 0 1
0.35 3.99 0 0 0 1
0.35 3.49 0 0 0 1
3.05 3.49 0 0 0 1
3.05 0.89 0 0 0 1
7.25 0.89 0 0 0 1
7.25 7.29 0 0 0 1
2.95 7.29 0 0 0 1
2.95 3.54 0 0 0 1
0.40 3.54 0 0 0 1
0.40 3.89 0 0 0 1
10.10 4.39 0 0 0 1
10.10 3.79 0 0 0 1
7.30 3.79 0 0 0 1
7.30 0.94 0 0 0 1
2.60 7.04 0 0 0 1
2.90 7.04 0 0 0 1
2.90 7.24 0 0 0 1
2.85 7.24 0 0 0 1
2.85 7.09 0 0 0 1
2.70 7.09 0 0 0 1
8.75 2.29 0 0 0 1
7.35 2.29 0 0 0 1
7.35 0.99 0 0 0 1
7.40 0.99 0 0 0 1
7.40 2.24 0 0 0 1
8.70 2.24 0 0 0 1
1.55 5.99 0 0 0 1
1.55 3.59 0 0 0 1
0.45 3.59 0 0 0 1
0.45 3.84 0 0 0 1
1.50 3.84 0 0 0 1
1.50 5.94 0 0 0 1
9.55 3.14 0 0 0 1
7.35 3.14 0 0 0 1
7.35 2.34 0 0 0 1
8.75 2.34 0 0 0 1
8.75 3.09 0 0 0 1
7.40 3.09 0 0 0 1
7.40 2.39 0 0 0 1
8.70 2.39 0 0 0 1
8.70 3.04 0 0 0 1
7.45 3.04 0 0 0 1
7.45 2.44 0 0 0 1
8.65 2.44 0 0 0 1
8.65 2.99 0 0 0 1
7.50 2.99 0 0 0 1
7.50 2.49 0 0 0 1
8.60 2.49 0 0 0 1
8.60 2.94 0 0 0 1
7.55 2.94 0 0 0 1
7.55 2.54 0 0 0 1
8.55 2.54 0 0 0 1
8.55 2.89 0 0 0 1
7.60 2.89 0 0 0 1
7.60 2.59 0 0 0 1
8.50 2.59 0 0 0 1
8.50 2.84 0 0 0 1
7.65 2.84 0 0 0 1
7.65 2.64 0 0 0 1
8.45 2.64 0 0 0 1
8.45 2.79 0 0 0 1
7.70 2.79 0 0 0 1
7.70 2.69 0 0 0 1
8.40 2.69 0 0 0 1
8.40 2.74 0 0 0 1
7.75 2.74 0 0 0 1
1.10 5.49 0 0 0 1
1.10 3.89 0 0 0 1
0.85 3.89 0 0 0 1
0.85 3.94 0 0 0 1
1.05 3.94 0 0 0 1
1.05 5.44 0 0 0 1
9.50 3.09 0 0 0 1
8.80 3.09 0 0 0 1
8.80 2.39 0 0 0 1
1.40 5.84 0 0 0 1
1.40 3.89 0 0 0 1
1.15 3.89 0 0 0 1
1.15 5.54 0 0 0 1
1.35 5.54 0 0 0 1
1.35 3.94 0 0 0 1
1.20 3.94 0 0 0 1
1.20 5.49 0 0 0 1
1.30 5.49 0 0 0 1
1.30 3.99 0 0 0 1
1.25 3.99 0 0 0 1
1.25 5.44 0 0 0 1
9.45 3.04 0 0 0 1
8.85 3.04 0 0 0 1
8.85 2.44 0 0 0 1
1.35 5.79 0 0 0 1
1.35 5.59 0 0 0 1
1.20 5.59 0 0 0 1
1.20 5.64 0 0 0 1
1.30 5.64 0 0 0 1
1.30 5.74 0 0 0 1
9.40 2.99 0 0 0 1
8.90 2.99 0 0 0 1
8.90 2.49 0 0 0 1
9.35 2.94 0 0 0 1
8.95 2.94 0 0 0 1
8.95 2.54 0 0 0 1
1.00 5.39 0 0 0 1
1.00 3.99 0 0 0 1
0.90 3.99 0 0 0 1
0.90 4.04 0 0 0 1
0.95 4.04 0 0 0 1
0.95 5.34 0 0 0 1
9.30 2.89 0 0 0 1
9.00 2.89 0 0 0 1
9.00 2.59 0 0 0 1
0.90 5.29 0 0 0 1
0.90 4.24 0 0 0 1
10.20 3.99 0 0 0 1
10.20 4.19 0 0 0 1
10.15 4.19 0 0 0 1
10.15 4.29 0 0 0 1
0.10 3.94 0 0 0 1
0.30 3.94 0 0 0 1
0.30 3.54 0 0 0 1
10.05 4.59 0 0 0 1
7.30 4.59 0 0 0 1
7.30 7.29 0 0 0 1
2.65 1.14 0 0 0 1
3.00 1.14 0 0 0 1
3.00 3.44 0 0 0 1
0.40 3.44 0 0 0 1
10.00 4.64 0 0 0 1
7.35 4.64 0 0 0 1
7.35 7.24 0 0 0 1
7.40 7.24 0 0 0 1
7.40 4.69 0 0 0 1
9.95 4.69 0 0 0 1
0.25 3.59 0 0 0 1
0.25 3.89 0 0 0 1
0.10 3.89 0 0 0 1
10.05 4.34 0 0 0 1
9.85 4.34 0 0 0 1
9.85 4.54 0 0 0 1
10.05 4.54 0 0 0 1
10.05 4.39 0 0 0 1
9.90 4.39 0 0 0 1
9.90 4.49 0 0 0 1
10.00 4.49 0 0 0 1
10.00 4.44 0 0 0 1
9.95 4.44 0 0 0 1
0.15 3.79 0 0 0 1
0.20 3.79 0 0 0 1
0.20 3.69 0 0 0 1
0.15 3.84 0 0 0 1
0.20 3.84 0 0 0 1
10.05 4.29 0 0 0 1
9.85 4.29 0 0 0 1
9.85 4.24 0 0 0 1
10.05 4.24 0 0 0 1
10.05 3.84 0 0 0 1
7.30 3.84 0 0 0 1
7.30 4.54 0 0 0 1
9.80 4.54 0 0 0 1
9.80 4.39 0 0 0 1
7.35 4.39 0 0 0 1
7.35 4.49 0 0 0 1
9.75 4.49 0 0 0 1
9.75 4.44 0 0 0 1
7.40 4.44 0 0 0 1
0.05 4.04 0 0 0 1
0.30 4.04 0 0 0 1
0.30 4.64 0 0 0 1
0.85 4.64 0 0 0 1
0.85 5.24 0 0 0 1
10.05 3.69 0 0 0 1
7.35 3.69 0 0 0 1
7.35 3.19 0 0 0 1
9.55 3.19 0 0 0 1
9.55 3.64 0 0 0 1
7.40 3.64 0 0 0 1
7.40 3.24 0 0 0 1
9.50 3.24 0 0 0 1
9.50 3.59 0 0 0 1
7.45 3.59 0 0 0 1
7.45 3.29 0 0 0 1
9.45 3.29 0 0 0 1
9.45 3.54 0 0 0 1
7.50 3.54 0 0 0 1
7.50 3.34 0 0 0 1
9.40 3.34 0 0 0 1
9.40 3.49 0 0 0 1
7.55 3.49 0 0 0 1
7.55 3.39 0 0 0 1
9.35 3.39 0 0 0 1
9.35 3.44 0 0 0 1
7.60 3.44 0 0 0 1
0.40 4.79 0 0 0 1
0.80 4.79 0 0 0 1
0.80 4.69 0 0 0 1
0.35 4.69 0 0 0 1
0.35 4.74 0 0 0 1
0.75 4.74 0 0 0 1
10.00 3.64 0 0 0 1
9.60 3.64 0 0 0 1
9.60 3.24 0 0 0 1
0.60 4.99 0 0 0 1
0.60 4.84 0 0 0 1
0.80 4.84 0 0 0 1
0.80 5.19 0 0 0 1
9.95 3.59 0 0 0 1
9.65 3.59 0 0 0 1
9.65 3.29 0 0 0 1
0.55 4.94 0 0 0 1
0.55 4.84 0 0 0 1
0.45 4.84 0 0 0 1
9.90 3.54 0 0 0 1
9.70 3.54 0 0 0 1
9.70 3.34 0 0 0 1
9.85 3.49 0 0 0 1
9.75 3.49 0 0 0 1
9.75 3.39 0 0 0 1
0.25 4.59 0 0 0 1
0.25 4.09 0 0 0 1
0.05 4.09 0 0 0 1
0.05 4.19 0 0 0 1
0.20 4.19 0 0 0 1
0.20 4.54 0 0 0 1
10.05 3.74 0 0 0 1
7.35 3.74 0 0 0 1
0.15 4.44 0 0 0 1
0.15 4.24 0 0 0 1
0.10 4.24 0 0 0 1
0.10 4.34 0 0 0 1
10.15 3.89 0 0 0 1
10.15 4.14 0 0 0 1
0.10 4.14 0 0 0 1
0.20 4.14 0 0 0 1
10.00 4.09 0 0 0 1
10.00 4.19 0 0 0 1
9.90 4.19 0 0 0 1
9.90 3.89 0 0 0 1
10.00 3.89 0 0 0 1
10.00 4.04 0 0 0 1
9.95 4.04 0 0 0 1
9.95 4.14 0 0 0 1
0.35 4.19 0 0 0 1
0.35 4.59 0 0 0 1
0.85 4.59 0 0 0 1
0.85 4.29 0 0 0 1
9.95 3.94 0 0 0 1
9.95 3.99 0 0 0 1
0.40 4.34 0 0 0 1
0.40 4.54 0 0 0 1
0.80 4.54 0 0 0 1
0.80 4.39 0 0 0 1
0.45 4.39 0 0 0 1
0.45 4.49 0 0 0 1
0.75 4.49 0 0 0 1
0.75 4.44 0 0 0 1
0.50 4.44 0 0 0 1
9.85 3.89 0 0 0 1
9.85 3.94 0 0 0 1
0.50 3.79 0 0 0 1
1.50 3.79 0 0 0 1
1.50 3.64 0 0 0 1
0.50 3.64 0 0 0 1
0.50 3.74 0 0 0 1
1.45 3.74 0 0 0 1
1.45 3.69 0 0 0 1
0.55 3.69 0 0 0 1
9.85 4.74 0 0 0 1
7.45 4.74 0 0 0 1
7.45 7.19 0 0 0 1
2.60 1.19 0 0 0 1
2.60 3.39 0 0 0 1
0.45 3.39 0 0 0 1
9.80 4.79 0 0 0 1
7.50 4.79 0 0 0 1
7.50 7.14 0 0 0 1
2.55 1.24 0 0 0 1
2.55 3.34 0 0 0 1
0.50 3.34 0 0 0 1
9.75 4.84 0 0 0 1
7.55 4.84 0 0 0 1
7.55 7.09 0 0 0 1
2.50 1.29 0 0 0 1
2.50 3.29 0 0 0 1
0.55 3.29 0 0 0 1
9.70 4.89 0 0 0 1
7.60 4.89 0 0 0 1
7.60 7.04 0 0 0 1
2.45 1.34 0 0 0 1
2.45 3.24 0 0 0 1
0.60 3.24 0 0 0 1
9.65 4.94 0 0 0 1
7.65 4.94 0 0 0 1
7.65 6.99 0 0 0 1
7.70 6.99 0 0 0 1
7.70 4.99 0 0 0 1
9.60 4.99 0 0 0 1
0.65 3.19 0 0 0 1
2.40 3.19 0 0 0 1
2.40 1.39 0 0 0 1
8.15 6.59 0 0 0 1
7.75 6.59 0 0 0 1
7.75 6.94 0 0 0 1
2.35 1.44 0 0 0 1
2.35 3.14 0 0 0 1
0.70 3.14 0 0 0 1
9.55 5.09 0 0 0 1
7.75 5.09 0 0 0 1
7.75 6.54 0 0 0 1
8.15 6.54 0 0 0 1
8.15 5.14 0 0 0 1
7.80 5.14 0 0 0 1
7.80 6.49 0 0 0 1
8.10 6.49 0 0 0 1
8.10 5.19 0 0 0 1
7.85 5.19 0 0 0 1
7.85 6.44 0 0 0 1
8.05 6.44 0 0 0 1
8.05 5.24 0 0 0 1
7.90 5.24 0 0 0 1
7.90 6.39 0 0 0 1
8.00 6.39 0 0 0 1
8.00 5.29 0 0 0 1
7.95 5.29 0 0 0 1
7.95 6.34 0 0 0 1
2.30 1.49 0 0 0 1
2.30 3.09 0 0 0 1
0.75 3.09 0 0 0 1
9.50 5.14 0 0 0 1
8.20 5.14 0 0 0 1
8.20 6.49 0 0 0 1
2.25 1.54 0 0 0 1
2.25 3.04 0 0 0 1
0.80 3.04 0 0 0 1
9.45 5.19 0 0 0 1
8.25 5.19 0 0 0 1
8.25 6.44 0 0 0 1
2.20 1.59 0 0 0 1
2.20 2.99 0 0 0 1
0.85 2.99 0 0 0 1
9.40 5.24 0 0 0 1
8.30 5.24 0 0 0 1
8.30 6.39 0 0 0 1
2.15 1.64 0 0 0 1
2.15 2.94 0 0 0 1
0.90 2.94 0 0 0 1
9.35 5.29 0 0 0 1
8.35 5.29 0 0 0 1
8.35 6.34 0 0 0 1
2.10 1.69 0 0 0 1
2.10 2.89 0 0 0 1
0.95 2.89 0 0 0 1
9.30 5.34 0 0 0 1
8.40 5.34 0 0 0 1
8.40 6.29 0 0 0 1
2.05 1.74 0 0 0 1
2.05 2.84 0 0 0 1
1.00 2.84 0 0 0 1
9.25 5.39 0 0 0 1
8.45 5.39 0 0 0 1
8.45 6.24 0 0 0 1
1.80 1.99 0 0 0 1
1.80 2.79 0 0 0 1
1.05 2.79 0 0 0 1
9.20 5.44 0 0 0 1
8.50 5.44 0 0 0 1
8.50 6.14 0 0 0 1
1.70 2.09 0 0 0 1
1.70 2.74 0 0 0 1
1.10 2.74 0 0 0 1
9.20 5.49 0 0 0 1
8.55 5.49 0 0 0 1
8.55 6.09 0 0 0 1
1.65 2.14 0 0 0 1
1.65 2.69 0 0 0 1
1.15 2.69 0 0 0 1
9.10 5.54 0 0 0 1
8.60 5.54 0 0 0 1
8.60 6.04 0 0 0 1
1.60 2.19 0 0 0 1
1.60 2.64 0 0 0 1
1.20 2.64 0 0 0 1
9.05 5.59 0 0 0 1
8.65 5.59 0 0 0 1
8.65 5.99 0 0 0 1
1.55 2.24 0 0 0 1
1.55 2.59 0 0 0 1
1.25 2.59 0 0 0 1
9.00 5.64 0 0 0 1
8.70 5.64 0 0 0 1
8.70 5.94 0 0 0 1
1.50 2.29 0 0 0 1
1.50 2.54 0 0 0 1
1.30 2.54 0 0 0 1
8.95 5.69 0 0 0 1
8.75 5.69 0 0 0 1
8.75 5.89 0 0 0 1
1.45 2.34 0 0 0 1
1.45 2.49 0 0 0 1
1.35 2.49 0 0 0 1
8.90 5.74 0 0 0 1
8.80 5.74 0 0 0 1
8.80 5.84 0 0 0 1
1.85 2.44 0 0 0 1
1.85 2.79 0 0 0 1
2.00 2.79 0 0 0 1
2.00 1.79 0 0 0 1
8.10 6.64 0 0 0 1
7.80 6.64 0 0 0 1
7.80 6.89 0 0 0 1
1.95 1.84 0 0 0 1
1.95 2.74 0 0 0 1
1.90 2.74 0 0 0 1
1.90 1.89 0 0 0 1
8.00 6.69 0 0 0 1
7.85 6.69 0 0 0 1
7.85 6.84 0 0 0 1
1.85 1.94 0 0 0 1
1.85 2.39 0 0 0 1
9.55 5.04 0 0 0 1
7.75 5.04 0 0 0 1
1.60 3.59 0 0 0 1
1.60 6.04 0 0 0 1
2.90 6.04 0 0 0 1
2.90 6.99 0 0 0 1
2.55 6.99 0 0 0 1
2.55 6.09 0 0 0 1
2.85 6.09 0 0 0 1
2.85 6.94 0 0 0 1
2.60 6.94 0 0 0 1
2.60 6.14 0 0 0 1
2.80 6.14 0 0 0 1
2.80 6.89 0 0 0 1
2.65 6.89 0 0 0 1
2.65 6.19 0 0 0 1
2.75 6.19 0 0 0 1
2.75 6.84 0 0 0 1
2.70 6.84 0 0 0 1
2.70 6.24 0 0 0 1
8.65 2.19 0 0 0 1
7.45 2.19 0 0 0 1
7.45 1.04 0 0 0 1
2.50 6.94 0 0 0 1
2.50 6.09 0 0 0 1
1.65 6.09 0 0 0 1
8.60 2.14 0 0 0 1
7.50 2.14 0 0 0 1
7.50 1.09 0 0 0 1
2.45 6.89 0 0 0 1
2.45 6.14 0 0 0 1
1.70 6.14 0 0 0 1
8.55 2.09 0 0 0 1
7.55 2.09 0 0 0 1
7.55 1.14 0 0 0 1
2.40 6.84 0 0 0 1
2.40 6.19 0 0 0 1
1.75 6.19 0 0 0 1
8.50 2.04 0 0 0 1
7.60 2.04 0 0 0 1
7.60 1.19 0 0 0 1
7.65 1.19 0 0 0 1
7.65 1.99 0 0 0 1
8.45 1.99 0 0 0 1
1.80 6.24 0 0 0 1
2.35 6.24 0 0 0 1
2.35 6.79 0 0 0 1
8.40 1.94 0 0 0 1
7.70 1.94 0 0 0 1
7.70 1.24 0 0 0 1
2.30 6.74 0 0 0 1
2.30 6.29 0 0 0 1
1.85 6.29 0 0 0 1
8.35 1.89 0 0 0 1
7.75 1.89 0 0 0 1
7.75 1.29 0 0 0 1
2.25 6.69 0 0 0 1
2.25 6.34 0 0 0 1
1.90 6.34 0 0 0 1
8.30 1.84 0 0 0 1
7.80 1.84 0 0 0 1
7.80 1.34 0 0 0 1
2.20 6.64 0 0 0 1
2.20 6.39 0 0 0 1
1.95 6.39 0 0 0 1
8.25 1.79 0 0 0 1
7.85 1.79 0 0 0 1
7.85 1.39 0 0 0 1
2.15 6.59 0 0 0 1
2.15 6.44 0 0 0 1
2.00 6.44 0 0 0 1
8.20 1.74 0 0 0 1
7.90 1.74 0 0 0 1
7.90 1.44 0 0 0 1
2.10 6.54 0 0 0 1
2.10 6.49 0 0 0 1
2.05 6.49 0 0 0 1
8.15 1.69 0 0 0 1
7.95 1.69 0 0 0 1
7.95 1.49 0 0 0 1
1.45 5.89 0 0 0 1
1.45 3.89 0 0 0 1
9.40 4.34 0 0 0 1
7.35 4.34 0 0 0 1
7.35 3.89 0 0 0 1
9.35 3.89 0 0 0 1
9.35 3.99 0 0 0 1
7.40 3.99 0 0 0 1
7.40 4.29 0 0 0 1
9.35 4.29 0 0 0 1
9.35 4.24 0 0 0 1
7.45 4.24 0 0 0 1
7.45 4.04 0 0 0 1
9.30 4.04 0 0 0 1
9.30 4.19 0 0 0 1
7.50 4.19 0 0 0 1
7.50 4.09 0 0 0 1
9.25 4.09 0 0 0 1
9.25 4.14 0 0 0 1
7.55 4.14 0 0 0 1
0.65 4.89 0 0 0 1
0.65 5.04 0 0 0 1
0.75 5.04 0 0 0 1
0.75 5.14 0 0 0 1
0.70 4.89 0 0 0 1
0.75 4.89 0 0 0 1
0.75 4.99 0 0 0 1
0.70 4.99 0 0 0 1
0.70 4.94 0 0 0 1
9.25 2.84 0 0 0 1
9.05 2.84 0 0 0 1
9.05 2.64 0 0 0 1
9.20 2.79 0 0 0 1
9.10 2.79 0 0 0 1
9.10 2.69 0 0 0 1
1.65 5.54 0 0 0 1
2.90 5.54 0 0 0 1
2.90 3.59 0 0 0 1
1.65 3.59 0 0 0 1
1.65 5.49 0 0 0 1
2.85 5.49 0 0 0 1
2.85 3.64 0 0 0 1
1.70 3.64 0 0 0 1
1.70 5.44 0 0 0 1
2.80 5.44 0 0 0 1
2.80 3.69 0 0 0 1
1.75 3.69 0 0 0 1
1.75 5.39 0 0 0 1
2.75 5.39 0 0 0 1
2.75 3.74 0 0 0 1
1.80 3.74 0 0 0 1
1.80 5.34 0 0 0 1
2.70 5.34 0 0 0 1
2.70 3.79 0 0 0 1
1.85 3.79 0 0 0 1
1.85 5.29 0 0 0 1
2.65 5.29 0 0 0 1
2.65 3.84 0 0 0 1
1.90 3.84 0 0 0 1
1.90 5.24 0 0 0 1
2.60 5.24 0 0 0 1
2.60 3.89 0 0 0 1
1.95 3.89 0 0 0 1
1.95 5.19 0 0 0 1
2.55 5.19 0 0 0 1
2.55 3.94 0 0 0 1
2.00 3.94 0 0 0 1
2.00 5.14 0 0 0 1
2.50 5.14 0 0 0 1
2.50 3.99 0 0 0 1
2.05 3.99 0 0 0 1
2.05 5.09 0 0 0 1
2.45 5.09 0 0 0 1
2.45 4.04 0 0 0 1
2.10 4.04 0 0 0 1
2.10 5.04 0 0 0 1
2.40 5.04 0 0 0 1
2.40 4.09 0 0 0 1
2.15 4.09 0 0 0 1
2.15 4.99 0 0 0 1
2.35 4.99 0 0 0 1
2.35 4.14 0 0 0 1
2.20 4.14 0 0 0 1
2.20 4.94 0 0 0 1
2.30 4.94 0 0 0 1
2.30 4.19 0 0 0 1
2.25 4.19 0 0 0 1
2.25 4.89 0 0 0 1
9.30 3.94 0 0 0 1
7.40 3.94 0 0 0 1
1.65 5.59 0 0 0 1
2.90 5.59 0 0 0 1
2.90 5.99 0 0 0 1
1.65 5.99 0 0 0 1
1.65 5.64 0 0 0 1
2.85 5.64 0 0 0 1
2.85 5.94 0 0 0 1
1.70 5.94 0 0 0 1
1.70 5.69 0 0 0 1
2.80 5.69 0 0 0 1
2.80 5.89 0 0 0 1
1.75 5.89 0 0 0 1
1.75 5.74 0 0 0 1
2.75 5.74 0 0 0 1
2.75 5.84 0 0 0 1
1.80 5.84 0 0 0 1
1.80 5.79 0 0 0 1
2.70 5.79 0 0 0 1
2.80 7.19 0 0 0 1
2.80 7.14 0 0 0 1
2.75 7.14 0 0 0 1
8.10 1.64 0 0 0 1
8.00 1.64 0 0 0 1
8.00 1.54 0 0 0 1
3.10 7.39 0 0 0 1
7.15 7.39 0 0 0 1
7.15 7.34 0 0 0 1
7.20 7.34 0 0 0 1
3.00 0.89 0 0 0 1
3.00 1.09 0 0 0 1
2.75 1.09 0 0 0 1
7.95 6.74 0 0 0 1
7.90 6.74 0 0 0 1
7.90 6.79 0 0 0 1
1.75 2.04 0 0 0 1
1.75 2.74 0 0 0 1
7.05 7.44 0 0 0 1
3.20 7.44 0 0 0 1
7.00 0.74 0 0 0 1
7.00 0.84 0 0 0 1
3.10 0.84 0 0 0 1
7.10 7.34 0 0 0 1
3.05 7.34 0 0 0 1
7.15 0.84 0 0 0 1
7.05 0.84 0 0 0 1
7.05 0.79 0 0 0 1
3.25 7.49 0 0 0 1
6.95 7.49 0 0 0 1
3.25 0.74 0 0 0 1
6.95 0.74 0 0 0 1
6.95 0.79 0 0 0 1
3.15 0.79 0 0 0 1
6.90 7.54 0 0 0 1
3.35 7.54 0 0 0 1
6.80 0.64 0 0 0 1
3.45 0.64 0 0 0 1
3.45 0.69 0 0 0 1
3.35 0.69 0 0 0 1
6.80 7.59 0 0 0 1
3.45 7.59 0 0 0 1
6.70 0.59 0 0 0 1
3.55 0.59 0 0 0 1
6.65 7.64 0 0 0 1
3.55 7.64 0 0 0 1
6.55 0.54 0 0 0 1
3.70 0.54 0 0 0 1
6.55 7.69 0 0 0 1
3.70 7.69 0 0 0 1
6.45 0.49 0 0 0 1
3.80 0.49 0 0 0 1
6.40 7.74 0 0 0 1
3.85 7.74 0 0 0 1
6.30 0.44 0 0 0 1
3.95 0.44 0 0 0 1
6.25 7.79 0 0 0 1
4.00 7.79 0 0 0 1
6.20 0.39 0 0 0 1
4.10 0.39 0 0 0 1
6.10 7.84 0 0 0 1
4.15 7.84 0 0 0 1
5.95 0.34 0 0 0 1
4.30 0.34 0 0 0 1
5.95 7.89 0 0 0 1
4.30 7.89 0 0 0 1
5.70 0.29 0 0 0 1
4.55 0.29 0 0 0 1
5.80 7.94 0 0 0 1
4.45 7.94 0 0 0 1
5.35 0.24 0 0 0 1
5.10 0.24 0 0 0 1
5.45 7.99 0 0 0 1
4.75 7.99 0 0 0 1
5.45 0.94 0 0 0 1
5.45 1.99 0 0 0 1
5.25 1.99 0 0 0 1
5.25 0.94 0 0 0 1
3.10 0.94 0 0 0 1
3.10 3.39 0 0 0 1
7.20 4.94 0 0 0 1
7.20 4.54 0 0 0 1
2.65 3.39 0 0 0 1
2.95 3.39 0 0 0 1
2.95 1.19 0 0 0 1
2.65 1.19 0 0 0 1
2.65 3.34 0 0 0 1
2.90 3.34 0 0 0 1
2.90 1.24 0 0 0 1
2.70 1.24 0 0 0 1
2.70 3.29 0 0 0 1
2.85 3.29 0 0 0 1
2.85 1.29 0 0 0 1
2.75 1.29 0 0 0 1
2.75 3.24 0 0 0 1
2.80 3.24 0 0 0 1
2.80 1.34 0 0 0 1
7.20 7.24 0 0 0 1
7.20 4.99 0 0 0 1
7.10 4.99 0 0 0 1
7.10 4.84 0 0 0 1
7.15 4.84 0 0 0 1
7.15 4.69 0 0 0 1
3.05 3.54 0 0 0 1
3.00 3.54 0 0 0 1
3.00 3.94 0 0 0 1
7.15 4.89 0 0 0 1
7.15 4.94 0 0 0 1
3.15 3.24 0 0 0 1
3.15 0.99 0 0 0 1
5.20 0.99 0 0 0 1
5.20 1.94 0 0 0 1
3.20 1.94 0 0 0 1
3.20 3.14 0 0 0 1
7.15 5.24 0 0 0 1
6.95 5.24 0 0 0 1
6.95 7.24 0 0 0 1
3.00 7.24 0 0 0 1
3.00 4.39 0 0 0 1
7.20 3.49 0 0 0 1
7.20 0.94 0 0 0 1
5.50 0.94 0 0 0 1
5.50 2.04 0 0 0 1
7.15 2.04 0 0 0 1
7.15 0.99 0 0 0 1
5.55 0.99 0 0 0 1
5.55 1.99 0 0 0 1
7.10 1.99 0 0 0 1
7.10 1.04 0 0 0 1
5.60 1.04 0 0 0 1
5.60 1.94 0 0 0 1
7.05 1.94 0 0 0 1
7.05 1.09 0 0 0 1
5.65 1.09 0 0 0 1
5.65 1.89 0 0 0 1
7.00 1.89 0 0 0 1
7.00 1.14 0 0 0 1
5.70 1.14 0 0 0 1
5.70 1.84 0 0 0 1
6.95 1.84 0 0 0 1
6.95 1.19 0 0 0 1
5.75 1.19 0 0 0 1
5.75 1.79 0 0 0 1
6.90 1.79 0 0 0 1
6.90 1.24 0 0 0 1
5.80 1.24 0 0 0 1
5.80 1.74 0 0 0 1
6.85 1.74 0 0 0 1
6.85 1.29 0 0 0 1
5.85 1.29 0 0 0 1
5.85 1.69 0 0 0 1
6.80 1.69 0 0 0 1
6.80 1.34 0 0 0 1
5.90 1.34 0 0 0 1
5.90 1.64 0 0 0 1
6.75 1.64 0 0 0 1
6.75 1.39 0 0 0 1
5.95 1.39 0 0 0 1
5.95 1.59 0 0 0 1
6.70 1.59 0 0 0 1
6.70 1.44 0 0 0 1
6.00 1.44 0 0 0 1
6.00 1.54 0 0 0 1
6.65 1.54 0 0 0 1
6.65 1.49 0 0 0 1
6.05 1.49 0 0 0 1
4.15 7.19 0 0 0 1
4.15 6.04 0 0 0 1
3.05 6.04 0 0 0 1
3.05 4.69 0 0 0 1
7.15 3.39 0 0 0 1
7.15 2.09 0 0 0 1
5.80 2.09 0 0 0 1
4.25 7.19 0 0 0 1
4.25 6.09 0 0 0 1
4.20 6.09 0 0 0 1
4.20 6.04 0 0 0 1
6.90 0.69 0 0 0 1
3.50 0.69 0 0 0 1
6.70 7.19 0 0 0 1
6.70 5.64 0 0 0 1
6.90 5.64 0 0 0 1
6.90 7.19 0 0 0 1
6.75 7.19 0 0 0 1
6.75 5.69 0 0 0 1
6.85 5.69 0 0 0 1
6.85 7.14 0 0 0 1
6.80 7.14 0 0 0 1
6.80 5.74 0 0 0 1
2.85 0.99 0 0 0 1
2.95 0.99 0 0 0 1
2.95 1.04 0 0 0 1
2.80 1.04 0 0 0 1
7.15 7.24 0 0 0 1
7.00 7.24 0 0 0 1
7.00 5.29 0 0 0 1
7.15 5.29 0 0 0 1
7.15 7.19 0 0 0 1
7.05 7.19 0 0 0 1
7.05 5.34 0 0 0 1
7.10 5.34 0 0 0 1
7.10 7.14 0 0 0 1
6.65 7.19 0 0 0 1
6.65 5.64 0 0 0 1
3.20 1.04 0 0 0 1
3.20 1.89 0 0 0 1
5.15 1.89 0 0 0 1
5.15 1.04 0 0 0 1
3.25 1.04 0 0 0 1
3.25 1.84 0 0 0 1
5.10 1.84 0 0 0 1
5.10 1.09 0 0 0 1
3.30 1.09 0 0 0 1
3.30 1.79 0 0 0 1
5.05 1.79 0 0 0 1
5.05 1.14 0 0 0 1
3.35 1.14 0 0 0 1
3.35 1.74 0 0 0 1
5.00 1.74 0 0 0 1
5.00 1.19 0 0 0 1
3.40 1.19 0 0 0 1
3.40 1.69 0 0 0 1
4.95 1.69 0 0 0 1
4.95 1.24 0 0 0 1
3.45 1.24 0 0 0 1
3.45 1.64 0 0 0 1
4.90 1.64 0 0 0 1
4.90 1.29 0 0 0 1
3.50 1.29 0 0 0 1
3.50 1.59 0 0 0 1
4.85 1.59 0 0 0 1
4.85 1.34 0 0 0 1
3.55 1.34 0 0 0 1
3.55 1.54 0 0 0 1
4.80 1.54 0 0 0 1
4.80 1.39 0 0 0 1
3.60 1.39 0 0 0 1
3.60 1.49 0 0 0 1
4.75 1.49 0 0 0 1
4.75 1.44 0 0 0 1
3.65 1.44 0 0 0 1
6.55 7.19 0 0 0 1
6.55 5.74 0 0 0 1
6.60 5.74 0 0 0 1
6.60 5.69 0 0 0 1
3.60 2.54 0 0 0 1
3.25 2.54 0 0 0 1
3.25 1.99 0 0 0 1
4.90 1.99 0 0 0 1
5.35 7.19 0 0 0 1
5.35 6.24 0 0 0 1
6.50 6.24 0 0 0 1
6.50 5.79 0 0 0 1
6.45 5.79 0 0 0 1
6.45 6.19 0 0 0 1
5.50 6.19 0 0 0 1
5.30 0.94 0 0 0 1
5.30 1.94 0 0 0 1
5.40 1.94 0 0 0 1
5.40 0.94 0 0 0 1
5.35 0.94 0 0 0 1
5.35 1.89 0 0 0 1
4.85 7.19 0 0 0 1
5.30 7.19 0 0 0 1
5.30 6.24 0 0 0 1
5.25 6.24 0 0 0 1
5.25 7.14 0 0 0 1
4.30 7.14 0 0 0 1
4.30 6.09 0 0 0 1
3.05 7.19 0 0 0 1
3.05 6.09 0 0 0 1
4.10 6.09 0 0 0 1
4.10 7.19 0 0 0 1
3.10 7.19 0 0 0 1
3.10 6.14 0 0 0 1
4.05 6.14 0 0 0 1
4.05 7.14 0 0 0 1
3.15 7.14 0 0 0 1
3.15 6.19 0 0 0 1
4.00 6.19 0 0 0 1
4.00 7.09 0 0 0 1
3.20 7.09 0 0 0 1
3.20 6.24 0 0 0 1
3.95 6.24 0 0 0 1
3.95 7.04 0 0 0 1
3.25 7.04 0 0 0 1
3.25 6.29 0 0 0 1
3.90 6.29 0 0 0 1
3.90 6.99 0 0 0 1
3.30 6.99 0 0 0 1
3.30 6.34 0 0 0 1
3.85 6.34 0 0 0 1
3.85 6.94 0 0 0 1
3.35 6.94 0 0 0 1
3.35 6.39 0 0 0 1
3.80 6.39 0 0 0 1
3.80 6.89 0 0 0 1
3.40 6.89 0 0 0 1
3.40 6.44 0 0 0 1
3.75 6.44 0 0 0 1
3.75 6.84 0 0 0 1
3.45 6.84 0 0 0 1
3.45 6.49 0 0 0 1
3.70 6.49 0 0 0 1
3.70 6.79 0 0 0 1
3.50 6.79 0 0 0 1
3.50 6.54 0 0 0 1
3.65 6.54 0 0 0 1
3.65 6.74 0 0 0 1
3.55 6.74 0 0 0 1
3.55 6.59 0 0 0 1
3.60 6.59 0 0 0 1
3.60 6.69 0 0 0 1
6.40 2.14 0 0 0 1
6.00 2.14 0 0 0 1
4.20 7.19 0 0 0 1
4.20 6.14 0 0 0 1
6.10 2.19 0 0 0 1
7.10 2.19 0 0 0 1
7.10 3.24 0 0 0 1
3.10 4.99 0 0 0 1
3.10 4.84 0 0 0 1
7.05 3.14 0 0 0 1
7.05 2.24 0 0 0 1
6.20 2.24 0 0 0 1
4.30 7.19 0 0 0 1
4.80 7.19 0 0 0 1
4.65 2.04 0 0 0 1
3.30 2.04 0 0 0 1
3.30 2.49 0 0 0 1
3.70 2.49 0 0 0 1
3.70 2.09 0 0 0 1
3.35 2.09 0 0 0 1
3.35 2.44 0 0 0 1
3.65 2.44 0 0 0 1
3.65 2.14 0 0 0 1
3.40 2.14 0 0 0 1
3.40 2.39 0 0 0 1
3.60 2.39 0 0 0 1
3.60 2.19 0 0 0 1
3.45 2.19 0 0 0 1
3.45 2.34 0 0 0 1
3.55 2.34 0 0 0 1
3.55 2.24 0 0 0 1
3.50 2.24 0 0 0 1
3.50 2.29 0 0 0 1
6.60 7.19 0 0 0 1
6.60 5.79 0 0 0 1
6.50 7.19 0 0 0 1
6.50 6.29 0 0 0 1
5.40 6.29 0 0 0 1
5.40 7.19 0 0 0 1
6.45 7.19 0 0 0 1
6.45 6.34 0 0 0 1
5.45 6.34 0 0 0 1
5.45 7.14 0 0 0 1
6.40 7.14 0 0 0 1
6.40 6.39 0 0 0 1
5.50 6.39 0 0 0 1
5.50 7.09 0 0 0 1
6.35 7.09 0 0 0 1
6.35 6.44 0 0 0 1
5.55 6.44 0 0 0 1
5.55 7.04 0 0 0 1
6.30 7.04 0 0 0 1
6.30 6.49 0 0 0 1
5.60 6.49 0 0 0 1
5.60 6.99 0 0 0 1
6.25 6.99 0 0 0 1
6.25 6.54 0 0 0 1
5.65 6.54 0 0 0 1
5.65 6.94 0 0 0 1
6.20 6.94 0 0 0 1
6.20 6.59 0 0 0 1
5.70 6.59 0 0 0 1
5.70 6.89 0 0 0 1
6.15 6.89 0 0 0 1
6.15 6.64 0 0 0 1
5.75 6.64 0 0 0 1
5.75 6.84 0 0 0 1
6.10 6.84 0 0 0 1
6.10 6.69 0 0 0 1
5.80 6.69 0 0 0 1
5.80 6.79 0 0 0 1
6.05 6.79 0 0 0 1
6.05 6.74 0 0 0 1
5.85 6.74 0 0 0 1
4.45 2.09 0 0 0 1
3.75 2.09 0 0 0 1
3.75 2.44 0 0 0 1
6.40 5.84 0 0 0 1
6.40 6.14 0 0 0 1
5.75 6.14 0 0 0 1
4.25 2.14 0 0 0 1
3.80 2.14 0 0 0 1
3.80 2.39 0 0 0 1
6.35 5.89 0 0 0 1
6.35 6.09 0 0 0 1
5.95 6.09 0 0 0 1
4.15 2.19 0 0 0 1
3.85 2.19 0 0 0 1
3.85 2.34 0 0 0 1
6.30 5.94 0 0 0 1
6.30 6.04 0 0 0 1
6.05 6.04 0 0 0 1
4.05 2.24 0 0 0 1
3.90 2.24 0 0 0 1
3.90 2.29 0 0 0 1
3.95 2.29 0 0 0 1
6.25 5.94 0 0 0 1
6.25 5.99 0 0 0 1
6.15 5.99 0 0 0 1
3.60 2.59 0 0 0 1
3.25 2.59 0 0 0 1
3.25 3.04 0 0 0 1
7.00 5.19 0 0 0 1
7.15 5.19 0 0 0 1
7.15 5.04 0 0 0 1
7.05 5.04 0 0 0 1
7.05 5.14 0 0 0 1
7.10 5.14 0 0 0 1
7.10 5.09 0 0 0 1
3.30 2.94 0 0 0 1
3.30 2.64 0 0 0 1
3.55 2.64 0 0 0 1
6.75 5.59 0 0 0 1
6.90 5.59 0 0 0 1
6.90 5.34 0 0 0 1
3.35 2.89 0 0 0 1
3.35 2.69 0 0 0 1
3.50 2.69 0 0 0 1
6.75 5.54 0 0 0 1
6.85 5.54 0 0 0 1
6.85 5.39 0 0 0 1
3.40 2.79 0 0 0 1
3.40 2.74 0 0 0 1
3.45 2.74 0 0 0 1
7.00 3.04 0 0 0 1
7.00 2.29 0 0 0 1
6.30 2.29 0 0 0 1
4.35 7.09 0 0 0 1
5.20 7.09 0 0 0 1
5.20 6.29 0 0 0 1
4.35 6.29 0 0 0 1
4.35 6.14 0 0 0 1
4.50 6.14 0 0 0 1
4.50 6.24 0 0 0 1
5.05 6.24 0 0 0 1
6.45 2.14 0 0 0 1
7.10 2.14 0 0 0 1
3.55 5.64 0 0 0 1
3.55 5.99 0 0 0 1
4.10 5.99 0 0 0 1
6.35 2.34 0 0 0 1
6.95 2.34 0 0 0 1
6.95 2.94 0 0 0 1
3.25 5.29 0 0 0 1
3.10 5.29 0 0 0 1
3.10 5.04 0 0 0 1
3.15 5.04 0 0 0 1
3.15 4.99 0 0 0 1
6.90 2.89 0 0 0 1
6.90 2.39 0 0 0 1
6.45 2.39 0 0 0 1
3.75 5.84 0 0 0 1
3.75 5.94 0 0 0 1
3.60 5.94 0 0 0 1
3.60 5.69 0 0 0 1
3.65 5.69 0 0 0 1
3.65 5.89 0 0 0 1
3.70 5.89 0 0 0 1
3.70 5.74 0 0 0 1
6.55 2.44 0 0 0 1
6.85 2.44 0 0 0 1
6.85 2.84 0 0 0 1
3.35 5.39 0 0 0 1
3.35 5.99 0 0 0 1
3.10 5.99 0 0 0 1
3.10 5.34 0 0 0 1
3.35 5.34 0 0 0 1
6.80 2.74 0 0 0 1
6.80 2.49 0 0 0 1
6.55 2.49 0 0 0 1
3.50 5.89 0 0 0 1
3.50 5.99 0 0 0 1
3.40 5.99 0 0 0 1
3.40 5.44 0 0 0 1
6.75 2.69 0 0 0 1
6.75 2.54 0 0 0 1
6.60 2.54 0 0 0 1
3.50 5.79 0 0 0 1
3.50 5.54 0 0 0 1
3.45 5.54 0 0 0 1
3.45 5.49 0 0 0 1
6.70 2.64 0 0 0 1
6.70 2.59 0 0 0 1
6.65 2.59 0 0 0 1
3.30 5.89 0 0 0 1
3.15 5.89 0 0 0 1
3.15 5.39 0 0 0 1
3.30 5.39 0 0 0 1
3.30 5.84 0 0 0 1
3.20 5.84 0 0 0 1
3.20 5.44 0 0 0 1
3.25 5.44 0 0 0 1
3.25 5.79 0 0 0 1
5.15 7.04 0 0 0 1
4.35 7.04 0 0 0 1
4.35 6.34 0 0 0 1
5.15 6.34 0 0 0 1
5.15 6.99 0 0 0 1
4.40 6.99 0 0 0 1
4.40 6.39 0 0 0 1
5.10 6.39 0 0 0 1
5.10 6.94 0 0 0 1
4.45 6.94 0 0 0 1
4.45 6.44 0 0 0 1
5.05 6.44 0 0 0 1
5.05 6.89 0 0 0 1
4.50 6.89 0 0 0 1
4.50 6.49 0 0 0 1
5.00 6.49 0 0 0 1
5.00 6.84 0 0 0 1
4.55 6.84 0 0 0 1
4.55 6.54 0 0 0 1
4.95 6.54 0 0 0 1
4.95 6.79 0 0 0 1
4.60 6.79 0 0 0 1
4.60 6.59 0 0 0 1
4.90 6.59 0 0 0 1
4.90 6.74 0 0 0 1
4.65 6.74 0 0 0 1
4.65 6.64 0 0 0 1
4.85 6.64 0 0 0 1
4.85 6.69 0 0 0 1
4.70 6.69 0 0 0 1
3.15 5.09 0 0 0 1
3.15 5.24 0 0 0 1
3.25 5.24 0 0 0 1
4.80 6.19 0 0 0 1
4.55 6.19 0 0 0 1
3.20 5.14 0 0 0 1
3.20 5.19 0 0 0 1
4.45 6.24 0 0 0 1
4.40 6.24 0 0 0 1
4.40 6.19 0 0 0 1
4.45 6.19 0 0 0 1
4.00 5.94 0 0 0 1
3.80 5.94 0 0 0 1
3.80 5.84 0 0 0 1
3.85 5.84 0 0 0 1
3.85 5.89 0 0 0 1
3.90 5.89 0 0 0 1
3.15 5.94 0 0 0 1
3.30 5.94 0 0 0 1
3.45 5.94 0 0 0 1
3.45 5.59 0 0 0 1
