53.28	40.99	0	0	0	1
54.28	42.72	0	0	0	1
55.28	44.45	0	0	0	1
56.49	46.55	0	0	0	1
55.2	48.08	0	0	0	1
53.92	49.62	0	0	0	1
52.64	51.16	0	0	0	1
51.36	52.69	0	0	0	1
50.08	54.23	0	0	0	1
48.8	55.76	0	0	0	1
47.59	57.21	0	0	0	1
45.7	57.87	0	0	0	1
43.81	58.52	0	0	0	1
41.92	59.18	0	0	0	1
40.03	59.84	0	0	0	1
38.15	60.49	0	0	0	1
36.12	61.2	0	0	0	1
36.35	59.21	0	0	0	1
36.58	57.22	0	0	0	1
36.81	55.24	0	0	0	1
37.04	53.25	0	0	0	1
37.27	51.26	0	0	0	1
37.4	50.15	0	0	0	1
39.05	51.29	0	0	0	1
40.69	52.43	0	0	0	1
42.33	53.57	0	0	0	1
43.98	54.71	0	0	0	1
45.62	55.85	0	0	0	1
47.59	57.21	0	0	0	1
49.43	56.43	0	0	0	1
51.28	55.66	0	0	0	1
53.12	54.88	0	0	0	1
54.96	54.1	0	0	0	1
56.81	53.33	0	0	0	1
58.65	52.55	0	0	0	1
59.69	52.11	0	0	0	1
60.69	53.84	0	0	0	1
61.69	55.57	0	0	0	1
62.69	57.3	0	0	0	1
63.69	59.03	0	0	0	1
63.83	61.03	0	0	0	1
63.97	63.02	0	0	0	1
64.11	65.02	0	0	0	1
64.31	67.91	0	0	0	1
62.68	66.75	0	0	0	1
61.05	65.6	0	0	0	1
59.41	64.44	0	0	0	1
57.16	62.85	0	0	0	1
55.44	61.84	0	0	0	1
53.72	60.82	0	0	0	1
51.99	59.81	0	0	0	1
50.27	58.79	0	0	0	1
48.55	57.78	0	0	0	1
47.59	57.21	0	0	0	1
46.56	58.93	0	0	0	1
45.54	60.64	0	0	0	1
44.51	62.36	0	0	0	1
43.48	64.08	0	0	0	1
42.46	65.79	0	0	0	1
41.43	67.51	0	0	0	1
40.58	68.93	0	0	0	1
39.58	67.2	0	0	0	1
38.58	65.46	0	0	0	1
37.58	63.73	0	0	0	1
36.12	61.2	0	0	0	1
35.12	59.47	0	0	0	1
34.12	57.73	0	0	0	1
33.12	56	0	0	0	1
31.66	53.47	0	0	0	1
33.39	52.47	0	0	0	1
35.12	51.47	0	0	0	1
37.4	50.15	0	0	0	1
39.13	49.15	0	0	0	1
40.87	48.15	0	0	0	1
43.14	46.84	0	0	0	1
45.14	46.8	0	0	0	1
47.14	46.75	0	0	0	1
49.14	46.71	0	0	0	1
51.14	46.67	0	0	0	1
53.14	46.62	0	0	0	1
55.14	46.58	0	0	0	1
56.49	46.55	0	0	0	1
57.49	48.28	0	0	0	1
58.49	50.01	0	0	0	1
59.69	52.11	0	0	0	1
59.24	54.05	0	0	0	1
58.78	56	0	0	0	1
58.32	57.95	0	0	0	1
57.86	59.89	0	0	0	1
57.4	61.84	0	0	0	1
57.16	62.85	0	0	0	1
57.25	64.85	0	0	0	1
57.34	66.85	0	0	0	1
57.43	68.85	0	0	0	1
57.56	71.81	0	0	0	1
55.68	71.11	0	0	0	1
53.81	70.42	0	0	0	1
51.93	69.72	0	0	0	1
50.13	69.06	0	0	0	1
48.13	69.03	0	0	0	1
46.13	69	0	0	0	1
44.13	68.98	0	0	0	1
42.13	68.95	0	0	0	1
40.58	68.93	0	0	0	1
41.58	70.66	0	0	0	1
42.58	72.39	0	0	0	1
43.58	74.12	0	0	0	1
44.58	75.86	0	0	0	1
46.07	78.44	0	0	0	1
46.87	76.6	0	0	0	1
47.66	74.76	0	0	0	1
48.46	72.93	0	0	0	1
49.25	71.09	0	0	0	1
50.13	69.06	0	0	0	1
49.71	67.1	0	0	0	1
49.29	65.15	0	0	0	1
48.87	63.19	0	0	0	1
48.45	61.24	0	0	0	1
48.03	59.28	0	0	0	1
47.59	57.21	0	0	0	1
46.8	55.37	0	0	0	1
46.01	53.53	0	0	0	1
45.23	51.7	0	0	0	1
44.44	49.86	0	0	0	1
43.65	48.02	0	0	0	1
43.14	46.84	0	0	0	1
44.88	45.84	0	0	0	1
46.61	44.84	0	0	0	1
48.34	43.84	0	0	0	1
50.07	42.84	0	0	0	1
51.8	41.84	0	0	0	1
53.28	40.99	0	0	0	1
51.74	41.61	1.13	0	0	1
50.21	42.23	2.26	0	0	1
48.68	42.85	3.39	0	0	1
47.15	43.46	4.51	0	0	1
45.62	44.08	5.64	0	0	1
44.64	44.48	6.36	0	0	1
44.21	45.16	4.53	-0.48	0	0.87
43.78	45.84	2.7	-0.48	0	0.87
43.14	46.84	0	-0.48	0	0.87
53.28	40.99	0	-0.42	-0.24	0.87
53.15	40.78	1.99	-0.42	-0.24	0.87
53.03	40.56	3.97	-0.42	-0.24	0.87
52.91	40.35	5.96	-0.42	-0.24	0.87
52.78	40.13	7.94	-0.42	-0.24	0.87
52.64	39.9	10.16	-0.42	-0.24	0.87
53.25	40.94	8.56	-0.42	0.24	0.87
53.85	41.99	6.97	-0.42	0.24	0.87
54.45	43.03	5.37	-0.42	0.24	0.87
55.06	44.08	3.78	-0.42	0.24	0.87
55.66	45.12	2.18	-0.42	0.24	0.87
56.49	46.55	0	-0.42	0.24	0.87
56.55	46.65	2	-0.42	0.24	0.87
56.61	46.76	4	-0.42	0.24	0.87
56.67	46.87	5.99	-0.42	0.24	0.87
56.73	46.97	7.99	-0.42	0.24	0.87
56.79	47.08	9.98	-0.42	0.24	0.87
56.85	47.19	11.98	-0.42	0.24	0.87
56.9	47.27	13.5	-0.42	0.24	0.87
57.28	47.93	11.66	-0.58	0.33	0.74
57.66	48.59	9.81	-0.58	0.33	0.74
58.05	49.26	7.96	-0.58	0.33	0.74
58.43	49.92	6.11	-0.58	0.33	0.74
58.81	50.58	4.26	-0.58	0.33	0.74
59.19	51.24	2.42	-0.58	0.33	0.74
59.69	52.11	0	-0.58	0.33	0.74
60.21	53.01	1.71	-0.58	0.33	0.74
60.73	53.9	3.42	-0.58	0.33	0.74
61.25	54.8	5.13	-0.58	0.33	0.74
61.77	55.7	6.84	-0.58	0.33	0.74
62.29	56.6	8.55	-0.58	0.33	0.74
62.81	57.5	10.26	-0.58	0.33	0.74
63.12	58.04	11.29	-0.58	0.33	0.74
63.22	58.21	9.3	-0.58	0.33	0.74
63.32	58.39	7.31	-0.58	0.33	0.74
63.42	58.56	5.32	-0.58	0.33	0.74
63.52	58.74	3.33	-0.58	0.33	0.74
63.62	58.91	1.34	-0.58	0.33	0.74
63.69	59.03	0	-0.58	0.33	0.74
61.97	60.04	0	-0.58	0.33	0.74
60.24	61.05	0	-0.58	0.33	0.74
58.51	62.06	0	-0.58	0.33	0.74
57.16	62.85	0	-0.58	0.33	0.74
55.66	64.18	0	-0.58	0.33	0.74
54.16	65.5	0	-0.58	0.33	0.74
52.66	66.82	0	-0.58	0.33	0.74
51.16	68.15	0	-0.58	0.33	0.74
50.13	69.06	0	-0.58	0.33	0.74
50.67	70.99	0	-0.58	0.33	0.74
51.2	72.91	0	-0.58	0.33	0.74
51.82	75.12	0	-0.58	0.33	0.74
53.55	74.12	0	-0.58	0.33	0.74
55.28	73.12	0	-0.58	0.33	0.74
57.56	71.81	0	-0.58	0.33	0.74
59.29	70.81	0	-0.58	0.33	0.74
61.02	69.81	0	-0.58	0.33	0.74
62.75	68.81	0	-0.58	0.33	0.74
64.31	67.91	0	-0.58	0.33	0.74
66.04	66.91	0	-0.58	0.33	0.74
67.69	65.96	0	-0.58	0.33	0.74
66.69	64.22	0	-0.58	0.33	0.74
65.69	62.49	0	-0.58	0.33	0.74
64.69	60.76	0	-0.58	0.33	0.74
63.69	59.03	0	-0.58	0.33	0.74
64.44	60.33	1.33	-0.58	0.33	0.74
65.19	61.62	2.66	-0.58	0.33	0.74
65.94	62.92	3.98	-0.58	0.33	0.74
66.68	64.21	5.31	-0.58	0.33	0.74
67.36	65.38	6.5	-0.58	0.33	0.74
66.56	66.04	4.8	-0.58	0.33	0.74
65.76	66.71	3.09	-0.58	0.33	0.74
64.96	67.37	1.38	-0.58	0.33	0.74
64.31	67.91	0	-0.58	0.33	0.74
63.24	68.24	1.66	-0.58	0.33	0.74
62.16	68.57	3.31	-0.58	0.33	0.74
61.08	68.9	4.96	-0.58	0.33	0.74
60.28	69.15	6.19	-0.58	0.33	0.74
59.53	69.88	4.49	-0.58	0.33	0.74
58.78	70.61	2.79	-0.58	0.33	0.74
58.03	71.34	1.08	-0.58	0.33	0.74
57.56	71.81	0	-0.58	0.33	0.74
56.57	72.1	1.72	-0.58	0.33	0.74
55.58	72.39	3.43	-0.58	0.33	0.74
54.59	72.69	5.14	-0.58	0.33	0.74
53.74	72.94	6.6	-0.58	0.33	0.74
53.21	73.55	4.77	-0.58	0.33	0.74
52.67	74.15	2.94	-0.58	0.33	0.74
52.14	74.75	1.11	-0.58	0.33	0.74
51.82	75.12	0	-0.58	0.33	0.74
50.08	76.12	0	-0.58	0.33	0.74
48.35	77.12	0	-0.58	0.33	0.74
46.07	78.44	0	-0.58	0.33	0.74
46.01	78.32	2	-0.58	0.33	0.74
45.94	78.2	3.99	-0.58	0.33	0.74
45.87	78.09	5.99	-0.58	0.33	0.74
45.82	77.99	7.6	-0.58	0.33	0.74
45.82	77.99	8.6	-0.4	0.47	0.78
45.82	77.99	7.8	-0.21	0.59	0.78
45.82	77.99	7.1	0	0.67	0.74
47.01	77.42	6.09	0	0.67	0.74
48.19	76.85	4.59	0	0.67	0.74
49.38	76.29	3.08	0	0.67	0.74
50.57	75.72	1.58	0	0.67	0.74
51.82	75.12	0	0	0.67	0.74
53.74	72.94	6.6	0	0.67	0.74
55.47	71.94	6.5	0	0.67	0.74
57.2	70.93	6.39	0	0.67	0.74
58.92	69.93	6.28	0	0.67	0.74
60.28	69.15	6.19	0	0.67	0.74
62.04	68.21	6.27	0	0.67	0.74
63.8	67.27	6.35	0	0.67	0.74
65.57	66.33	6.43	0	0.67	0.74
67.36	65.38	6.5	0	0.67	0.74
67.46	65.56	4.51	0	0.67	0.74
67.56	65.73	2.52	0	0.67	0.74
67.69	65.96	0	0	0.67	0.74
67.36	65.38	6.5	0	0.67	0.74
65.96	65.84	7.86	0	0.67	0.74
64.57	66.31	9.22	0	0.67	0.74
63.17	66.77	10.57	0	0.67	0.74
62.3	67.06	11.42	0	0.67	0.74
61.63	67.76	9.67	0	0.67	0.74
60.95	68.46	7.92	0	0.67	0.74
60.28	69.15	6.19	0	0.67	0.74
59.28	69.38	7.91	0	0.67	0.74
58.28	69.61	9.63	0	0.67	0.74
57.29	69.84	11.35	0	0.67	0.74
56.52	70.02	12.68	0	0.67	0.74
55.75	70.82	11.01	0	0.67	0.74
54.99	71.62	9.35	0	0.67	0.74
54.23	72.42	7.68	0	0.67	0.74
53.74	72.94	6.6	0	0.67	0.74
52.06	74.01	6.81	0	0.67	0.74
50.39	75.08	7.03	0	0.67	0.74
48.71	76.15	7.24	0	0.67	0.74
47.03	77.22	7.45	0	0.67	0.74
45.82	77.99	7.6	0	0.67	0.74
45.01	76.59	6.42	-0.33	0.58	0.74
44.2	75.19	5.25	-0.33	0.58	0.74
43.39	73.79	4.07	-0.33	0.58	0.74
42.58	72.38	2.9	-0.33	0.58	0.74
41.77	70.98	1.73	-0.33	0.58	0.74
40.58	68.93	0	-0.33	0.58	0.74
40.34	68.51	1.94	-0.33	0.58	0.74
40.1	68.09	3.88	-0.33	0.58	0.74
39.86	67.67	5.83	-0.33	0.58	0.74
39.62	67.25	7.77	-0.33	0.58	0.74
39.35	66.79	9.91	-0.33	0.58	0.74
38.81	65.85	8.23	-0.41	0.71	0.57
38.26	64.9	6.56	-0.41	0.71	0.57
37.71	63.95	4.88	-0.41	0.71	0.57
37.17	63.01	3.21	-0.41	0.71	0.57
36.62	62.06	1.53	-0.41	0.71	0.57
36.12	61.2	0	-0.41	0.71	0.57
35.43	60.01	1.45	-0.41	0.71	0.57
34.75	58.81	2.9	-0.41	0.71	0.57
34.06	57.62	4.35	-0.41	0.71	0.57
33.37	56.43	5.8	-0.41	0.71	0.57
32.68	55.24	7.25	-0.41	0.71	0.57
31.99	54.04	8.71	-0.41	0.71	0.57
31	52.33	10.78	-0.41	0.71	0.57
31.13	52.54	8.8	-0.41	0.71	0.57
31.25	52.75	6.81	-0.41	0.71	0.57
31.37	52.96	4.83	-0.41	0.71	0.57
31.49	53.17	2.84	-0.41	0.71	0.57
31.66	53.47	0	-0.41	0.71	0.57
31	52.33	10.78	-0.71	-0.41	0.57
32.01	51.99	9.09	-0.71	-0.41	0.57
33.02	51.65	7.39	-0.71	-0.41	0.57
34.02	51.31	5.7	-0.71	-0.41	0.57
35.03	50.96	4	-0.71	-0.41	0.57
36.03	50.62	2.31	-0.71	-0.41	0.57
37.4	50.15	0	-0.71	-0.41	0.57
38.7	49.14	1.14	-0.71	-0.41	0.57
39.99	48.12	2.28	-0.71	-0.41	0.57
41.28	47.11	3.42	-0.71	-0.41	0.57
42.58	46.09	4.55	-0.71	-0.41	0.57
43.87	45.08	5.69	-0.71	-0.41	0.57
44.64	44.48	6.36	-0.71	-0.41	0.57
43.1	45.01	7.53	-0.71	-0.41	0.57
41.56	45.54	8.7	-0.71	-0.41	0.57
40.03	46.08	9.86	-0.71	-0.41	0.57
38.49	46.61	11.03	-0.71	-0.41	0.57
37.12	47.08	12.07	-0.71	-0.41	0.57
37.17	47.58	10.13	-0.71	-0.41	0.57
37.21	48.07	8.2	-0.71	-0.41	0.57
37.26	48.56	6.26	-0.71	-0.41	0.57
37.3	49.06	4.32	-0.71	-0.41	0.57
37.35	49.55	2.38	-0.71	-0.41	0.57
37.4	50.15	0	-0.71	-0.41	0.57
37.12	47.08	12.07	-0.71	-0.41	0.57
35.62	48.37	11.76	-0.71	-0.41	0.57
34.12	49.66	11.44	-0.71	-0.41	0.57
32.63	50.94	11.12	-0.71	-0.41	0.57
31	52.33	10.78	-0.71	-0.41	0.57
32	54.06	10.68	-0.71	-0.41	0.57
33	55.79	10.57	-0.71	-0.41	0.57
34	57.52	10.47	-0.71	-0.41	0.57
35	59.25	10.37	-0.71	-0.41	0.57
36	60.98	10.26	-0.71	-0.41	0.57
37	62.71	10.16	-0.71	-0.41	0.57
38	64.44	10.05	-0.71	-0.41	0.57
39.35	66.79	9.91	-0.71	-0.41	0.57
40.34	68.5	9.56	-0.58	-0.33	0.74
41.32	70.2	9.21	-0.58	-0.33	0.74
42.31	71.91	8.85	-0.58	-0.33	0.74
43.29	73.61	8.5	-0.58	-0.33	0.74
44.27	75.32	8.15	-0.58	-0.33	0.74
45.26	77.02	7.8	-0.58	-0.33	0.74
45.82	77.99	7.6	-0.58	-0.33	0.74
46.93	76.97	8.91	-0.58	-0.33	0.74
48.04	75.95	10.22	-0.58	-0.33	0.74
49.15	74.92	11.53	-0.58	-0.33	0.74
50.53	73.65	13.16	-0.58	-0.33	0.74
51.4	73.46	11.37	-0.33	-0.58	0.74
52.28	73.26	9.59	-0.33	-0.58	0.74
53.16	73.07	7.8	-0.33	-0.58	0.74
53.74	72.94	6.6	-0.33	-0.58	0.74
45.82	77.99	7.6	-0.24	-0.42	0.87
45.65	77.7	9.57	-0.24	-0.42	0.87
45.48	77.4	11.54	-0.24	-0.42	0.87
45.31	77.11	13.51	-0.24	-0.42	0.87
45.14	76.81	15.48	-0.24	-0.42	0.87
44.97	76.52	17.45	-0.24	-0.42	0.87
44.83	76.28	19.01	-0.24	-0.42	0.87
44.06	74.95	17.73	-0.24	-0.42	0.87
43.29	73.62	16.45	-0.24	-0.42	0.87
42.52	72.28	15.18	-0.24	-0.42	0.87
41.75	70.95	13.9	-0.24	-0.42	0.87
40.98	69.62	12.62	-0.24	-0.42	0.87
40.22	68.29	11.34	-0.24	-0.42	0.87
39.35	66.79	9.91	-0.24	-0.42	0.87
39.1	66.35	11.84	-0.24	-0.42	0.87
38.84	65.91	13.78	-0.24	-0.42	0.87
38.59	65.47	15.71	-0.24	-0.42	0.87
38.34	65.03	17.65	-0.24	-0.42	0.87
38.08	64.59	19.58	-0.24	-0.42	0.87
37.75	64.02	22.06	-0.24	-0.42	0.87
36.99	62.69	20.78	-0.24	-0.42	0.87
36.22	61.37	19.5	-0.24	-0.42	0.87
35.45	60.04	18.22	-0.24	-0.42	0.87
34.68	58.71	16.93	-0.24	-0.42	0.87
33.92	57.38	15.65	-0.24	-0.42	0.87
33.15	56.05	14.37	-0.24	-0.42	0.87
32.38	54.72	13.09	-0.24	-0.42	0.87
31.62	53.39	11.8	-0.24	-0.42	0.87
31	52.33	10.78	-0.24	-0.42	0.87
30.69	51.79	12.68	-0.24	-0.42	0.87
30.38	51.25	14.58	-0.24	-0.42	0.87
30.06	50.71	16.48	-0.24	-0.42	0.87
29.72	50.11	18.55	-0.24	-0.42	0.87
31.16	49.52	17.29	-0.24	-0.42	0.87
32.6	48.94	16.03	-0.24	-0.42	0.87
34.04	48.35	14.77	-0.24	-0.42	0.87
35.47	47.76	13.51	-0.24	-0.42	0.87
37.12	47.08	12.07	-0.24	-0.42	0.87
38.56	45.95	12.86	-0.24	-0.42	0.87
40.01	44.81	13.65	-0.24	-0.42	0.87
41.45	43.67	14.44	-0.24	-0.42	0.87
42.89	42.53	15.24	-0.24	-0.42	0.87
44.06	41.61	15.88	-0.24	-0.42	0.87
44.18	42.19	13.97	-0.41	-0.71	0.57
44.29	42.76	12.05	-0.41	-0.71	0.57
44.41	43.34	10.14	-0.41	-0.71	0.57
44.52	43.92	8.23	-0.41	-0.71	0.57
44.64	44.48	6.36	-0.41	-0.71	0.57
46.24	43.56	7.12	-0.41	-0.71	0.57
47.85	42.64	7.89	-0.41	-0.71	0.57
49.45	41.72	8.65	-0.41	-0.71	0.57
51.06	40.81	9.41	-0.41	-0.71	0.57
52.64	39.9	10.16	-0.41	-0.71	0.57
53.57	41.51	10.89	-0.41	-0.71	0.57
54.5	43.12	11.62	-0.41	-0.71	0.57
55.43	44.73	12.35	-0.41	-0.71	0.57
56.36	46.35	13.09	-0.41	-0.71	0.57
56.9	47.27	13.5	-0.41	-0.71	0.57
57.88	48.97	13.15	-0.58	-0.33	0.74
58.87	50.68	12.8	-0.58	-0.33	0.74
59.85	52.38	12.45	-0.58	-0.33	0.74
60.84	54.09	12.1	-0.58	-0.33	0.74
61.82	55.79	11.75	-0.58	-0.33	0.74
63.12	58.04	11.29	-0.58	-0.33	0.74
63.12	58.04	12.29	-0.41	-0.23	0.88
63.12	58.04	11.49	-0.21	-0.12	0.97
63.12	58.04	10.79	0	0	1
63.99	59.55	10.31	0	0	1
64.86	61.05	9.33	0	0	1
65.73	62.56	8.34	0	0	1
66.6	64.07	7.36	0	0	1
67.36	65.38	6.5	0	0	1
67.25	65.2	8.49	0	0	1
67.15	65.03	10.48	0	0	1
67.02	64.8	13.01	0	0	1
65.3	65.63	12.43	0	0	1
63.57	66.45	11.85	0	0	1
62.3	67.06	11.42	0	0	1
60.55	67.95	11.8	0	0	1
58.81	68.85	12.18	0	0	1
56.52	70.02	12.68	0	0	1
54.81	71.05	12.82	0	0	1
53.1	72.09	12.95	0	0	1
51.4	73.12	13.09	0	0	1
50.53	73.65	13.16	0	0	1
50.86	72.94	15	0	0	1
51.19	72.23	16.84	0	0	1
51.52	71.52	18.68	0	0	1
51.74	71.04	19.92	0	0	1
52.84	70.8	18.26	0.24	-0.42	0.87
53.93	70.57	16.6	0.24	-0.42	0.87
55.02	70.34	14.94	0.24	-0.42	0.87
56.52	70.02	12.68	0.24	-0.42	0.87
57.49	69.1	14.17	0.24	-0.42	0.87
58.46	68.19	15.66	0.24	-0.42	0.87
59.43	67.27	17.14	0.24	-0.42	0.87
60.5	66.27	18.77	0.24	-0.42	0.87
60.97	66.47	16.84	0.33	-0.58	0.74
61.45	66.68	14.91	0.33	-0.58	0.74
61.92	66.89	12.98	0.33	-0.58	0.74
62.3	67.06	11.42	0.33	-0.58	0.74
67.02	64.8	13.01	0.33	-0.58	0.74
66.05	63.11	12.58	0.33	-0.58	0.74
65.07	61.42	12.15	0.33	-0.58	0.74
64.09	59.73	11.72	0.33	-0.58	0.74
63.12	58.04	11.29	0.33	-0.58	0.74
63.67	58.99	12.96	0.33	-0.58	0.74
64.22	59.95	14.63	0.33	-0.58	0.74
64.77	60.9	16.3	0.33	-0.58	0.74
65.32	61.85	17.97	0.33	-0.58	0.74
66.02	63.07	20.1	0.33	-0.58	0.74
66.3	63.54	18.18	0.41	-0.71	0.57
66.57	64.01	16.25	0.41	-0.71	0.57
66.84	64.48	14.33	0.41	-0.71	0.57
67.02	64.8	13.01	0.41	-0.71	0.57
67.02	64.8	14.01	0.54	-0.5	0.68
67.02	64.8	13.21	0.62	-0.26	0.74
67.02	64.8	12.51	0.67	0	0.74
65.55	65.13	14.31	0.67	0	0.74
64.07	65.46	15.62	0.67	0	0.74
62.59	65.8	16.93	0.67	0	0.74
60.5	66.27	18.77	0.67	0	0.74
58.76	67.22	19	0.67	0	0.74
57.01	68.17	19.23	0.67	0	0.74
55.27	69.12	19.46	0.67	0	0.74
53.52	70.07	19.69	0.67	0	0.74
51.74	71.04	19.92	0.67	0	0.74
50.16	72.24	19.71	0.67	0	0.74
48.57	73.44	19.5	0.67	0	0.74
46.99	74.64	19.29	0.67	0	0.74
44.83	76.28	19.01	0.67	0	0.74
46.16	75.67	17.65	0.58	0.33	0.74
47.49	75.06	16.28	0.58	0.33	0.74
48.82	74.44	14.92	0.58	0.33	0.74
50.53	73.65	13.16	0.58	0.33	0.74
44.83	76.28	19.01	0.58	0.33	0.74
43.85	74.59	19.43	0.58	0.33	0.74
42.88	72.9	19.85	0.58	0.33	0.74
41.9	71.2	20.27	0.58	0.33	0.74
40.92	69.51	20.7	0.58	0.33	0.74
39.94	67.82	21.12	0.58	0.33	0.74
38.97	66.12	21.54	0.58	0.33	0.74
37.75	64.02	22.06	0.58	0.33	0.74
36.78	62.33	21.64	0.58	0.33	0.74
35.8	60.64	21.21	0.58	0.33	0.74
34.82	58.95	20.78	0.58	0.33	0.74
33.85	57.26	20.35	0.58	0.33	0.74
32.87	55.56	19.93	0.58	0.33	0.74
31.89	53.87	19.5	0.58	0.33	0.74
30.92	52.18	19.07	0.58	0.33	0.74
29.72	50.11	18.55	0.58	0.33	0.74
31.09	48.74	19.06	0.58	0.33	0.74
32.45	47.37	19.57	0.58	0.33	0.74
33.82	46	20.08	0.58	0.33	0.74
35.18	44.63	20.59	0.58	0.33	0.74
35.96	43.85	20.87	0.58	0.33	0.74
36.2	44.54	19.01	0.42	0.24	0.87
36.45	45.22	17.15	0.42	0.24	0.87
36.7	45.9	15.28	0.42	0.24	0.87
36.94	46.59	13.42	0.42	0.24	0.87
37.12	47.08	12.07	0.42	0.24	0.87
44.06	41.61	15.88	0.42	0.24	0.87
45.7	41.28	14.78	0.42	0.24	0.87
47.35	40.96	13.69	0.42	0.24	0.87
48.99	40.63	12.6	0.42	0.24	0.87
50.63	40.3	11.5	0.42	0.24	0.87
52.64	39.9	10.16	0.42	0.24	0.87
52.32	39.33	12.05	0.42	0.24	0.87
51.99	38.76	13.94	0.42	0.24	0.87
51.66	38.2	15.83	0.42	0.24	0.87
51.34	37.63	17.72	0.42	0.24	0.87
51.01	37.07	19.61	0.42	0.24	0.87
50.82	36.74	20.7	0.42	0.24	0.87
51.68	38.23	19.68	0.42	0.24	0.87
52.54	39.72	18.66	0.42	0.24	0.87
53.4	41.21	17.64	0.42	0.24	0.87
54.26	42.7	16.62	0.42	0.24	0.87
55.12	44.2	15.6	0.42	0.24	0.87
55.98	45.69	14.59	0.42	0.24	0.87
56.9	47.27	13.5	0.42	0.24	0.87
57.46	48.25	15.16	0.42	0.24	0.87
58.02	49.22	16.81	0.42	0.24	0.87
58.59	50.2	18.46	0.42	0.24	0.87
59.15	51.17	20.11	0.42	0.24	0.87
59.71	52.15	21.76	0.42	0.24	0.87
60.28	53.13	23.42	0.42	0.24	0.87
60.84	54.1	25.07	0.42	0.24	0.87
61.13	54.61	25.93	0.42	0.24	0.87
61.4	55.06	24	0.82	0	0.57
61.66	55.52	22.07	0.82	0	0.57
61.92	55.97	20.14	0.82	0	0.57
62.18	56.42	18.21	0.82	0	0.57
62.44	56.87	16.27	0.82	0	0.57
62.7	57.32	14.34	0.82	0	0.57
62.97	57.78	12.41	0.82	0	0.57
63.12	58.04	11.29	0.82	0	0.57
66.02	63.07	20.1	0.67	0	0.74
64.33	64.05	19.69	0.67	0	0.74
62.63	65.03	19.29	0.67	0	0.74
60.5	66.27	18.77	0.67	0	0.74
61.34	65.35	20.34	0.67	0	0.74
62.18	64.43	21.91	0.67	0	0.74
63.03	63.52	23.47	0.67	0	0.74
63.87	62.6	25.04	0.67	0	0.74
65.03	61.34	27.2	0.67	0	0.74
65.3	61.81	25.27	0.67	0	0.74
65.57	62.28	23.35	0.67	0	0.74
65.84	62.75	21.42	0.67	0	0.74
66.02	63.07	20.1	0.67	0	0.74
65.17	61.58	21.13	0.82	0	0.57
64.31	60.1	22.15	0.82	0	0.57
63.45	58.61	23.17	0.82	0	0.57
62.59	57.12	24.2	0.82	0	0.57
61.73	55.63	25.22	0.82	0	0.57
61.13	54.61	25.93	0.82	0	0.57
60.13	52.88	26	0.82	0	0.57
59.13	51.15	26.08	0.82	0	0.57
58.13	49.42	26.16	0.82	0	0.57
57.13	47.69	26.23	0.82	0	0.57
56.13	45.96	26.31	0.82	0	0.57
55.14	44.23	26.38	0.82	0	0.57
54.39	42.93	26.44	0.82	0	0.57
54.75	43.56	24.58	0.82	0	0.57
55.11	44.18	22.71	0.82	0	0.57
55.47	44.81	20.85	0.82	0	0.57
55.83	45.43	18.98	0.82	0	0.57
56.2	46.06	17.12	0.82	0	0.57
56.56	46.68	15.25	0.82	0	0.57
56.9	47.27	13.5	0.82	0	0.57
54.39	42.93	26.44	0.82	0	0.57
53.61	41.58	25.19	0.82	0	0.57
52.83	40.23	23.94	0.82	0	0.57
52.05	38.88	22.68	0.82	0	0.57
51.28	37.53	21.43	0.82	0	0.57
50.82	36.74	20.7	0.82	0	0.57
50.82	36.74	21.7	0.6	0	0.8
50.82	36.74	20.9	0.31	0	0.95
50.82	36.74	20.2	0	0	1
49.42	37.75	19.7	0	0	1
48.01	38.77	18.7	0	0	1
46.61	39.78	17.69	0	0	1
45.2	40.79	16.69	0	0	1
44.06	41.61	15.88	0	0	1
42.4	42.07	16.9	0	0	1
40.75	42.53	17.92	0	0	1
39.09	42.99	18.94	0	0	1
37.43	43.44	19.97	0	0	1
35.96	43.85	20.87	0	0	1
37.3	42.59	21.65	0	0	1
38.64	41.33	22.43	0	0	1
39.99	40.06	23.2	0	0	1
41.33	38.8	23.98	0	0	1
43	37.23	24.94	0	0	1
43.21	38.1	23.15	0	0.48	0.87
43.42	38.96	21.36	0	0.48	0.87
43.63	39.83	19.57	0	0.48	0.87
43.84	40.69	17.78	0	0.48	0.87
44.06	41.61	15.88	0	0.48	0.87
35.96	43.85	20.87	0	0.48	0.87
34.31	44.51	21.81	0	0.48	0.87
32.67	45.16	22.74	0	0.48	0.87
31.03	45.82	23.68	0	0.48	0.87
29.39	46.47	24.61	0	0.48	0.87
27.95	47.04	25.43	0	0.48	0.87
28.41	47.84	23.65	0	0.48	0.87
28.87	48.63	21.87	0	0.48	0.87
29.32	49.42	20.1	0	0.48	0.87
29.72	50.11	18.55	0	0.48	0.87
30.34	51.18	20.12	0	0.48	0.87
30.95	52.25	21.7	0	0.48	0.87
31.57	53.31	23.28	0	0.48	0.87
32.19	54.38	24.85	0	0.48	0.87
32.8	55.45	26.43	0	0.48	0.87
33.42	56.51	28	0	0.48	0.87
34.04	57.58	29.58	0	0.48	0.87
34.68	58.69	31.21	0	0.48	0.87
35.23	59.66	29.56	0	0.48	0.87
35.79	60.62	27.9	0	0.48	0.87
36.35	61.59	26.24	0	0.48	0.87
36.91	62.56	24.58	0	0.48	0.87
37.47	63.53	22.92	0	0.48	0.87
37.75	64.02	22.06	0	0.48	0.87
38.61	65.5	23.11	0	0.48	0.87
39.46	66.97	24.17	0	0.48	0.87
40.31	68.44	25.22	0	0.48	0.87
41.16	69.92	26.27	0	0.48	0.87
42.01	71.39	27.32	0	0.48	0.87
43.21	73.48	28.81	0	0.48	0.87
43.53	74.02	26.91	0	0.48	0.87
43.84	74.57	25.01	0	0.48	0.87
44.15	75.11	23.11	0	0.48	0.87
44.47	75.65	21.21	0	0.48	0.87
44.83	76.28	19.01	0	0.48	0.87
51.74	71.04	19.92	0	0.48	0.87
52.43	70.03	21.51	0	0.48	0.87
53.12	69.02	23.09	0	0.48	0.87
53.81	68.02	24.68	0	0.48	0.87
54.49	67.01	26.26	0	0.48	0.87
54.85	66.49	27.08	0	0.48	0.87
55.97	66.44	25.43	0	0.48	0.87
57.1	66.4	23.77	0	0.48	0.87
58.22	66.36	22.12	0	0.48	0.87
59.35	66.31	20.47	0	0.48	0.87
60.5	66.27	18.77	0	0.48	0.87
65.03	61.34	27.2	0	0.48	0.87
63.24	62.24	27.18	0	0.48	0.87
61.46	63.15	27.16	0	0.48	0.87
59.67	64.05	27.14	0	0.48	0.87
57.89	64.95	27.12	0	0.48	0.87
56.1	65.85	27.1	0	0.48	0.87
54.85	66.49	27.08	0	0.48	0.87
53.15	67.51	27.33	0	0.48	0.87
51.45	68.53	27.59	0	0.48	0.87
49.75	69.55	27.84	0	0.48	0.87
48.05	70.58	28.09	0	0.48	0.87
46.34	71.6	28.34	0	0.48	0.87
44.64	72.62	28.59	0	0.48	0.87
43.21	73.48	28.81	0	0.48	0.87
44.57	73.09	27.39	0	0.48	0.87
45.93	72.7	25.98	0	0.48	0.87
47.29	72.31	24.56	0	0.48	0.87
48.65	71.92	23.15	0	0.48	0.87
50.01	71.53	21.73	0	0.48	0.87
51.74	71.04	19.92	0	0.48	0.87
54.85	66.49	27.08	0	0.48	0.87
55.69	65.34	28.48	0	0.48	0.87
56.53	64.19	29.89	0	0.48	0.87
57.37	63.04	31.29	0	0.48	0.87
58.57	61.39	33.31	0	0.48	0.87
60.02	61.38	31.93	0	0.48	0.87
61.48	61.37	30.56	0	0.48	0.87
62.93	61.36	29.18	0	0.48	0.87
65.03	61.34	27.2	0	0.48	0.87
64.04	59.63	26.88	0.42	0.24	0.87
63.05	57.92	26.55	0.42	0.24	0.87
62.06	56.21	26.23	0.42	0.24	0.87
61.13	54.61	25.93	0.42	0.24	0.87
61.74	55.65	27.53	0.42	0.24	0.87
62.34	56.69	29.13	0.42	0.24	0.87
62.94	57.73	30.72	0.42	0.24	0.87
63.73	59.09	32.82	0.42	0.24	0.87
64.15	59.82	31	0.42	0.24	0.87
64.57	60.54	29.19	0.42	0.24	0.87
65.03	61.34	27.2	0.42	0.24	0.87
58.57	61.39	33.31	0.42	0.24	0.87
56.79	62.25	33.56	0.42	0.24	0.87
55	63.12	33.81	0.42	0.24	0.87
53.21	63.98	34.06	0.42	0.24	0.87
51.43	64.85	34.31	0.42	0.24	0.87
50.08	65.5	34.5	0.42	0.24	0.87
51.15	65.72	32.83	0.42	0.24	0.87
52.23	65.95	31.16	0.42	0.24	0.87
53.3	66.17	29.48	0.42	0.24	0.87
54.85	66.49	27.08	0.42	0.24	0.87
58.57	61.39	33.31	0.42	0.24	0.87
60.39	60.58	33.13	0.42	0.24	0.87
62.21	59.77	32.96	0.42	0.24	0.87
63.73	59.09	32.82	0.42	0.24	0.87
63.31	58.37	34.64	0.42	0.24	0.87
62.89	57.64	36.45	0.42	0.24	0.87
62.43	56.84	38.44	0.42	0.24	0.87
62.23	56.49	36.48	0.82	0	0.57
62.02	56.14	34.52	0.82	0	0.57
61.82	55.79	32.56	0.82	0	0.57
61.62	55.45	30.61	0.82	0	0.57
61.42	55.1	28.65	0.82	0	0.57
61.13	54.61	25.93	0.82	0	0.57
60.6	53.69	27.62	0.82	0	0.57
60.07	52.78	29.32	0.82	0	0.57
59.54	51.86	31.02	0.82	0	0.57
59.01	50.94	32.71	0.82	0	0.57
58.48	50.03	34.41	0.82	0	0.57
57.95	49.11	36.11	0.82	0	0.57
57.48	48.29	37.62	0.82	0	0.57
56.99	47.45	35.87	0.82	0	0.57
56.51	46.61	34.12	0.82	0	0.57
56.03	45.78	32.37	0.82	0	0.57
55.54	44.94	30.62	0.82	0	0.57
55.06	44.1	28.87	0.82	0	0.57
54.39	42.93	26.44	0.82	0	0.57
53.39	41.2	26.32	0.82	0	0.57
52.39	39.47	26.2	0.82	0	0.57
51.4	37.75	26.08	0.82	0	0.57
50.4	36.02	25.95	0.82	0	0.57
49.19	33.91	25.81	0.82	0	0.57
49.73	34.84	24.12	0.82	0	0.57
50.27	35.78	22.44	0.82	0	0.57
50.82	36.74	20.7	0.82	0	0.57
49.07	36.85	21.65	0.58	-0.33	0.74
47.31	36.96	22.6	0.58	-0.33	0.74
45.56	37.07	23.55	0.58	-0.33	0.74
43	37.23	24.94	0.58	-0.33	0.74
44.75	36.29	25.18	0.58	-0.33	0.74
46.5	35.35	25.43	0.58	-0.33	0.74
48.25	34.42	25.67	0.58	-0.33	0.74
49.19	33.91	25.81	0.58	-0.33	0.74
48.65	32.98	27.49	0.58	-0.33	0.74
48.11	32.04	29.18	0.58	-0.33	0.74
47.55	31.08	30.91	0.58	-0.33	0.74
47.55	31.08	31.91	0.41	-0.23	0.88
47.55	31.08	31.11	0.21	-0.12	0.97
47.55	31.08	30.41	0	0	1
46.62	32.35	29.68	0	0	1
45.68	33.61	28.45	0	0	1
44.74	34.88	27.22	0	0	1
43.8	36.15	25.99	0	0	1
43	37.23	24.94	0	0	1
41.19	37.76	25.6	0	0	1
39.37	38.28	26.26	0	0	1
37.56	38.8	26.92	0	0	1
35.74	39.33	27.58	0	0	1
33.78	39.89	28.29	0	0	1
32.58	41.37	27.7	0	0	1
31.37	42.85	27.11	0	0	1
30.16	44.33	26.51	0	0	1
28.95	45.81	25.92	0	0	1
27.95	47.04	25.43	0	0	1
27.34	45.99	27.02	0	0	1
26.73	44.93	28.6	0	0	1
26.12	43.88	30.19	0	0	1
25.35	42.54	32.19	0	0	1
27.1	41.99	31.39	0	0	1
28.84	41.44	30.58	0	0	1
30.59	40.9	29.77	0	0	1
32.33	40.35	28.96	0	0	1
33.78	39.89	28.29	0	0	1
34.99	38.49	29.05	0	0	1
36.19	37.08	29.81	0	0	1
37.4	35.68	30.57	0	0	1
38.6	34.28	31.33	0	0	1
39.5	33.23	31.9	0	0	1
40.3	34.14	30.31	0	0.48	0.87
41.1	35.06	28.72	0	0.48	0.87
41.9	35.97	27.13	0	0.48	0.87
43	37.23	24.94	0	0.48	0.87
33.78	39.89	28.29	0	0.48	0.87
33.07	38.78	29.79	0	0.48	0.87
32.36	37.67	31.3	0	0.48	0.87
31.64	36.56	32.8	0	0.48	0.87
30.9	35.41	34.37	0	0.48	0.87
32.77	34.94	33.83	0	0.48	0.87
34.64	34.46	33.3	0	0.48	0.87
36.5	33.99	32.76	0	0.48	0.87
38.37	33.51	32.22	0	0.48	0.87
39.5	33.23	31.9	0	0.48	0.87
41.42	32.72	31.66	0	0.48	0.87
43.34	32.2	31.43	0	0.48	0.87
45.26	31.69	31.19	0	0.48	0.87
47.55	31.08	30.91	0	0.48	0.87
48.4	32.54	31.99	0	0.48	0.87
49.24	34.01	33.06	0	0.48	0.87
50.08	35.47	34.13	0	0.48	0.87
50.82	36.77	35.09	0	0.48	0.87
50.82	36.77	36.09	0.32	0.36	0.88
50.82	36.77	35.29	0.61	0.19	0.77
50.82	36.77	34.59	0.82	0	0.57
50.49	36.19	33.2	0.82	0	0.57
50.16	35.61	31.32	0.82	0	0.57
49.83	35.03	29.43	0.82	0	0.57
49.5	34.45	27.55	0.82	0	0.57
49.19	33.91	25.81	0.82	0	0.57
50.82	36.77	35.09	0.82	0	0.57
51.46	37.87	33.54	0.82	0	0.57
52.1	38.97	32	0.82	0	0.57
52.73	40.07	30.46	0.82	0	0.57
53.37	41.17	28.91	0.82	0	0.57
54.01	42.27	27.37	0.82	0	0.57
54.39	42.93	26.44	0.82	0	0.57
50.82	36.77	35.09	0.82	0	0.57
49.83	35.05	35.24	0.82	0	0.57
48.83	33.32	35.39	0.82	0	0.57
47.84	31.59	35.54	0.82	0	0.57
46.84	29.86	35.69	0.82	0	0.57
45.85	28.13	35.84	0.82	0	0.57
44.98	26.61	35.97	0.82	0	0.57
45.69	27.85	34.57	0.82	0	0.57
46.4	29.09	33.17	0.82	0	0.57
47.12	30.32	31.77	0.82	0	0.57
47.55	31.08	30.91	0.82	0	0.57
50.82	36.77	35.09	0.82	0	0.57
51.81	38.47	35.46	0.82	0	0.57
52.79	40.18	35.84	0.82	0	0.57
53.77	41.88	36.21	0.82	0	0.57
54.76	43.58	36.59	0.82	0	0.57
55.74	45.28	36.96	0.82	0	0.57
56.72	46.98	37.34	0.82	0	0.57
57.48	48.29	37.62	0.82	0	0.57
58.48	50.02	37.79	0.82	0	0.57
59.47	51.74	37.95	0.82	0	0.57
60.47	53.47	38.12	0.82	0	0.57
61.47	55.19	38.28	0.82	0	0.57
62.43	56.84	38.44	0.82	0	0.57
61.45	58	37.14	0.82	0	0.57
60.47	59.15	35.83	0.82	0	0.57
59.49	60.31	34.52	0.82	0	0.57
58.57	61.39	33.31	0.82	0	0.57
57.72	60.77	35	0.82	0	0.57
56.86	60.14	36.7	0.82	0	0.57
56	59.52	38.4	0.82	0	0.57
55.31	59.02	39.78	0.82	0	0.57
54.25	60.33	38.71	0.67	0	0.74
53.19	61.65	37.64	0.67	0	0.74
52.13	62.96	36.57	0.67	0	0.74
51.07	64.28	35.5	0.67	0	0.74
50.08	65.5	34.5	0.67	0	0.74
48.93	66.84	33.55	0.67	0	0.74
47.78	68.17	32.6	0.67	0	0.74
46.63	69.5	31.64	0.67	0	0.74
45.49	70.84	30.69	0.67	0	0.74
44.34	72.17	29.74	0.67	0	0.74
43.21	73.48	28.81	0.67	0	0.74
42.79	72.74	30.62	0.67	0	0.74
42.36	72	32.42	0.67	0	0.74
41.93	71.26	34.23	0.67	0	0.74
41.48	70.47	36.18	0.67	0	0.74
41.48	70.47	37.18	0.34	0.1	0.94
41.48	70.47	36.38	-0.04	0.19	0.98
41.48	70.47	35.68	-0.42	0.24	0.87
41.01	69.66	34.41	-0.42	0.24	0.87
40.54	68.85	32.64	-0.42	0.24	0.87
40.08	68.05	30.87	-0.42	0.24	0.87
39.61	67.24	29.1	-0.42	0.24	0.87
39.14	66.43	27.33	-0.42	0.24	0.87
38.68	65.62	25.56	-0.42	0.24	0.87
38.21	64.81	23.79	-0.42	0.24	0.87
37.75	64.02	22.06	-0.42	0.24	0.87
34.68	58.69	31.21	-0.42	0.24	0.87
33.76	57.1	30.42	-0.42	0.24	0.87
32.84	55.51	29.63	-0.42	0.24	0.87
31.92	53.92	28.84	-0.42	0.24	0.87
31	52.33	28.05	-0.42	0.24	0.87
30.08	50.73	27.26	-0.42	0.24	0.87
29.16	49.14	26.47	-0.42	0.24	0.87
27.95	47.04	25.43	-0.42	0.24	0.87
27.79	46.77	27.4	-0.42	0.24	0.87
27.63	46.5	29.38	-0.42	0.24	0.87
27.47	46.22	31.35	-0.42	0.24	0.87
27.31	45.95	33.33	-0.42	0.24	0.87
27.15	45.67	35.3	-0.42	0.24	0.87
26.99	45.4	37.28	-0.42	0.24	0.87
26.87	45.2	38.72	-0.42	0.24	0.87
26.45	44.46	36.91	-0.58	0.33	0.74
26.03	43.72	35.1	-0.58	0.33	0.74
25.6	42.99	33.28	-0.58	0.33	0.74
25.35	42.54	32.19	-0.58	0.33	0.74
26.55	41.01	32.66	-0.58	0.33	0.74
27.74	39.47	33.13	-0.58	0.33	0.74
28.93	37.94	33.6	-0.58	0.33	0.74
30.13	36.4	34.07	-0.58	0.33	0.74
30.9	35.41	34.37	-0.58	0.33	0.74
32.2	33.99	34.9	-0.58	0.33	0.74
33.5	32.56	35.44	-0.58	0.33	0.74
34.8	31.14	35.97	-0.58	0.33	0.74
36.73	29.02	36.76	-0.58	0.33	0.74
37.52	30.22	35.37	-0.42	0.24	0.87
38.31	31.42	33.99	-0.42	0.24	0.87
39.1	32.62	32.6	-0.42	0.24	0.87
39.5	33.23	31.9	-0.42	0.24	0.87
40.65	31.84	32.76	-0.42	0.24	0.87
41.8	30.44	33.61	-0.42	0.24	0.87
42.96	29.05	34.47	-0.42	0.24	0.87
44.11	27.66	35.33	-0.42	0.24	0.87
44.98	26.61	35.97	-0.42	0.24	0.87
43.06	27.17	36.16	-0.42	0.24	0.87
41.15	27.73	36.34	-0.42	0.24	0.87
39.24	28.29	36.52	-0.42	0.24	0.87
36.73	29.02	36.76	-0.42	0.24	0.87
34.82	29.39	37.24	-0.42	0.24	0.87
32.91	29.75	37.71	-0.42	0.24	0.87
31	30.12	38.18	-0.42	0.24	0.87
29.09	30.49	38.65	-0.42	0.24	0.87
27.86	30.73	38.96	-0.42	0.24	0.87
28.7	32.02	37.69	-0.42	0.24	0.87
29.55	33.32	36.42	-0.42	0.24	0.87
30.39	34.61	35.15	-0.42	0.24	0.87
30.9	35.41	34.37	-0.42	0.24	0.87
29.09	35.75	35.14	-0.42	0.24	0.87
27.27	36.08	35.91	-0.42	0.24	0.87
25.46	36.42	36.68	-0.42	0.24	0.87
23.64	36.75	37.45	-0.42	0.24	0.87
22.17	37.02	38.08	-0.42	0.24	0.87
22.9	38.3	36.72	-0.58	0.33	0.74
23.63	39.57	35.36	-0.58	0.33	0.74
24.37	40.84	34.01	-0.58	0.33	0.74
25.35	42.54	32.19	-0.58	0.33	0.74
26.87	45.2	38.72	-0.58	0.33	0.74
27.86	46.91	39.01	-0.58	0.33	0.74
28.85	48.62	39.31	-0.58	0.33	0.74
29.84	50.34	39.6	-0.58	0.33	0.74
30.83	52.05	39.89	-0.58	0.33	0.74
31.82	53.76	40.19	-0.58	0.33	0.74
32.34	54.66	40.34	-0.58	0.33	0.74
31.84	53.78	38.62	-0.58	0.33	0.74
31.33	52.9	36.9	-0.58	0.33	0.74
30.82	52.02	35.17	-0.58	0.33	0.74
30.31	51.14	33.45	-0.58	0.33	0.74
29.81	50.26	31.73	-0.58	0.33	0.74
29.3	49.38	30	-0.58	0.33	0.74
28.79	48.5	28.28	-0.58	0.33	0.74
28.28	47.62	26.56	-0.58	0.33	0.74
27.95	47.04	25.43	-0.58	0.33	0.74
32.34	54.66	40.34	-0.58	0.33	0.74
32.8	55.44	38.56	-0.58	0.33	0.74
33.25	56.23	36.78	-0.58	0.33	0.74
33.71	57.02	35	-0.58	0.33	0.74
34.16	57.81	33.22	-0.58	0.33	0.74
34.68	58.69	31.21	-0.58	0.33	0.74
35.62	60.32	31.9	-0.58	0.33	0.74
36.55	61.94	32.59	-0.58	0.33	0.74
37.49	63.57	33.27	-0.58	0.33	0.74
38.43	65.2	33.96	-0.58	0.33	0.74
39.37	66.83	34.64	-0.58	0.33	0.74
40.31	68.45	35.33	-0.58	0.33	0.74
41.48	70.47	36.18	-0.58	0.33	0.74
43.18	69.48	35.84	-0.58	0.33	0.74
44.89	68.5	35.51	-0.58	0.33	0.74
46.6	67.51	35.18	-0.58	0.33	0.74
48.31	66.52	34.84	-0.58	0.33	0.74
50.08	65.5	34.5	-0.58	0.33	0.74
49.39	64.74	36.22	-0.58	0.33	0.74
48.7	63.99	37.94	-0.58	0.33	0.74
48.01	63.23	39.65	-0.58	0.33	0.74
47.11	62.24	41.89	-0.58	0.33	0.74
46.13	63.67	40.9	-0.58	0.33	0.74
45.15	65.11	39.9	-0.58	0.33	0.74
44.17	66.54	38.91	-0.58	0.33	0.74
43.19	67.97	37.91	-0.58	0.33	0.74
42.21	69.4	36.92	-0.58	0.33	0.74
41.48	70.47	36.18	-0.58	0.33	0.74
40.95	69.55	37.87	-0.58	0.33	0.74
40.41	68.63	39.57	-0.58	0.33	0.74
39.88	67.71	41.26	-0.58	0.33	0.74
39.35	66.8	42.96	-0.58	0.33	0.74
38.8	65.84	44.73	-0.58	0.33	0.74
38.28	64.93	43.02	-0.58	0.33	0.74
37.76	64.03	41.31	-0.58	0.33	0.74
37.24	63.13	39.61	-0.58	0.33	0.74
36.72	62.22	37.9	-0.58	0.33	0.74
36.2	61.32	36.19	-0.58	0.33	0.74
35.67	60.42	34.49	-0.58	0.33	0.74
35.15	59.52	32.78	-0.58	0.33	0.74
34.68	58.69	31.21	-0.58	0.33	0.74
32.34	54.66	40.34	-0.58	0.33	0.74
33.29	56.3	40.99	-0.58	0.33	0.74
34.24	57.94	41.63	-0.58	0.33	0.74
35.18	59.58	42.27	-0.58	0.33	0.74
36.13	61.22	42.92	-0.58	0.33	0.74
37.08	62.86	43.56	-0.58	0.33	0.74
38.03	64.5	44.2	-0.58	0.33	0.74
38.8	65.84	44.73	-0.58	0.33	0.74
40.55	65.08	44.13	-0.42	0.24	0.87
42.3	64.32	43.53	-0.42	0.24	0.87
44.06	63.56	42.93	-0.42	0.24	0.87
45.81	62.81	42.34	-0.42	0.24	0.87
47.11	62.24	41.89	-0.42	0.24	0.87
48.92	61.53	41.43	-0.42	0.24	0.87
50.73	60.82	40.96	-0.42	0.24	0.87
52.54	60.11	40.49	-0.42	0.24	0.87
54.35	59.39	40.03	-0.42	0.24	0.87
55.31	59.02	39.78	-0.42	0.24	0.87
57.19	58.44	39.43	-0.42	0.24	0.87
59.07	57.87	39.07	-0.42	0.24	0.87
60.95	57.29	38.72	-0.42	0.24	0.87
62.43	56.84	38.44	-0.42	0.24	0.87
61.87	55.87	40.09	-0.42	0.24	0.87
61.3	54.9	41.75	-0.42	0.24	0.87
60.71	53.87	43.49	-0.42	0.24	0.87
59.97	52.59	42.15	-0.42	0.24	0.87
59.23	51.31	40.8	-0.42	0.24	0.87
58.49	50.03	39.45	-0.42	0.24	0.87
57.48	48.29	37.62	-0.42	0.24	0.87
56.8	47.12	39.1	-0.42	0.24	0.87
56.12	45.95	40.57	-0.42	0.24	0.87
55.45	44.78	42.04	-0.42	0.24	0.87
54.77	43.61	43.52	-0.42	0.24	0.87
53.89	42.09	45.43	-0.42	0.24	0.87
53.38	41.21	43.71	-0.42	0.24	0.87
52.87	40.32	41.99	-0.42	0.24	0.87
52.36	39.44	40.27	-0.42	0.24	0.87
51.85	38.55	38.55	-0.42	0.24	0.87
51.34	37.67	36.83	-0.42	0.24	0.87
50.82	36.77	35.09	-0.42	0.24	0.87
50.31	35.89	36.81	-0.42	0.24	0.87
49.8	35	38.53	-0.42	0.24	0.87
49.29	34.12	40.24	-0.42	0.24	0.87
48.77	33.23	41.96	-0.42	0.24	0.87
48.34	32.48	43.43	-0.42	0.24	0.87
47.67	31.31	41.95	-0.42	0.24	0.87
47	30.15	40.46	-0.42	0.24	0.87
46.33	28.98	38.98	-0.42	0.24	0.87
45.66	27.81	37.5	-0.42	0.24	0.87
44.98	26.61	35.97	-0.42	0.24	0.87
44.22	25.3	37.28	-0.42	0.24	0.87
43.33	23.77	38.82	-0.42	0.24	0.87
41.81	24.98	38.35	-0.42	0.24	0.87
40.29	26.19	37.87	-0.42	0.24	0.87
38.77	27.4	37.4	-0.42	0.24	0.87
36.73	29.02	36.76	-0.42	0.24	0.87
35.85	27.62	37.89	-0.42	0.24	0.87
34.97	26.22	39.02	-0.42	0.24	0.87
33.78	24.34	40.53	-0.42	0.24	0.87
32.44	25.79	40.17	-0.42	0.24	0.87
31.1	27.23	39.82	-0.42	0.24	0.87
29.77	28.67	39.46	-0.42	0.24	0.87
27.86	30.73	38.96	-0.42	0.24	0.87
26.53	32.2	38.75	-0.42	0.24	0.87
25.19	33.68	38.55	-0.42	0.24	0.87
23.86	35.15	38.34	-0.42	0.24	0.87
22.17	37.02	38.08	-0.42	0.24	0.87
23.16	38.75	38.21	-0.42	0.24	0.87
24.16	40.48	38.35	-0.42	0.24	0.87
25.15	42.21	38.48	-0.42	0.24	0.87
26.14	43.94	38.62	-0.42	0.24	0.87
26.87	45.2	38.72	-0.42	0.24	0.87
26.2	44.08	40.24	-0.42	0.24	0.87
25.54	42.97	41.76	-0.42	0.24	0.87
24.88	41.85	43.28	-0.42	0.24	0.87
24.21	40.74	44.8	-0.42	0.24	0.87
23.73	39.93	45.9	-0.42	0.24	0.87
23.36	39.24	44.06	-0.58	0.33	0.74
22.99	38.56	42.22	-0.58	0.33	0.74
22.62	37.88	40.37	-0.58	0.33	0.74
22.17	37.02	38.08	-0.58	0.33	0.74
21.35	35.61	39.23	-0.58	0.33	0.74
20.53	34.19	40.38	-0.58	0.33	0.74
20.03	33.33	41.09	-0.58	0.33	0.74
21.87	32.72	40.59	-0.48	0	0.87
23.71	32.11	40.09	-0.48	0	0.87
25.55	31.5	39.59	-0.48	0	0.87
27.86	30.73	38.96	-0.48	0	0.87
26.78	29.34	39.9	-0.48	0	0.87
25.7	27.95	40.85	-0.48	0	0.87
24.61	26.56	41.79	-0.48	0	0.87
23.5	25.13	42.76	-0.48	0	0.87
25.45	24.98	42.34	-0.48	0	0.87
27.4	24.83	41.92	-0.48	0	0.87
29.34	24.68	41.49	-0.48	0	0.87
31.29	24.53	41.07	-0.48	0	0.87
33.78	24.34	40.53	-0.48	0	0.87
35.75	24.22	40.18	-0.48	0	0.87
37.71	24.11	39.83	-0.48	0	0.87
39.68	23.99	39.47	-0.48	0	0.87
41.64	23.87	39.12	-0.48	0	0.87
43.33	23.77	38.82	-0.48	0	0.87
42.48	22.29	39.87	-0.48	0	0.87
41.63	20.82	40.91	-0.48	0	0.87
40.62	19.07	42.16	-0.48	0	0.87
39.06	20.27	41.79	-0.48	0	0.87
37.51	21.47	41.42	-0.48	0	0.87
35.95	22.67	41.04	-0.48	0	0.87
33.78	24.34	40.53	-0.48	0	0.87
32.94	22.73	41.37	-0.48	0	0.87
32.1	21.13	42.21	-0.48	0	0.87
31.26	19.52	43.06	-0.48	0	0.87
30.64	18.33	43.68	-0.48	0	0.87
29.2	19.7	43.5	-0.48	0	0.87
27.75	21.07	43.31	-0.48	0	0.87
26.31	22.45	43.13	-0.48	0	0.87
24.87	23.82	42.94	-0.48	0	0.87
23.5	25.13	42.76	-0.48	0	0.87
22.73	26.94	42.39	-0.48	0	0.87
21.97	28.75	42.02	-0.48	0	0.87
21.2	30.56	41.65	-0.48	0	0.87
20.44	32.37	41.28	-0.48	0	0.87
20.03	33.33	41.09	-0.48	0	0.87
19.11	31.74	41.87	-0.48	0	0.87
18.19	30.14	42.65	-0.48	0	0.87
17.22	28.45	43.47	-0.48	0	0.87
18.98	27.52	43.27	-0.48	0	0.87
20.73	26.59	43.07	-0.48	0	0.87
22.49	25.66	42.88	-0.48	0	0.87
23.5	25.13	42.76	-0.48	0	0.87
21.63	24.81	43.4	-0.48	0	0.87
19.76	24.49	44.03	-0.48	0	0.87
17.89	24.17	44.67	-0.48	0	0.87
16.02	23.85	45.31	-0.48	0	0.87
14.4	23.58	45.86	-0.48	0	0.87
15.32	25.17	45.08	-0.48	0	0.87
16.24	26.77	44.3	-0.48	0	0.87
17.22	28.45	43.47	-0.48	0	0.87
20.03	33.33	41.09	-0.48	0	0.87
20.86	34.8	42.16	-0.48	0	0.87
21.68	36.27	43.24	-0.48	0	0.87
22.51	37.75	44.31	-0.48	0	0.87
23.73	39.93	45.9	-0.48	0	0.87
23.5	25.13	42.76	-0.48	0	0.87
22.83	23.34	43.37	-0.48	0	0.87
22.16	21.56	43.97	-0.48	0	0.87
21.49	19.77	44.57	-0.48	0	0.87
20.82	17.99	45.17	-0.48	0	0.87
20.48	17.06	45.48	-0.48	0	0.87
22.43	17.31	45.14	-0.48	0	0.87
24.38	17.55	44.79	-0.48	0	0.87
26.34	17.79	44.44	-0.48	0	0.87
28.29	18.04	44.1	-0.48	0	0.87
30.64	18.33	43.68	-0.48	0	0.87
32.61	18.47	43.38	-0.48	0	0.87
34.58	18.62	43.08	-0.48	0	0.87
36.55	18.77	42.78	-0.48	0	0.87
38.53	18.91	42.48	-0.48	0	0.87
40.62	19.07	42.16	-0.48	0	0.87
39.71	17.5	43	-0.48	0	0.87
38.8	15.92	43.84	-0.48	0	0.87
37.6	13.83	44.96	-0.48	0	0.87
35.94	14.91	44.65	-0.48	0	0.87
34.28	15.98	44.35	-0.48	0	0.87
32.62	17.05	44.04	-0.48	0	0.87
30.64	18.33	43.68	-0.48	0	0.87
30	16.51	44.22	-0.48	0	0.87
29.35	14.7	44.76	-0.48	0	0.87
28.71	12.88	45.3	-0.48	0	0.87
27.86	10.47	46.02	-0.48	0	0.87
29.74	11.12	45.81	-0.48	0	0.87
31.62	11.77	45.61	-0.48	0	0.87
33.5	12.42	45.4	-0.48	0	0.87
35.38	13.07	45.2	-0.48	0	0.87
37.6	13.83	44.96	-0.48	0	0.87
36.63	12.17	45.5	-0.48	0	0.87
35.67	10.5	46.05	-0.48	0	0.87
34.71	8.83	46.59	-0.48	0	0.87
34.18	7.92	46.89	-0.48	0	0.87
32.34	8.66	46.63	-0.48	0	0.87
30.5	9.4	46.38	-0.48	0	0.87
27.86	10.47	46.02	-0.48	0	0.87
26.37	11.8	45.91	-0.48	0	0.87
24.88	13.13	45.8	-0.48	0	0.87
23.39	14.46	45.69	-0.48	0	0.87
21.9	15.79	45.59	-0.48	0	0.87
20.48	17.06	45.48	-0.48	0	0.87
19.11	18.52	45.57	-0.48	0	0.87
17.75	19.98	45.65	-0.48	0	0.87
16.39	21.45	45.73	-0.48	0	0.87
14.4	23.58	45.86	-0.48	0	0.87
13.42	21.88	46.27	-0.48	0	0.87
12.44	20.19	46.69	-0.48	0	0.87
11.47	18.49	47.1	-0.48	0	0.87
10.13	16.19	47.66	-0.48	0	0.87
12.08	16.35	47.25	-0.48	0	0.87
14.04	16.52	46.84	-0.48	0	0.87
15.99	16.68	46.43	-0.48	0	0.87
17.94	16.85	46.02	-0.48	0	0.87
20.48	17.06	45.48	-0.48	0	0.87
19.6	15.29	45.76	-0.48	0	0.87
18.72	13.51	46.03	-0.48	0	0.87
17.85	11.73	46.31	-0.48	0	0.87
16.97	9.96	46.58	-0.48	0	0.87
16.33	8.65	46.78	-0.48	0	0.87
18.3	8.96	46.65	-0.48	0	0.87
20.27	9.27	46.52	-0.48	0	0.87
22.24	9.58	46.39	-0.48	0	0.87
24.21	9.89	46.26	-0.48	0	0.87
26.18	10.21	46.13	-0.48	0	0.87
27.86	10.47	46.02	-0.48	0	0.87
28.86	8.79	46.44	-0.48	0	0.87
29.86	7.12	46.86	-0.48	0	0.87
30.87	5.44	47.29	-0.48	0	0.87
31.82	3.83	47.69	-0.48	0	0.87
32.81	5.54	47.36	-0.48	0	0.87
34.18	7.92	46.89	-0.48	0	0.87
27.86	10.47	46.02	-0.48	0	0.87
26.85	8.75	46.21	-0.48	0	0.87
25.85	7.03	46.4	-0.48	0	0.87
24.85	5.31	46.59	-0.48	0	0.87
23.89	3.67	46.78	-0.48	0	0.87
25.88	3.71	47.01	-0.48	0	0.87
27.87	3.75	47.24	-0.48	0	0.87
29.85	3.79	47.46	-0.48	0	0.87
31.82	3.83	47.69	-0.48	0	0.87
23.89	3.67	46.78	-0.48	0	0.87
22.22	4.77	46.78	-0.48	0	0.87
20.55	5.87	46.78	-0.48	0	0.87
18.88	6.97	46.78	-0.48	0	0.87
17.21	8.07	46.78	-0.48	0	0.87
16.33	8.65	46.78	-0.48	0	0.87
15.06	10.19	46.96	-0.48	0	0.87
13.8	11.73	47.14	-0.48	0	0.87
12.53	13.27	47.32	-0.48	0	0.87
11.27	14.81	47.5	-0.48	0	0.87
10.13	16.19	47.66	-0.48	0	0.87
8.49	15.05	47.69	-0.48	0	0.87
6.84	13.92	47.72	-0.48	0	0.87
4.87	12.56	47.75	-0.48	0	0.87
6.75	11.92	47.59	-0.48	0	0.87
8.64	11.27	47.43	-0.48	0	0.87
10.53	10.63	47.27	-0.48	0	0.87
12.42	9.98	47.11	-0.48	0	0.87
14.3	9.34	46.95	-0.48	0	0.87
16.33	8.65	46.78	-0.48	0	0.87
16.61	6.67	46.78	-0.48	0	0.87
16.89	4.69	46.78	-0.48	0	0.87
17.17	2.71	46.78	-0.48	0	0.87
17.45	0.73	46.78	-0.48	0	0.87
17.73	-1.19	46.78	-0.48	0	0.87
19.3	0.05	46.78	-0.48	0	0.87
20.87	1.29	46.78	-0.48	0	0.87
22.44	2.52	46.78	-0.48	0	0.87
23.89	3.67	46.78	-0.48	0	0.87
16.33	8.65	46.78	-0.48	0	0.87
14.9	7.25	46.83	-0.48	0	0.87
13.47	5.85	46.87	-0.48	0	0.87
12.04	4.45	46.91	-0.48	0	0.87
10.61	3.05	46.95	-0.48	0	0.87
9.31	1.78	46.99	-0.48	0	0.87
11.19	1.11	46.94	-0.48	0	0.87
13.08	0.45	46.9	-0.48	0	0.87
14.97	-0.22	46.85	-0.48	0	0.87
17.73	-1.19	46.78	-0.48	0	0.87
16.32	-2.61	46.85	-0.48	0	0.87
14.92	-4.03	46.92	-0.48	0	0.87
13.51	-5.46	46.99	-0.48	0	0.87
11.56	-7.43	47.08	-0.48	0	0.87
11.09	-5.49	47.06	-0.48	0	0.87
10.61	-3.55	47.04	-0.48	0	0.87
10.14	-1.6	47.02	-0.48	0	0.87
9.66	0.34	47	-0.48	0	0.87
9.31	1.78	46.99	-0.48	0	0.87
8.55	3.62	47.12	-0.48	0	0.87
7.79	5.47	47.25	-0.48	0	0.87
7.03	7.31	47.38	-0.48	0	0.87
6.27	9.16	47.51	-0.48	0	0.87
5.51	11	47.64	-0.48	0	0.87
4.87	12.56	47.75	-0.48	0	0.87
2.9	12.55	47.39	-0.48	0	0.87
0.93	12.53	47.03	-0.48	0	0.87
-1.03	12.51	46.67	-0.48	0	0.87
-3	12.5	46.31	-0.48	0	0.87
-4.95	12.48	45.96	-0.48	0	0.87
-3.88	10.79	46.04	-0.48	0	0.87
-2.81	9.1	46.12	-0.48	0	0.87
-1.74	7.42	46.2	-0.48	0	0.87
-0.67	5.73	46.28	-0.48	0	0.87
0.82	3.38	46.39	-0.48	0	0.87
1.62	5.2	46.65	-0.48	0	0.87
2.42	7.01	46.92	-0.48	0	0.87
3.22	8.82	47.19	-0.48	0	0.87
4.02	10.64	47.46	-0.48	0	0.87
4.87	12.56	47.75	-0.48	0	0.87
0.82	3.38	46.39	-0.48	0	0.87
2.78	3.01	46.52	-0.48	0	0.87
4.74	2.64	46.66	-0.48	0	0.87
6.7	2.27	46.8	-0.48	0	0.87
9.31	1.78	46.99	-0.48	0	0.87
8.19	0.12	46.97	-0.48	0	0.87
7.08	-1.54	46.96	-0.48	0	0.87
5.96	-3.2	46.95	-0.48	0	0.87
4.54	-5.32	46.93	-0.48	0	0.87
3.75	-3.48	46.81	-0.48	0	0.87
2.97	-1.65	46.7	-0.48	0	0.87
2.18	0.19	46.58	-0.48	0	0.87
1.4	2.03	46.47	-0.48	0	0.87
0.82	3.38	46.39	-0.48	0	0.87
43.33	23.77	38.82	-0.48	0	0.87
44.24	25.35	39.65	-0.48	0	0.87
45.15	26.92	40.49	-0.48	0	0.87
46.05	28.5	41.32	-0.48	0	0.87
46.96	30.07	42.16	-0.48	0	0.87
47.86	31.65	42.99	-0.48	0	0.87
48.34	32.48	43.43	-0.48	0	0.87
49.32	34.18	43.78	-0.48	0	0.87
50.31	35.89	44.14	-0.48	0	0.87
51.29	37.59	44.49	-0.48	0	0.87
52.27	39.29	44.85	-0.48	0	0.87
53.26	41	45.2	-0.48	0	0.87
53.89	42.09	45.43	-0.48	0	0.87
54.85	43.75	46.02	-0.48	0	0.87
55.81	45.4	46.6	-0.48	0	0.87
56.77	47.05	47.18	-0.48	0	0.87
57.73	48.71	47.77	-0.48	0	0.87
59	50.9	48.54	-0.48	0	0.87
59	50.9	49.54	-0.13	-0.14	0.98
59	50.9	48.74	0.24	-0.26	0.94
59	50.9	48.04	0.58	-0.33	0.74
58.73	50.44	46.61	0.58	-0.33	0.74
58.46	49.98	44.69	0.58	-0.33	0.74
58.19	49.52	42.76	0.58	-0.33	0.74
57.92	49.06	40.83	0.58	-0.33	0.74
57.66	48.6	38.9	0.58	-0.33	0.74
57.48	48.29	37.62	0.58	-0.33	0.74
60.71	53.87	43.49	0.67	0	0.74
59.42	55.11	42.6	0.67	0	0.74
58.12	56.34	41.71	0.67	0	0.74
56.82	57.58	40.82	0.67	0	0.74
55.31	59.02	39.78	0.67	0	0.74
54.81	58.02	41.44	0.67	0	0.74
54.3	57.02	43.1	0.67	0	0.74
53.8	56.03	44.76	0.67	0	0.74
53.06	54.54	47.23	0.67	0	0.74
51.98	55.93	46.27	0.67	0	0.74
50.91	57.32	45.3	0.67	0	0.74
49.84	58.71	44.34	0.67	0	0.74
48.77	60.1	43.38	0.67	0	0.74
47.7	61.48	42.42	0.67	0	0.74
47.11	62.24	41.89	0.67	0	0.74
53.06	54.54	47.23	0.67	0	0.74
54.85	54.39	46.35	0.67	0	0.74
56.64	54.23	45.48	0.67	0	0.74
58.43	54.07	44.61	0.67	0	0.74
60.71	53.87	43.49	0.67	0	0.74
60.15	52.9	45.15	0.67	0	0.74
59.59	51.92	46.8	0.67	0	0.74
59	50.9	48.54	0.67	0	0.74
57.32	51.93	48.17	0.67	0	0.74
55.65	52.95	47.8	0.67	0	0.74
53.97	53.98	47.43	0.67	0	0.74
53.06	54.54	47.23	0.67	0	0.74
-68.16	0	0	0.42	-0.24	0.87
-66.17	-0.1	0	0.42	-0.24	0.87
-64.17	-0.2	0	0.42	-0.24	0.87
-61.89	-0.32	0	0.42	-0.24	0.87
-61.38	-2.25	0	0.42	-0.24	0.87
-60.86	-4.18	0	0.42	-0.24	0.87
-60.35	-6.12	0	0.42	-0.24	0.87
-59.83	-8.05	0	0.42	-0.24	0.87
-59.32	-9.98	0	0.42	-0.24	0.87
-58.65	-12.48	0	0.42	-0.24	0.87
-60.65	-12.48	0	0.42	-0.24	0.87
-62.65	-12.48	0	0.42	-0.24	0.87
-64.65	-12.48	0	0.42	-0.24	0.87
-66.65	-12.48	0	0.42	-0.24	0.87
-68.16	-12.48	0	0.42	-0.24	0.87
-68.16	-10.48	0	0.42	-0.24	0.87
-68.16	-8.48	0	0.42	-0.24	0.87
-68.16	-6.24	0	0.42	-0.24	0.87
-66.49	-7.34	0	0.42	-0.24	0.87
-64.82	-8.43	0	0.42	-0.24	0.87
-63.15	-9.53	0	0.42	-0.24	0.87
-61.47	-10.63	0	0.42	-0.24	0.87
-59.8	-11.72	0	0.42	-0.24	0.87
-58.65	-12.48	0	0.42	-0.24	0.87
-57.57	-10.8	0	0.24	-0.42	0.87
-56.49	-9.11	0	0.24	-0.42	0.87
-55.41	-7.43	0	0.24	-0.42	0.87
-54.33	-5.75	0	0.24	-0.42	0.87
-53.25	-4.06	0	0.24	-0.42	0.87
-52.17	-2.38	0	0.24	-0.42	0.87
-50.87	-0.35	0	0.24	-0.42	0.87
-49.01	-1.08	0	0.24	-0.42	0.87
-47.14	-1.81	0	0.24	-0.42	0.87
-45.28	-2.54	0	0.24	-0.42	0.87
-43.42	-3.27	0	0.24	-0.42	0.87
-41.56	-4	0	0.24	-0.42	0.87
-39.34	-4.88	0	0.24	-0.42	0.87
-40.92	-6.1	0	0.24	-0.42	0.87
-42.5	-7.33	0	0.24	-0.42	0.87
-44.08	-8.55	0	0.24	-0.42	0.87
-45.66	-9.78	0	0.24	-0.42	0.87
-47.24	-11.01	0	0.24	-0.42	0.87
-49.13	-12.48	0	0.24	-0.42	0.87
-47.13	-12.48	0	0.24	-0.42	0.87
-45.13	-12.48	0	0.24	-0.42	0.87
-43.13	-12.48	0	0.24	-0.42	0.87
-41.13	-12.48	0	0.24	-0.42	0.87
-39.34	-12.48	0	0.24	-0.42	0.87
-39.34	-10.48	0	0.24	-0.42	0.87
-39.34	-8.48	0	0.24	-0.42	0.87
-39.34	-6.48	0	0.24	-0.42	0.87
-39.34	-4.88	0	0.24	-0.42	0.87
-39.34	-2.88	0	0.24	-0.42	0.87
-39.34	-0.88	0	0.24	-0.42	0.87
-39.34	1.12	0	0.24	-0.42	0.87
-39.34	2.73	0	0.24	-0.42	0.87
-41.27	2.21	0	0.24	-0.42	0.87
-43.2	1.7	0	0.24	-0.42	0.87
-45.13	1.18	0	0.24	-0.42	0.87
-47.06	0.66	0	0.24	-0.42	0.87
-49	0.15	0	0.24	-0.42	0.87
-50.87	-0.35	0	0.24	-0.42	0.87
-52.87	-0.35	0	0.24	-0.42	0.87
-54.87	-0.34	0	0.24	-0.42	0.87
-56.87	-0.33	0	0.24	-0.42	0.87
-58.87	-0.33	0	0.24	-0.42	0.87
-60.87	-0.32	0	0.24	-0.42	0.87
-61.89	-0.32	0	0.24	-0.42	0.87
-61.23	1.57	0	0.24	-0.42	0.87
-60.56	3.45	0	0.24	-0.42	0.87
-59.89	5.34	0	0.24	-0.42	0.87
-59.22	7.22	0	0.24	-0.42	0.87
-58.55	9.11	0	0.24	-0.42	0.87
-57.88	10.99	0	0.24	-0.42	0.87
-57.35	12.48	0	0.24	-0.42	0.87
-56.45	10.7	0	0.24	-0.42	0.87
-55.55	8.91	0	0.24	-0.42	0.87
-54.65	7.13	0	0.24	-0.42	0.87
-53.74	5.34	0	0.24	-0.42	0.87
-52.84	3.56	0	0.24	-0.42	0.87
-51.94	1.77	0	0.24	-0.42	0.87
-50.87	-0.35	0	0.24	-0.42	0.87
-50.79	1.65	0	0.24	-0.42	0.87
-50.71	3.65	0	0.24	-0.42	0.87
-50.64	5.64	0	0.24	-0.42	0.87
-50.56	7.64	0	0.24	-0.42	0.87
-50.48	9.64	0	0.24	-0.42	0.87
-50.37	12.48	0	0.24	-0.42	0.87
-52.37	12.48	0	0.24	-0.42	0.87
-54.37	12.48	0	0.24	-0.42	0.87
-57.35	12.48	0	0.24	-0.42	0.87
-58.98	11.31	0	0.24	-0.42	0.87
-60.6	10.14	0	0.24	-0.42	0.87
-62.22	8.97	0	0.24	-0.42	0.87
-63.84	7.8	0	0.24	-0.42	0.87
-65.46	6.63	0	0.24	-0.42	0.87
-67.09	5.46	0	0.24	-0.42	0.87
-68.16	4.68	0	0.24	-0.42	0.87
-66.6	3.43	0	0.24	-0.42	0.87
-65.04	2.19	0	0.24	-0.42	0.87
-63.47	0.94	0	0.24	-0.42	0.87
-61.89	-0.32	0	0.24	-0.42	0.87
-63.35	-1.69	0	0.24	-0.42	0.87
-64.8	-3.06	0	0.24	-0.42	0.87
-66.26	-4.44	0	0.24	-0.42	0.87
-68.16	-6.24	0	0.24	-0.42	0.87
-68.16	-4.24	0	0.24	-0.42	0.87
-68.16	-2.24	0	0.24	-0.42	0.87
-68.16	0	0	0.24	-0.42	0.87
-68.16	2	0	0.24	-0.42	0.87
-68.16	4.68	0	0.24	-0.42	0.87
-68.16	6.68	0	0.24	-0.42	0.87
-68.16	8.68	0	0.24	-0.42	0.87
-68.16	10.68	0	0.24	-0.42	0.87
-68.16	12.48	0	0.24	-0.42	0.87
-66.16	12.48	0	0.24	-0.42	0.87
-64.16	12.48	0	0.24	-0.42	0.87
-62.16	12.48	0	0.24	-0.42	0.87
-60.16	12.48	0	0.24	-0.42	0.87
-57.35	12.48	0	0.24	-0.42	0.87
-55.61	12.48	0.99	0.24	-0.42	0.87
-53.87	12.48	1.97	0.24	-0.42	0.87
-52.13	12.48	2.96	0.24	-0.42	0.87
-50.39	12.48	3.94	0.24	-0.42	0.87
-47.96	12.48	5.31	0.24	-0.42	0.87
-48.79	12.48	3.49	0	-0.67	0.74
-49.61	12.48	1.67	0	-0.67	0.74
-50.37	12.48	0	0	-0.67	0.74
-48.87	11.16	0	0	-0.67	0.74
-47.37	9.83	0	0	-0.67	0.74
-45.88	8.51	0	0	-0.67	0.74
-44.38	7.18	0	0	-0.67	0.74
-42.88	5.86	0	0	-0.67	0.74
-41.38	4.53	0	0	-0.67	0.74
-39.34	2.73	0	0	-0.67	0.74
-39.34	4.73	0	0	-0.67	0.74
-39.34	6.73	0	0	-0.67	0.74
-39.34	8.73	0	0	-0.67	0.74
-39.34	10.73	0	0	-0.67	0.74
-39.34	12.48	0	0	-0.67	0.74
-41.34	12.48	0	0	-0.67	0.74
-43.34	12.48	0	0	-0.67	0.74
-45.34	12.48	0	0	-0.67	0.74
-47.34	12.48	0	0	-0.67	0.74
-49.34	12.48	0	0	-0.67	0.74
-50.37	12.48	0	0	-0.67	0.74
-39.34	12.48	0	0	-0.67	0.74
-41.04	12.48	1.05	0	-0.67	0.74
-42.74	12.48	2.1	0	-0.67	0.74
-44.45	12.48	3.15	0	-0.67	0.74
-46.15	12.48	4.2	0	-0.67	0.74
-47.96	12.48	5.31	0	-0.67	0.74
-46.02	12.48	5.8	0	-0.67	0.74
-44.08	12.48	6.29	0	-0.67	0.74
-42.14	12.48	6.78	0	-0.67	0.74
-40.21	12.48	7.27	0	-0.67	0.74
-37.99	12.48	7.83	0	-0.67	0.74
-38.2	10.93	6.59	0	-0.67	0.74
-38.42	9.38	5.34	0	-0.67	0.74
-38.63	7.83	4.1	0	-0.67	0.74
-38.85	6.28	2.85	0	-0.67	0.74
-39.06	4.73	1.61	0	-0.67	0.74
-39.34	2.73	0	0	-0.67	0.74
-38.92	2.44	1.94	0	-0.67	0.74
-38.51	2.14	3.87	0	-0.67	0.74
-38.07	1.83	5.93	0	-0.67	0.74
-38.35	0.35	4.62	0	-0.67	0.74
-38.63	-1.14	3.31	0	-0.67	0.74
-38.91	-2.62	2	0	-0.67	0.74
-39.19	-4.1	0.68	0	-0.67	0.74
-39.34	-4.88	0	0	-0.67	0.74
-39.16	-6.41	1.28	0	-0.67	0.74
-38.99	-7.94	2.55	0	-0.67	0.74
-38.82	-9.47	3.82	0	-0.67	0.74
-38.65	-11.01	5.09	0	-0.67	0.74
-38.48	-12.48	6.32	0	-0.67	0.74
-40.2	-12.48	5.3	0	-0.67	0.74
-41.92	-12.48	4.28	0	-0.67	0.74
-43.65	-12.48	3.26	0	-0.67	0.74
-45.37	-12.48	2.24	0	-0.67	0.74
-47.09	-12.48	1.22	0	-0.67	0.74
-49.13	-12.48	0	0	-0.67	0.74
-49.42	-10.5	0	0	-0.67	0.74
-49.7	-8.52	0	0	-0.67	0.74
-49.98	-6.54	0	0	-0.67	0.74
-50.27	-4.56	0	0	-0.67	0.74
-50.55	-2.58	0	0	-0.67	0.74
-50.87	-0.35	0	0	-0.67	0.74
-58.65	-12.48	0	0	-0.67	0.74
-56.65	-12.48	0	0	-0.67	0.74
-54.65	-12.48	0	0	-0.67	0.74
-52.65	-12.48	0	0	-0.67	0.74
-50.65	-12.48	0	0	-0.67	0.74
-49.13	-12.48	0	0	-0.67	0.74
-50.13	-12.48	1.74	0	-0.67	0.74
-51.12	-12.48	3.47	0	-0.67	0.74
-52.12	-12.48	5.21	0	-0.67	0.74
-53.11	-12.48	6.94	0	-0.67	0.74
-54.11	-12.48	8.68	0	-0.67	0.74
-55.48	-12.48	11.07	0	-0.67	0.74
-56.03	-12.48	9.15	0	-0.67	0.74
-56.58	-12.48	7.23	0	-0.67	0.74
-57.13	-12.48	5.3	0	-0.67	0.74
-57.68	-12.48	3.38	0	-0.67	0.74
-58.23	-12.48	1.46	0	-0.67	0.74
-58.65	-12.48	0	0	-0.67	0.74
-60.1	-12.48	1.37	0	-0.67	0.74
-61.56	-12.48	2.74	0	-0.67	0.74
-63.02	-12.48	4.12	0	-0.67	0.74
-64.47	-12.48	5.49	0	-0.67	0.74
-65.93	-12.48	6.86	0	-0.67	0.74
-67.24	-12.48	8.09	0	-0.67	0.74
-67.47	-12.48	6.1	0	-0.67	0.74
-67.69	-12.48	4.12	0	-0.67	0.74
-67.92	-12.48	2.13	0	-0.67	0.74
-68.16	-12.48	0	0	-0.67	0.74
-68.16	-6.24	0	-0.58	-0.33	0.74
-67.88	-5.69	1.9	-0.58	-0.33	0.74
-67.59	-5.14	3.81	-0.58	-0.33	0.74
-67.31	-4.59	5.71	-0.58	-0.33	0.74
-67.02	-4.03	7.61	-0.58	-0.33	0.74
-66.76	-3.52	9.38	-0.58	-0.33	0.74
-67.04	-2.82	7.53	-0.58	-0.33	0.74
-67.31	-2.13	5.67	-0.58	-0.33	0.74
-67.59	-1.43	3.82	-0.58	-0.33	0.74
-67.87	-0.74	1.96	-0.58	-0.33	0.74
-68.16	0	0	-0.58	-0.33	0.74
-67.94	1.04	1.7	-0.58	-0.33	0.74
-67.71	2.08	3.39	-0.58	-0.33	0.74
-67.48	3.11	5.09	-0.58	-0.33	0.74
-67.16	4.59	7.49	-0.58	-0.33	0.74
-67.42	4.61	5.5	-0.58	-0.33	0.74
-67.69	4.64	3.52	-0.58	-0.33	0.74
-67.96	4.66	1.54	-0.58	-0.33	0.74
-68.16	4.68	0	-0.58	-0.33	0.74
-68.02	5.99	1.51	-0.58	-0.33	0.74
-67.88	7.3	3.01	-0.58	-0.33	0.74
-67.74	8.61	4.51	-0.58	-0.33	0.74
-67.66	9.34	5.34	-0.58	-0.33	0.74
-67.82	10.35	3.63	-0.58	-0.33	0.74
-67.98	11.36	1.91	-0.58	-0.33	0.74
-68.16	12.48	0	-0.58	-0.33	0.74
-68.08	12.48	2	-0.58	-0.33	0.74
-68	12.48	4	-0.58	-0.33	0.74
-67.96	12.48	5.08	-0.58	-0.33	0.74
-67.96	12.48	6.08	-0.55	-0.15	0.82
-67.96	12.48	5.28	-0.5	0.05	0.87
-67.96	12.48	4.58	-0.42	0.24	0.87
-66.15	12.48	4.21	-0.42	0.24	0.87
-64.35	12.48	3.35	-0.42	0.24	0.87
-62.55	12.48	2.49	-0.42	0.24	0.87
-60.74	12.48	1.62	-0.42	0.24	0.87
-58.94	12.48	0.76	-0.42	0.24	0.87
-57.35	12.48	0	-0.42	0.24	0.87
-57.29	12.48	2	-0.42	0.24	0.87
-57.23	12.48	4	-0.42	0.24	0.87
-57.17	12.48	6	-0.42	0.24	0.87
-57.11	12.48	8	-0.42	0.24	0.87
-57.05	12.48	10	-0.42	0.24	0.87
-57	12.48	11.67	-0.42	0.24	0.87
-58.71	12.48	10.64	-0.42	0.24	0.87
-60.43	12.48	9.61	-0.42	0.24	0.87
-62.14	12.48	8.58	-0.42	0.24	0.87
-63.85	12.48	7.55	-0.42	0.24	0.87
-65.57	12.48	6.52	-0.42	0.24	0.87
-67.96	12.48	5.08	-0.42	0.24	0.87
-67.77	10.5	5.25	-0.42	0.24	0.87
-67.66	9.34	5.34	-0.42	0.24	0.87
-67.47	7.52	6.16	-0.42	0.24	0.87
-67.27	5.71	6.98	-0.42	0.24	0.87
-67.16	4.59	7.49	-0.42	0.24	0.87
-67.06	2.64	7.94	-0.42	0.24	0.87
-66.96	0.7	8.4	-0.42	0.24	0.87
-66.87	-1.25	8.85	-0.42	0.24	0.87
-66.76	-3.52	9.38	-0.42	0.24	0.87
-66.86	-5.5	9.1	-0.42	0.24	0.87
-66.97	-7.47	8.81	-0.42	0.24	0.87
-67.08	-9.45	8.53	-0.42	0.24	0.87
-67.18	-11.43	8.24	-0.42	0.24	0.87
-67.24	-12.48	8.09	-0.42	0.24	0.87
-67.42	-11.26	6.51	-0.58	0.33	0.74
-67.6	-10.05	4.94	-0.58	0.33	0.74
-67.78	-8.83	3.36	-0.58	0.33	0.74
-67.96	-7.61	1.78	-0.58	0.33	0.74
-68.16	-6.24	0	-0.58	0.33	0.74
-66.76	-3.52	9.38	-0.58	0.33	0.74
-66.68	-5.11	10.59	-0.58	0.33	0.74
-66.6	-6.7	11.8	-0.58	0.33	0.74
-66.52	-8.3	13.01	-0.58	0.33	0.74
-66.44	-9.89	14.21	-0.58	0.33	0.74
-66.37	-11.48	15.42	-0.58	0.33	0.74
-66.32	-12.48	16.18	-0.58	0.33	0.74
-66.54	-12.48	14.19	-0.58	0.33	0.74
-66.77	-12.48	12.21	-0.58	0.33	0.74
-67	-12.48	10.22	-0.58	0.33	0.74
-67.24	-12.48	8.09	-0.58	0.33	0.74
-67.24	-12.48	9.09	-0.6	-0.04	0.8
-67.24	-12.48	8.29	-0.55	-0.4	0.74
-67.24	-12.48	7.59	-0.41	-0.71	0.57
-65.3	-12.48	8.58	-0.41	-0.71	0.57
-63.36	-12.48	9.07	-0.41	-0.71	0.57
-61.42	-12.48	9.57	-0.41	-0.71	0.57
-59.49	-12.48	10.06	-0.41	-0.71	0.57
-57.55	-12.48	10.55	-0.41	-0.71	0.57
-55.48	-12.48	11.07	-0.41	-0.71	0.57
-53.48	-12.48	11.21	-0.41	-0.71	0.57
-51.49	-12.48	11.34	-0.41	-0.71	0.57
-49.49	-12.48	11.47	-0.41	-0.71	0.57
-47.5	-12.48	11.6	-0.41	-0.71	0.57
-45.01	-12.48	11.77	-0.41	-0.71	0.57
-45.67	-12.48	9.88	-0.41	-0.71	0.57
-46.33	-12.48	7.99	-0.41	-0.71	0.57
-46.99	-12.48	6.11	-0.41	-0.71	0.57
-47.65	-12.48	4.22	-0.41	-0.71	0.57
-48.32	-12.48	2.33	-0.41	-0.71	0.57
-49.13	-12.48	0	-0.41	-0.71	0.57
-45.01	-12.48	11.77	-0.41	-0.71	0.57
-43.47	-12.48	10.49	-0.41	-0.71	0.57
-41.94	-12.48	9.2	-0.41	-0.71	0.57
-40.4	-12.48	7.92	-0.41	-0.71	0.57
-38.48	-12.48	6.32	-0.41	-0.71	0.57
-38.75	-12.48	4.33	-0.41	-0.71	0.57
-39.02	-12.48	2.35	-0.41	-0.71	0.57
-39.34	-12.48	0	-0.41	-0.71	0.57
-38.48	-12.48	6.32	0	-0.82	0.57
-38.24	-10.64	7.05	0	-0.82	0.57
-37.99	-8.79	7.79	0	-0.82	0.57
-37.74	-6.95	8.52	0	-0.82	0.57
-37.45	-4.79	9.39	0	-0.82	0.57
-37.61	-3.02	8.47	-0.24	-0.42	0.87
-37.78	-1.26	7.54	-0.24	-0.42	0.87
-37.95	0.51	6.62	-0.24	-0.42	0.87
-38.07	1.83	5.93	-0.24	-0.42	0.87
-38.06	3.8	6.28	-0.24	-0.42	0.87
-38.04	5.77	6.63	-0.24	-0.42	0.87
-38.03	7.74	6.99	-0.24	-0.42	0.87
-38.01	9.71	7.34	-0.24	-0.42	0.87
-37.99	12.48	7.83	-0.24	-0.42	0.87
-37.99	12.48	8.83	-0.19	-0.04	0.98
-37.99	12.48	8.03	-0.1	0.34	0.94
-37.99	12.48	7.33	0	0.67	0.74
-38.33	12.48	5.86	0	0.67	0.74
-38.67	12.48	3.89	0	0.67	0.74
-39.01	12.48	1.92	0	0.67	0.74
-39.34	12.48	0	0	0.67	0.74
-47.96	12.48	5.31	0	0.67	0.74
-47.36	12.48	7.22	0	0.67	0.74
-46.75	12.48	9.12	0	0.67	0.74
-46.14	12.48	11.03	0	0.67	0.74
-45.72	12.48	12.37	0	0.67	0.74
-43.99	12.48	11.35	0	0.67	0.74
-42.27	12.48	10.34	0	0.67	0.74
-40.54	12.48	9.33	0	0.67	0.74
-37.99	12.48	7.83	0	0.67	0.74
-37.7	10.73	8.75	0	0.67	0.74
-37.41	8.98	9.67	0	0.67	0.74
-37.12	7.22	10.59	0	0.67	0.74
-36.83	5.47	11.51	0	0.67	0.74
-36.52	3.63	12.48	0	0.67	0.74
-36.52	3.63	13.48	-0.18	0.48	0.86
-36.52	3.63	12.68	-0.35	0.25	0.9
-36.52	3.63	11.98	-0.48	0	0.87
-36.97	3.11	10.6	-0.48	0	0.87
-37.41	2.6	8.72	-0.48	0	0.87
-38.07	1.83	5.93	-0.48	0	0.87
-37.45	-4.79	9.39	-0.48	0	0.87
-37.24	-2.92	10.07	-0.48	0	0.87
-37.04	-1.06	10.76	-0.48	0	0.87
-36.83	0.81	11.44	-0.48	0	0.87
-36.63	2.68	12.13	-0.48	0	0.87
-36.52	3.63	12.48	-0.48	0	0.87
-36.26	1.88	13.41	-0.48	0	0.87
-36	0.13	14.35	-0.48	0	0.87
-35.73	-1.61	15.29	-0.48	0	0.87
-35.47	-3.36	16.22	-0.48	0	0.87
-35.32	-4.36	16.76	-0.48	0	0.87
-35.87	-4.47	14.84	-0.48	0	0.87
-36.43	-4.58	12.92	-0.48	0	0.87
-36.98	-4.7	11	-0.48	0	0.87
-37.45	-4.79	9.39	-0.48	0	0.87
-37.33	-6.42	10.54	-0.48	0	0.87
-37.22	-8.05	11.7	-0.48	0	0.87
-37.11	-9.68	12.85	-0.48	0	0.87
-36.99	-11.31	14.01	-0.48	0	0.87
-36.91	-12.48	14.84	-0.48	0	0.87
-36.91	-12.48	15.84	-0.45	-0.2	0.87
-36.91	-12.48	15.04	-0.4	-0.4	0.82
-36.91	-12.48	14.34	-0.33	-0.58	0.74
-37.28	-12.48	12.87	-0.33	-0.58	0.74
-37.64	-12.48	10.9	-0.33	-0.58	0.74
-38	-12.48	8.94	-0.33	-0.58	0.74
-38.48	-12.48	6.32	-0.33	-0.58	0.74
-45.01	-12.48	11.77	-0.33	-0.58	0.74
-43.14	-12.48	12.48	-0.33	-0.58	0.74
-41.27	-12.48	13.19	-0.33	-0.58	0.74
-39.4	-12.48	13.9	-0.33	-0.58	0.74
-36.91	-12.48	14.84	-0.33	-0.58	0.74
-36.54	-10.57	15.29	-0.33	-0.58	0.74
-36.16	-8.66	15.74	-0.33	-0.58	0.74
-35.79	-6.74	16.19	-0.33	-0.58	0.74
-35.32	-4.36	16.76	-0.33	-0.58	0.74
-35.06	-2.47	17.36	-0.33	-0.58	0.74
-34.8	-0.57	17.96	-0.33	-0.58	0.74
-34.54	1.32	18.56	-0.33	-0.58	0.74
-34.17	4.09	19.44	-0.33	-0.58	0.74
-34.81	3.96	17.55	-0.24	-0.42	0.87
-35.45	3.84	15.66	-0.24	-0.42	0.87
-36.09	3.71	13.77	-0.24	-0.42	0.87
-36.52	3.63	12.48	-0.24	-0.42	0.87
-36.55	5.51	13.15	-0.24	-0.42	0.87
-36.57	7.39	13.83	-0.24	-0.42	0.87
-36.6	9.27	14.51	-0.24	-0.42	0.87
-36.63	11.15	15.19	-0.24	-0.42	0.87
-36.64	12.48	15.66	-0.24	-0.42	0.87
-36.64	12.48	16.66	-0.31	-0.08	0.95
-36.64	12.48	15.86	-0.35	0.26	0.9
-36.64	12.48	15.16	-0.33	0.58	0.74
-36.98	12.48	13.69	-0.33	0.58	0.74
-37.32	12.48	11.72	-0.33	0.58	0.74
-37.66	12.48	9.75	-0.33	0.58	0.74
-37.99	12.48	7.83	-0.33	0.58	0.74
-47.96	12.48	5.31	-0.33	0.58	0.74
-49.6	12.48	6.46	-0.33	0.58	0.74
-51.23	12.48	7.61	-0.33	0.58	0.74
-52.87	12.48	8.77	-0.33	0.58	0.74
-54.5	12.48	9.92	-0.33	0.58	0.74
-56.14	12.48	11.07	-0.33	0.58	0.74
-57	12.48	11.67	-0.33	0.58	0.74
-58.94	12.48	12.16	-0.33	0.58	0.74
-60.87	12.48	12.66	-0.33	0.58	0.74
-62.81	12.48	13.15	-0.33	0.58	0.74
-64.75	12.48	13.64	-0.33	0.58	0.74
-66.71	12.48	14.14	-0.33	0.58	0.74
-66.98	12.48	12.16	-0.33	0.58	0.74
-67.26	12.48	10.18	-0.33	0.58	0.74
-67.53	12.48	8.19	-0.33	0.58	0.74
-67.8	12.48	6.21	-0.33	0.58	0.74
-67.96	12.48	5.08	-0.33	0.58	0.74
-66.71	12.48	14.14	-0.41	0.71	0.57
-66.91	11.81	12.26	-0.41	0.71	0.57
-67.11	11.14	10.39	-0.41	0.71	0.57
-67.31	10.47	8.52	-0.41	0.71	0.57
-67.52	9.8	6.64	-0.41	0.71	0.57
-67.66	9.34	5.34	-0.41	0.71	0.57
-67.16	4.59	7.49	-0.71	0.41	0.57
-67.07	6.11	8.77	-0.71	0.41	0.57
-66.98	7.64	10.06	-0.71	0.41	0.57
-66.9	9.17	11.35	-0.71	0.41	0.57
-66.81	10.7	12.64	-0.71	0.41	0.57
-66.71	12.48	14.14	-0.71	0.41	0.57
-66.45	10.55	14.61	-0.71	0.41	0.57
-66.2	8.63	15.08	-0.71	0.41	0.57
-65.95	6.7	15.55	-0.71	0.41	0.57
-65.66	4.53	16.08	-0.71	0.41	0.57
-66	4.54	14.11	-0.71	0.41	0.57
-66.35	4.56	12.14	-0.71	0.41	0.57
-66.69	4.57	10.17	-0.71	0.41	0.57
-67.16	4.59	7.49	-0.71	0.41	0.57
-65.66	4.53	16.08	-0.71	0.41	0.57
-65.87	3	14.81	-0.71	0.41	0.57
-66.08	1.47	13.53	-0.71	0.41	0.57
-66.29	-0.06	12.26	-0.71	0.41	0.57
-66.49	-1.59	10.99	-0.71	0.41	0.57
-66.76	-3.52	9.38	-0.71	0.41	0.57
-66.39	-3.3	11.34	-0.71	0.41	0.57
-66.02	-3.08	13.29	-0.71	0.41	0.57
-65.66	-2.86	15.24	-0.71	0.41	0.57
-65.15	-2.56	17.92	-0.71	0.41	0.57
-65.38	-4.52	17.58	-0.71	0.41	0.57
-65.61	-6.47	17.23	-0.71	0.41	0.57
-65.84	-8.43	16.89	-0.71	0.41	0.57
-66.07	-10.39	16.55	-0.71	0.41	0.57
-66.32	-12.48	16.18	-0.71	0.41	0.57
-66.32	-12.48	17.18	-0.5	0.47	0.73
-66.32	-12.48	16.38	-0.26	0.49	0.83
-66.32	-12.48	15.68	0	0.48	0.87
-64.51	-12.48	15.33	0	0.48	0.87
-62.7	-12.48	14.48	0	0.48	0.87
-60.89	-12.48	13.62	0	0.48	0.87
-59.08	-12.48	12.77	0	0.48	0.87
-57.27	-12.48	11.92	0	0.48	0.87
-55.48	-12.48	11.07	0	0.48	0.87
-53.99	-12.48	12.41	0	0.48	0.87
-52.5	-12.48	13.75	0	0.48	0.87
-51.02	-12.48	15.08	0	0.48	0.87
-49.53	-12.48	16.42	0	0.48	0.87
-48.75	-12.48	17.11	0	0.48	0.87
-47.61	-12.48	15.48	0	0.48	0.87
-46.46	-12.48	13.84	0	0.48	0.87
-45.01	-12.48	11.77	0	0.48	0.87
-44.28	-12.48	13.63	0	0.48	0.87
-43.55	-12.48	15.49	0	0.48	0.87
-42.82	-12.48	17.35	0	0.48	0.87
-42.09	-12.48	19.22	0	0.48	0.87
-41.28	-12.48	21.27	0	0.48	0.87
-40.16	-12.48	19.62	0	0.48	0.87
-39.03	-12.48	17.96	0	0.48	0.87
-37.91	-12.48	16.31	0	0.48	0.87
-36.91	-12.48	14.84	0	0.48	0.87
-36.17	-12.48	16.69	0	0.48	0.87
-35.42	-12.48	18.55	0	0.48	0.87
-34.59	-12.48	20.62	0	0.48	0.87
-34.75	-10.68	19.76	0	0.48	0.87
-34.91	-8.88	18.91	0	0.48	0.87
-35.08	-7.08	18.05	0	0.48	0.87
-35.24	-5.28	17.2	0	0.48	0.87
-35.32	-4.36	16.76	0	0.48	0.87
-34.45	-4.29	18.55	0	0.48	0.87
-33.57	-4.23	20.35	0	0.48	0.87
-32.69	-4.16	22.15	0	0.48	0.87
-31.96	-4.11	23.66	0	0.48	0.87
-32.42	-2.38	22.77	0	0.48	0.87
-32.89	-0.65	21.88	0	0.48	0.87
-33.36	1.08	20.99	0	0.48	0.87
-33.82	2.81	20.1	0	0.48	0.87
-34.17	4.09	19.44	0	0.48	0.87
-34.69	5.85	18.65	0	0.48	0.87
-35.21	7.61	17.85	0	0.48	0.87
-35.73	9.37	17.06	0	0.48	0.87
-36.25	11.13	16.27	0	0.48	0.87
-36.64	12.48	15.66	0	0.48	0.87
-38.52	12.48	14.98	0	0.48	0.87
-40.4	12.48	14.3	0	0.48	0.87
-42.28	12.48	13.61	0	0.48	0.87
-44.16	12.48	12.93	0	0.48	0.87
-45.72	12.48	12.37	0	0.48	0.87
-47.71	12.48	12.24	0	0.48	0.87
-49.71	12.48	12.12	0	0.48	0.87
-51.71	12.48	12	0	0.48	0.87
-53.7	12.48	11.87	0	0.48	0.87
-55.7	12.48	11.75	0	0.48	0.87
-57	12.48	11.67	0	0.48	0.87
-55.72	12.48	13.21	0	0.48	0.87
-54.45	12.48	14.75	0	0.48	0.87
-53.18	12.48	16.3	0	0.48	0.87
-51.9	12.48	17.84	0	0.48	0.87
-50.63	12.48	19.38	0	0.48	0.87
-49	12.48	21.35	0	0.48	0.87
-48.31	12.48	19.48	0	0.67	0.74
-47.63	12.48	17.6	0	0.67	0.74
-46.94	12.48	15.72	0	0.67	0.74
-46.26	12.48	13.84	0	0.67	0.74
-45.72	12.48	12.37	0	0.67	0.74
-36.64	12.48	15.66	0	0.67	0.74
-35.84	12.48	17.49	0	0.67	0.74
-35.03	12.48	19.32	0	0.67	0.74
-34.1	12.48	21.43	0	0.67	0.74
-36.1	12.48	21.42	0	0.67	0.74
-38.1	12.48	21.41	0	0.67	0.74
-40.1	12.48	21.4	0	0.67	0.74
-42.1	12.48	21.39	0	0.67	0.74
-44.1	12.48	21.38	0	0.67	0.74
-46.1	12.48	21.37	0	0.67	0.74
-49	12.48	21.35	0	0.67	0.74
-47.18	12.48	20.52	0	0.67	0.74
-45.36	12.48	19.68	0	0.67	0.74
-43.55	12.48	18.84	0	0.67	0.74
-41.73	12.48	18.01	0	0.67	0.74
-39.91	12.48	17.17	0	0.67	0.74
-38.1	12.48	16.33	0	0.67	0.74
-36.64	12.48	15.66	0	0.67	0.74
-34.17	4.09	19.44	0	0.48	0.87
-34.15	6.03	19.9	0	0.48	0.87
-34.14	7.98	20.36	0	0.48	0.87
-34.12	9.92	20.83	0	0.48	0.87
-34.1	12.48	21.43	0	0.48	0.87
-33.32	10.92	22.41	0	0.48	0.87
-32.54	9.35	23.38	0	0.48	0.87
-31.76	7.79	24.35	0	0.48	0.87
-30.97	6.23	25.32	0	0.48	0.87
-30.06	4.41	26.46	0	0.48	0.87
-31.07	4.33	24.73	-0.33	0.58	0.74
-32.08	4.25	23.01	-0.33	0.58	0.74
-33.09	4.17	21.28	-0.33	0.58	0.74
-34.17	4.09	19.44	-0.33	0.58	0.74
-30.06	4.41	26.46	-0.33	0.58	0.74
-30.48	2.55	25.85	-0.33	0.58	0.74
-30.89	0.69	25.24	-0.33	0.58	0.74
-31.3	-1.17	24.62	-0.33	0.58	0.74
-31.72	-3.03	24.01	-0.33	0.58	0.74
-31.96	-4.11	23.66	-0.33	0.58	0.74
-32.53	-5.91	23	-0.33	0.58	0.74
-33.09	-7.72	22.35	-0.33	0.58	0.74
-33.66	-9.52	21.69	-0.33	0.58	0.74
-34.22	-11.32	21.04	-0.33	0.58	0.74
-34.59	-12.48	20.62	-0.33	0.58	0.74
-36.58	-12.48	20.81	-0.33	0.58	0.74
-38.57	-12.48	21.01	-0.33	0.58	0.74
-41.28	-12.48	21.27	-0.33	0.58	0.74
-43.03	-12.48	20.3	-0.33	0.58	0.74
-44.77	-12.48	19.33	-0.33	0.58	0.74
-46.52	-12.48	18.36	-0.33	0.58	0.74
-48.75	-12.48	17.11	-0.33	0.58	0.74
-49.81	-12.48	18.81	-0.33	0.58	0.74
-50.87	-12.48	20.51	-0.33	0.58	0.74
-51.92	-12.48	22.21	-0.33	0.58	0.74
-53.25	-12.48	24.34	-0.33	0.58	0.74
-53.25	-12.48	25.34	-0.4	0.2	0.89
-53.25	-12.48	24.54	-0.4	-0.2	0.89
-53.25	-12.48	23.84	-0.33	-0.58	0.74
-53.58	-12.48	22.37	-0.33	-0.58	0.74
-53.91	-12.48	20.4	-0.33	-0.58	0.74
-54.25	-12.48	18.43	-0.33	-0.58	0.74
-54.58	-12.48	16.46	-0.33	-0.58	0.74
-54.91	-12.48	14.48	-0.33	-0.58	0.74
-55.24	-12.48	12.51	-0.33	-0.58	0.74
-55.48	-12.48	11.07	-0.33	-0.58	0.74
-53.25	-12.48	24.34	-0.33	-0.58	0.74
-54.95	-12.48	23.28	-0.33	-0.58	0.74
-56.64	-12.48	22.23	-0.33	-0.58	0.74
-58.34	-12.48	21.17	-0.33	-0.58	0.74
-60.04	-12.48	20.11	-0.33	-0.58	0.74
-61.73	-12.48	19.05	-0.33	-0.58	0.74
-63.43	-12.48	17.99	-0.33	-0.58	0.74
-65.12	-12.48	16.93	-0.33	-0.58	0.74
-66.32	-12.48	16.18	-0.33	-0.58	0.74
-65.83	-11.14	17.58	-0.33	-0.58	0.74
-65.34	-9.8	18.99	-0.33	-0.58	0.74
-64.84	-8.47	20.39	-0.33	-0.58	0.74
-64.35	-7.13	21.79	-0.33	-0.58	0.74
-63.86	-5.79	23.19	-0.33	-0.58	0.74
-63.59	-5.04	23.98	-0.33	-0.58	0.74
-64.05	-4.3	22.18	-0.58	-0.33	0.74
-64.52	-3.57	20.38	-0.58	-0.33	0.74
-65.15	-2.56	17.92	-0.58	-0.33	0.74
-65.29	-0.63	17.42	-0.58	-0.33	0.74
-65.43	1.3	16.92	-0.58	-0.33	0.74
-65.57	3.23	16.41	-0.58	-0.33	0.74
-65.66	4.53	16.08	-0.58	-0.33	0.74
-65.41	5.99	17.43	-0.58	-0.33	0.74
-65.16	7.44	18.77	-0.58	-0.33	0.74
-64.91	8.9	20.12	-0.58	-0.33	0.74
-64.65	10.35	21.47	-0.58	-0.33	0.74
-64.29	12.48	23.44	-0.58	-0.33	0.74
-64.29	12.48	24.44	-0.43	-0.06	0.9
-64.29	12.48	23.64	-0.23	0.23	0.95
-64.29	12.48	22.94	0	0.48	0.87
-63.23	12.48	21.74	0	0.48	0.87
-62.18	12.48	20.04	0	0.48	0.87
-61.13	12.48	18.34	0	0.48	0.87
-60.07	12.48	16.64	0	0.48	0.87
-59.02	12.48	14.94	0	0.48	0.87
-57.97	12.48	13.24	0	0.48	0.87
-57	12.48	11.67	0	0.48	0.87
-66.71	12.48	14.14	0	0.67	0.74
-66.2	12.48	16.07	0	0.67	0.74
-65.7	12.48	18.01	0	0.67	0.74
-65.2	12.48	19.94	0	0.67	0.74
-64.69	12.48	21.88	0	0.67	0.74
-64.29	12.48	23.44	0	0.67	0.74
-64.11	10.49	23.57	0	0.67	0.74
-63.93	8.5	23.7	0	0.67	0.74
-63.76	6.52	23.83	0	0.67	0.74
-63.51	3.72	24.02	0	0.67	0.74
-63.51	3.72	25.02	-0.15	0.55	0.82
-63.51	3.72	24.22	-0.29	0.4	0.87
-63.51	3.72	23.52	-0.42	0.24	0.87
-64.03	3.92	22.1	-0.42	0.24	0.87
-64.55	4.11	20.18	-0.42	0.24	0.87
-65.07	4.31	18.26	-0.42	0.24	0.87
-65.66	4.53	16.08	-0.42	0.24	0.87
-65.15	-2.56	17.92	-0.42	0.24	0.87
-64.78	-1.15	19.29	-0.42	0.24	0.87
-64.42	0.26	20.66	-0.42	0.24	0.87
-64.05	1.67	22.03	-0.42	0.24	0.87
-63.51	3.72	24.02	-0.42	0.24	0.87
-63.53	1.72	24.01	-0.42	0.24	0.87
-63.55	-0.28	24	-0.42	0.24	0.87
-63.56	-2.28	23.99	-0.42	0.24	0.87
-63.59	-5.04	23.98	-0.42	0.24	0.87
-63.6	-6.99	24.45	-0.42	0.24	0.87
-63.61	-8.93	24.92	-0.42	0.24	0.87
-63.63	-10.87	25.38	-0.42	0.24	0.87
-63.64	-12.48	25.77	-0.42	0.24	0.87
-64.18	-12.48	23.85	-0.42	0.24	0.87
-64.71	-12.48	21.92	-0.42	0.24	0.87
-65.25	-12.48	19.99	-0.42	0.24	0.87
-65.79	-12.48	18.07	-0.42	0.24	0.87
-66.32	-12.48	16.18	-0.42	0.24	0.87
-53.25	-12.48	24.34	-0.42	0.24	0.87
-51.32	-12.48	23.85	-0.42	0.24	0.87
-49.38	-12.48	23.35	-0.42	0.24	0.87
-47.44	-12.48	22.85	-0.42	0.24	0.87
-45.5	-12.48	22.36	-0.42	0.24	0.87
-43.57	-12.48	21.86	-0.42	0.24	0.87
-41.28	-12.48	21.27	-0.42	0.24	0.87
-39.55	-12.48	22.29	-0.42	0.24	0.87
-37.83	-12.48	23.3	-0.42	0.24	0.87
-36.11	-12.48	24.31	-0.42	0.24	0.87
-34.38	-12.48	25.32	-0.42	0.24	0.87
-32.66	-12.48	26.34	-0.42	0.24	0.87
-30.22	-12.48	27.77	-0.42	0.24	0.87
-30.22	-12.48	28.77	-0.47	-0.1	0.88
-30.22	-12.48	27.97	-0.47	-0.43	0.77
-30.22	-12.48	27.27	-0.41	-0.71	0.57
-31.26	-12.48	26.06	-0.41	-0.71	0.57
-32.3	-12.48	24.36	-0.41	-0.71	0.57
-33.35	-12.48	22.65	-0.41	-0.71	0.57
-34.59	-12.48	20.62	-0.41	-0.71	0.57
-41.28	-12.48	21.27	-0.41	-0.71	0.57
-41.09	-12.48	23.26	-0.41	-0.71	0.57
-40.9	-12.48	25.26	-0.41	-0.71	0.57
-40.71	-12.48	27.25	-0.41	-0.71	0.57
-40.53	-12.48	29.24	-0.41	-0.71	0.57
-40.34	-12.48	31.23	-0.41	-0.71	0.57
-40.22	-12.48	32.46	-0.41	-0.71	0.57
-41.92	-12.48	31.4	-0.41	-0.71	0.57
-43.62	-12.48	30.35	-0.41	-0.71	0.57
-45.31	-12.48	29.29	-0.41	-0.71	0.57
-47.01	-12.48	28.23	-0.41	-0.71	0.57
-48.71	-12.48	27.17	-0.41	-0.71	0.57
-50.41	-12.48	26.12	-0.41	-0.71	0.57
-52.1	-12.48	25.06	-0.41	-0.71	0.57
-53.25	-12.48	24.34	-0.41	-0.71	0.57
-55.23	-12.48	24.62	-0.41	-0.71	0.57
-57.22	-12.48	24.89	-0.41	-0.71	0.57
-59.2	-12.48	25.16	-0.41	-0.71	0.57
-61.18	-12.48	25.43	-0.41	-0.71	0.57
-63.64	-12.48	25.77	-0.41	-0.71	0.57
-63.06	-10.91	26.86	-0.41	-0.71	0.57
-62.48	-9.33	27.95	-0.41	-0.71	0.57
-61.9	-7.76	29.04	-0.41	-0.71	0.57
-61.6	-6.93	29.61	-0.41	-0.71	0.57
-62.23	-6.33	27.82	-0.33	-0.58	0.74
-62.87	-5.73	26.02	-0.33	-0.58	0.74
-63.59	-5.04	23.98	-0.33	-0.58	0.74
-63.03	-3.78	25.42	-0.33	-0.58	0.74
-62.47	-2.52	26.87	-0.33	-0.58	0.74
-61.9	-1.26	28.32	-0.33	-0.58	0.74
-61.14	0.46	30.29	-0.33	-0.58	0.74
-61.77	1.33	28.61	-0.58	-0.33	0.74
-62.41	2.21	26.93	-0.58	-0.33	0.74
-63.05	3.09	25.25	-0.58	-0.33	0.74
-63.51	3.72	24.02	-0.58	-0.33	0.74
-63.1	5.14	25.37	-0.58	-0.33	0.74
-62.7	6.56	26.72	-0.58	-0.33	0.74
-62.29	7.98	28.07	-0.58	-0.33	0.74
-61.89	9.4	29.42	-0.58	-0.33	0.74
-61.49	10.82	30.76	-0.58	-0.33	0.74
-61.01	12.48	32.34	-0.58	-0.33	0.74
-61.01	12.48	33.34	-0.4	-0.4	0.82
-61.01	12.48	32.54	-0.2	-0.45	0.87
-61.01	12.48	31.84	0	-0.48	0.87
-59.54	12.48	30.99	0	-0.48	0.87
-58.06	12.48	29.64	0	-0.48	0.87
-56.58	12.48	28.29	0	-0.48	0.87
-55.11	12.48	26.94	0	-0.48	0.87
-53.63	12.48	25.59	0	-0.48	0.87
-52.16	12.48	24.24	0	-0.48	0.87
-50.68	12.48	22.89	0	-0.48	0.87
-49	12.48	21.35	0	-0.48	0.87
-49	12.48	22.35	0	-0.09	1
-49	12.48	21.55	0	0.31	0.95
-49	12.48	20.85	0	0.67	0.74
-50.98	12.48	21.62	0	0.67	0.74
-52.96	12.48	21.89	0	0.67	0.74
-54.94	12.48	22.16	0	0.67	0.74