7.526312 -3.96701 201.202026
4.777847 4.572839 201.032471
0.430477 -3.898011 200.658386
42.102425 21.636374 165.516678
25.718811 21.345131 198.856369
34.925922 26.325453 196.356842
26.030703 29.771954 196.844696
19.673191 33.701374 184.188919
18.592308 31.779755 191.778152
22.953924 38.667225 190.099594
-2.4814 4.513312 200.276276
-7.302777 -3.55037 199.338013
-10.281373 13.108501 189.132599
-3.500389 13.851381 180.994583
-10.790186 12.85055 178.678192
-17.513319 12.662374 186.432999
-17.997826 12.48 196.889282
40.810001 37.658432 190.485229
43.856209 43.743137 185.997025
35.416595 44.774742 188.386185
14.63895 25.841015 177.302933
5.907705 17.918684 182.496078
13.693989 25.649157 187.415115
-39.617455 -6.746362 184.002762
-40.749462 1.919138 182.668808
-44.524521 -5.466834 179.531586
44.23571 50.390419 181.066238
41.664791 57.229034 176.661667
38.431751 54.801834 180.473709
9.299488 -20.966024 181.672272
15.589625 -27.39249 178.737671
14.634478 -26.545212 189.534348
13.103515 4.464972 201.130234
23.219387 3.374681 201.072128
18.990082 12.949305 200.539902
32.854317 -5.618176 201.198959
26.814144 -10.877249 200.618011
35.886913 -10.870791 200.39859
3.302404 -15.908325 177.87886
7.972159 -17.234221 175.12529
44.591984 60.600777 171.410568
8.161312 19.073019 194.279099
-24.039822 -4.31403 193.767136
-26.445173 2.461608 192.449341
-29.043354 -4.80317 191.174515
32.4865 -38.298557 192.38681
40.066654 -38.32198 190.223236
39.381256 -32.822189 192.953735
46.412193 29.047419 171.428131
32.987003 55.767994 182.757858
37.555843 50.130043 184.280457
34.788124 -8.967627 171.549683
-19.560228 -12.48 196.304901
-14.4774 -12.48 198.059525
-19.604097 -7.208777 195.822769
50.711136 36.548878 166.608047
-14.447344 -1.958382 197.423218
-33.268288 3.2182 188.414612
-34.905514 -5.228142 187.437286
-20.403059 0.457239 195.214279
43.07214 -23.315958 164.221085
-24.682842 -12.48 194.133789
29.371038 34.369202 194.7565
32.359951 39.527298 191.962036
24.349281 40.807022 193.978836
-3.646438 -12.48 200.56604
29.967045 -16.535982 199.585587
15.514141 -3.987063 201.225754
24.259377 -4.679718 201.153427
3.724898 -12.48 201.409271
21.85535 36.487404 163.837921
27.046499 45.511127 166.852982
36.772392 -11.035688 195.578598
33.57571 -3.283468 196.847336
34.679482 -7.712142 198.4617
13.519186 -22.048744 171.309616
27.523647 46.305183 190.6315
7.618794 -12.48 201.599991
42.321468 21.644758 186.486053
42.549377 22.164541 175.583893
46.502045 29.1359 182.388626
17.359123 -10.63824 201.053177
9.385448 -14.888901 201.420547
-42.053692 -12.48 182.830948
-36.977921 -12.467877 177.742325
-35.832275 -12.48 187.520767
-5.106331 12.48 200.321609
1.505972 12.48 201.234909
-1.893778 14.450053 192.528732
20.561996 -16.91481 200.248978
-52.649403 -12.48 171.443115
-53.418407 -6.995276 169.533066
33.822361 57.204399 168.193939
15.050832 -24.701635 200.163269
30.41235 51.308563 187.012421
2.166686 -16.733574 186.640427
8.831506 -19.841314 192.689438
2.989263 -14.66874 196.516495
-30.890335 -12.48 190.797272
54.569611 43.23016 182.821579
51.187908 37.357712 177.875885
58.416203 49.892666 175.066864
-47.422779 -12.48 177.578339
-15.700493 6.03116 197.082199
22.293449 37.611092 174.571442
29.68972 50.106449 177.275818
37.900944 -14.359185 199.731903
24.791424 -23.839302 198.595825
29.798601 -0.325517 201.599991
-22.157955 7.731273 194.685211
44.090477 -58.672192 173.673691
52.135921 -55.838715 171.7164
48.368404 -52.971443 176.761948
18.864363 -31.306866 167.48764
16.66008 -27.488932 169.426086
5.285434 -12.48 172.664459
-0.515162 -12.48 171.998642
-9.176549 4.998877 198.963409
-23.382803 -12.56109 186.339844
-21.785923 -12.548347 174.748169
-13.713029 -12.939537 180.85405
20.179579 -34.314705 185.723099
19.483332 -32.822765 174.789215
23.592194 -39.67445 177.708267
35.193516 -43.83696 188.902756
-10.205683 12.48 169.054703
-18.329813 12.578013 175.532578
-19.162123 12.48 164.049591
35.703392 60.472919 177.578339
19.156277 -31.812473 198.210388
30.187929 -30.768232 195.707413
-49.699287 -5.711043 174.032944
-3.775812 -14.159543 179.799194
23.481827 -39.304546 194.865982
26.658165 -44.806122 191.809723
38.232628 -27.048775 195.414734
37.665405 63.87122 173.248657
28.937788 11.148428 200.236725
-25.025354 12.523887 183.310471
-27.282143 12.499111 171.669418
-34.639507 12.485382 179.783051
35.381794 -8.054887 179.993118
33.435444 -1.140044 181.136169
35.160484 -5.715269 188.76355
29.798601 0.0 172.806259
54.585102 43.261208 160.106033
35.261417 9.787394 171.253891
39.156357 16.533627 168.720642
-6.619562 -12.48 170.266144
29.806629 -50.259426 187.709854
54.288235 -42.749229 169.720993
48.184601 -32.152676 171.003098
-10.00497 12.48 199.274292
8.982647 -14.191231 172.669861
41.114769 -54.188908 179.468765
47.021999 -47.885185 181.690964
-52.606781 0.463682 170.067245
36.689938 33.250862 193.527603
14.67661 26.014603 194.460648
18.274412 30.285038 198.466766
35.831356 -60.694553 177.244781
52.382935 57.599251 169.597443
38.792961 -15.283346 178.269974
38.663357 -15.679727 169.01976
25.455738 42.93111 183.963135
38.331165 -49.050148 184.563156
33.009235 -55.806499 182.80957
25.33699 -42.644787 186.22049
-40.420456 12.479866 169.049637
61.832813 55.810398 166.066879
21.983046 -36.781582 169.654312
8.595695 13.846524 201.519577
39.41431 -66.900414 168.337555
33.831833 -22.3076 197.689789
43.846783 -42.33234 186.807175
-29.666126 -12.487672 181.200623
34.371105 3.442099 191.42485
34.657112 6.86392 181.074341
31.940491 4.03538 201.336884
-7.146767 -13.726274 191.252029
42.490349 -21.99762 186.039856
43.038239 -23.081963 175.369705
-29.731379 12.48 191.389832
-38.714558 12.48 185.338135
38.523987 15.43833 199.243195
35.232239 9.736855 200.290039
37.88084 13.480472 190.675125
-47.584999 2.694207 176.058426
-46.663128 12.48 177.940826
17.445068 28.848574 168.57106
45.906586 -28.22537 194.053818
49.46088 -34.381592 190.176361
28.239603 -47.549202 179.50795
53.026554 -40.557522 185.345581
47.00433 -30.073851 183.664734
26.207563 -44.012238 170.358261
31.549484 -3.358136 172.621979
-13.710342 -12.48 167.265808
50.551655 36.270863 188.942047
-47.100899 -12.47312 165.498291
38.4175 -13.905523 187.646652
14.022942 22.921276 171.141907
-21.118887 -12.48 162.772156
31.387068 -52.957062 172.244095
0.933938 12.48 172.19368
-4.91237 12.48 170.919678
42.183716 21.77717 197.284164
57.433868 -48.191212 177.170822
-22.656116 12.48 195.055115
60.716446 -53.876801 169.225677
41.928379 -21.334917 197.234589
-51.389671 12.48 172.227264
45.972546 28.339613 194.015564
21.923365 36.605213 196.062332
38.70314 15.044015 178.964752
49.318821 53.172909 176.120422
-37.764317 -12.466872 167.267715
9.061936 14.491321 172.675125
14.366179 23.515781 200.414734
35.820145 -60.649399 162.941116
-29.127714 -12.474874 170.055466
