757 994
595 1081
41 415
536 537
45 565
3 797
1380 1387
40 41
622 1071
989 1273
1051 1068
830 1020
343 344
38 791
569 570
76 1046
53 425
41 42
284 703
571 1025
617 1141
659 729
764 782
213 908
312 1030
1044 1065
274 509
281 368
953 1355
340 454
236 891
1207 1208
74 75
864 1363
85 313
1033 1055
151 1341
785 990
538 704
58 216
1001 1368
982 1126
325 1234
36 1131
254 536
107 108
78 310
938 939
243 1280
433 1032
442 443
1074 1357
181 322
583 1385
1088 1112
140 141
209 915
399 401
443 444
475 476
1362 1388
1015 1164
1114 1286
1022 1023
173 174
410 904
397 413
476 477
779 1152
735 737
359 566
900 1033
960 1084
206 207
1177 1198
367 835
243 1257
829 1009
509 510
1233 1358
773 1114
510 1378
1340 1341
207 208
114 883
1019 1026
288 398
104 955
542 543
382 554
969 1025
402 1286
1373 1374
240 241
833 835
717 1069
598 852
23 472
256 594
843 1294
31 67
3 5
614 833
116 965
473 528
85 303
273 274
240 326
911 1056
1104 1334
842 1334
383 491
601 750
1069 1233
294 562
608 609
220 384
175 1136
388 1280
23 593
284 405
29 35
188 437
641 642
779 1250
746 844
113 114
1059 1304
339 340
47 577
944 945
917 991
97 1072
1170 1171
61 332
934 1309
48 133
163 874
350 880
279 411
831 924
684 725
675 676
1117 1378
179 180
1096 1343
1278 1320
497 526
1297 1333
130 998
164 874
479 886
1195 1205
547 612
571 969
487 1235
195 718
1011 1012
710 755
422 846
169 171
700 1119
741 742
113 356
1167 1259
213 214
284 503
650 1118
669 1131
611 632
290 317
8 339
47 410
1335 1337
202 204
1135 1312
1121 1148
960 1051
246 247
455 1144
943 1227
308 487
114 356
9 11
67 510
781 936
713 1030
1003 1012
1021 1146
415 433
186 381
1128 1129
1192 1293
405 505
752 878
1278 1333
145 1103
205 596
767 857
439 912
174 263
1006 1139
427 443
389 1320
920 1099
998 1284
883 1068
68 361
10 11
801 1264
352 385
615 1253
283 929
345 346
14 655
979 1041
448 996
636 967
604 606
503 703
267 692
43 44
1264 1290
1157 1313
333 637
105 1188
178 763
404 1335
941 1014
346 347
79 232
657 1026
378 379
270 437
109 111
321 668
867 1101
344 1060
940 942
802 1237
210 1325
1236 1349
962 1109
345 732
752 1156
192 410
1260 1297
412 413
1264 1267
376 576
482 886
870 1111
816 1140
316 445
292 991
175 177
463 464
337 913
270 823
17 414
449 825
792 819
203 275
342 848
1170 1259
809 988
102 192
537 1203
814 923
267 1199
39 172
78 1183
144 1357
327 984
97 113
763 877
599 1263
1008 1053
209 211
953 1266
1200 1223
580 612
927 985
160 1072
788 1315
511 512
207 924
870 1088
1342 1343
815 923
1 181
814 815
604 1234
720 771
656 1281
168 932
669 1363
1353 1358
1245 1267
1364 1367
1171 1201
16 17
706 1367
899 1267
435 1132
72 326
248 897
865 1131
483 800
877 1105
610 612
997 1021
836 838
49 50
980 1377
579 1182
933 1265
1079 1090
459 479
804 1300
146 922
336 637
1137 1180
50 51
353 955
776 909
666 1186
765 1308
185 733
188 250
1341 1361
496 1269
357 696
799 812
83 313
83 84
167 721
363 367
1302 1369
913 1328
305 771
452 704
1019 1346
945 1360
965 1375
689 1291
226 1301
269 439
14 478
448 819
1303 1370
418 1242
819 1257
695 696
126 130
167 168
424 727
897 947
998 999
344 1292
149 150
103 1086
21 1133
728 729
43 626
200 201
824 962
1198 1289
30 49
730 955
1209 1218
227 334
447 603
317 902
391 1080
604 1224
275 1314
617 1163
484 899
485 486
917 1046
670 760
776 778
1064 1065
907 1261
215 216
6 600
383 1341
707 1056
1032 1378
151 460
424 884
506 508
317 758
390 742
581 688
1133 1164
464 548
339 925
1097 1098
1196 1220
466 737
45 564
348 1010
1086 1125
551 552
605 672
333 967
735 1276
535 1367
197 697
545 886
199 478
12 14
911 980
584 585
475 907
1109 1373
147 696
322 585
462 479
311 984
314 315
75 973
453 659
639 786
791 1063
489 1256
151 1340
634 1345
278 398
69 404
597 789
367 1001
428 602
762 856
307 312
144 663
1167 1170
865 1363
259 421
334 1089
446 476
73 639
228 662
643 761
348 349
652 1255
87 165
1074 1356
300 538
817 1322
209 914
46 133
958 1181
222 618
399 400
1111 1131
244 1280
228 518
1362 1387
670 1388
328 376
631 1317
901 912
423 873
479 545
290 758
1245 1247
1070 1358
1204 1358
564 589
273 705
245 872
82 845
735 736
34 51
638 1212
123 617
417 835
864 1146
1278 1280
513 1297
176 629
684 770
4 108
668 1091
396 632
1336 1370
350 1010
768 769
178 180
398 412
750 751
281 501
288 397
29 57
236 1024
361 530
371 840
43 858
1060 1062
623 795
783 784
243 245
1044 1054
399 1316
387 933
105 955
645 1228
439 980
171 671
834 835
87 937
257 594
488 872
289 397
842 1104
288 289
680 1042
601 749
254 296
18 19
277 279
55 86
409 1338
868 869
239 926
613 1253
607 1093
244 1270
495 623
807 1118
446 996
768 1276
1321 1339
486 803
613 615
901 902
1126 1249
119 192
332 336
957 1291
694 1326
1231 1302
302 722
51 57
305 993
740 1213
867 1025
302 313
154 186
993 1250
198 372
934 935
177 578
223 694
1070 1204
1096 1342
77 231
204 272
1003 1034
741 885
254 538
1233 1347
88 97
679 681
708 1382
118 119
439 440
409 677
138 1266
390 398
32 839
1270 1271
471 1146
169 170
1167 1258
122 912
15 786
420 426
702 1344
372 386
71 1212
802 873
433 890
328 608
826 1230
202 203
94 112
185 559
295 1185
1280 1320
522 1004
552 1255
970 1014
828 1010
907 1074
1003 1011
240 1254
1225 1240
213 1008
625 1361
259 895
1309 1319
375 432
171 782
520 521
598 1227
1361 1366
648 1344
465 734
125 257
700 866
427 442
925 1213
272 276
1078 1343
157 438
862 1273
188 1100
59 806
446 1215
422 629
382 556
491 1366
859 1384
1094 1287
786 1134
628 697
613 834
56 651
879 1362
25 26
572 573
433 1132
131 156
604 605
246 897
267 691
81 335
395 611
787 1135
333 636
96 1138
302 303
224 729
178 762
369 967
425 639
1265 1290
1305 1326
605 606
383 493
60 806
984 1011
169 304
834 1103
299 908
409 1305
941 1049
368 370
25 147
940 941
476 1215
1166 1167
86 126
115 678
716 1196
406 625
638 639
343 1216
311 918
80 82
265 622
1006 1151
1247 1277
973 974
306 394
374 1203
1339 1360
962 1373
383 385
856 983
12 478
634 641
1006 1007
310 400
596 614
530 1343
258 884
176 177
507 685
1028 1174
342 1292
460 610
251 616
232 337
565 626
262 625
186 1273
1192 1282
420 1211
1162 1290
449 451
229 1351
1027 1331
291 917
209 210
79 1183
191 192
314 900
1299 1301
219 1077
207 923
962 1350
533 944
161 1072
1073 1074
377 696
224 225
284 505
330 392
8 341
1061 1365
386 781
1022 1028
275 276
661 720
70 1335
804 805
836 837
852 1227
610 1285
840 844
1107 1108
377 817
227 1138
6 7
613 1210
712 1332
837 838
405 1181
755 885
42 46
21 23
309 310
1268 1290
92 312
2 647
1140 1141
77 561
421 896
863 1241
1178 1253
506 1083
777 909
221 691
480 802
245 819
342 343
341 1281
978 1307
1173 1174
443 920
795 1222
72 73
548 1085
922 1183
676 862
202 1351
71 639
87 89
713 780
1031 1355
516 989
666 668
452 1233
539 1238
435 506
648 650
1094 1231
120 122
408 409
250 726
70 530
143 663
128 1029
559 578
176 697
111 1205
858 874
237 298
743 744
89 1037
455 606
1209 1217
1101 1126
132 361
818 1332
518 662
700 702
540 1238
124 1180
907 1260
318 902
736 1149
449 827
1305 1306
777 778
300 704
1003 1004
976 987
535 607
132 711
573 862
893 1218
201 582
172 289
507 508
626 874
438 674
926 986
641 1262
329 767
618 641
930 1365
516 1002
178 189
800 1026
1348 1389
536 1245
27 56
1287 1293
408 1325
67 1032
12 13
709 1173
104 1179
1371 1372
656 1018
950 970
200 478
1266 1355
100 1065
13 14
24 252
28 402
304 306
716 888
507 894
300 452
54 131
747 912
1179 1323
792 1063
878 1066
512 600
46 47
110 440
78 79
1184 1258
624 661
909 910
1256 1283
547 823
785 1289
558 832
319 321
437 1100
126 155
1045 1099
111 1195
340 1018
53 845
557 607
492 1152
55 131
429 458
996 1063
1147 1232
640 641
181 1030
1245 1246
370 637
351 395
221 694
1303 1336
975 976
605 1214
638 1211
447 448
405 631
706 708
229 634
238 374
404 486
402 705
35 274
228 818
706 1382
439 1038
323 1235
307 324
1047 1266
596 1330
139 331
880 1009
111 269
585 683
531 712
178 179
418 426
635 949
1009 1010
103 1088
484 1274
520 553
485 861
160 1064
492 720
88 1045
872 1270
106 1322
1300 1302
1271 1275
772 774
104 1169
470 472
126 662
849 877
550 1255
514 515
481 1384
289 805
946 1075
212 213
244 245
506 1148
522 1013
701 1015
503 505
1115 1149
126 518
290 1035
88 937
629 846
450 615
277 278
470 593
883 991
381 744
943 1042
536 538
256 1158
258 710
824 1350
424 742
1105 1369
850 1079
278 279
1178 1210
830 1021
310 311
620 1291
744 832
569 571
47 117
7 1213
1308 1319
327 400
651 1135
45 422
759 997
613 614
193 320
1005 1138
1031 1047
245 1270
285 1077
496 623
557 1127
614 615
74 76
198 371
372 673
236 892
952 1248
153 1123
910 1251
101 1112
1175 1176
253 1246
926 966
679 680
309 918
216 690
241 863
377 378
462 602
123 1136
209 1325
680 681
140 142
860 877
134 1002
1012 1154
236 375
184 185
500 979
675 831
11 293
713 714
488 1270
703 929
972 974
266 1306
938 1061
522 1003
623 640
827 1230
73 242
907 1073
76 916
468 1148
1005 1007
1031 1145
485 1237
829 1010
9 719
135 858
125 256
187 905
251 252
430 483
848 1145
161 358
1082 1083
313 721
88 1048
459 546
240 242
717 1070
812 813
264 599
1031 1266
116 1375
188 726
1115 1116
267 461
880 1362
898 1267
978 1110
278 390
791 875
317 318
396 611
15 16
220 385
225 729
47 48
365 394
1306 1326
384 493
0 647
1110 1122
597 637
296 380
268 461
509 524
225 765
842 962
80 81
356 1068
122 901
879 880
339 341
15 775
1339 1359
351 352
944 946
383 384
288 412
69 108
961 1035
81 82
341 387
825 1174
19 107
338 498
384 385
775 1173
715 893
416 417
608 767
530 1342
1102 1159
774 799
241 1239
114 115
945 946
215 692
1305 1338
392 474
497 527
449 450
531 1343
494 601
147 148
87 1037
367 417
182 780
685 992
487 1236
890 1132
1011 1013
930 939
450 451
549 573
837 860
1156 1251
292 917
80 94
940 989
572 971
37 398
732 923
151 383
315 900
556 963
731 815
350 1165
1017 1092
1122 1374
483 484
290 318
480 824
534 944
181 182
570 1126
362 1097
411 873
558 743
246 248
17 425
150 460
514 1002
1021 1327
781 937
685 1378
1003 1013
11 1284
570 982
705 798
1325 1329
149 351
243 1261
822 974
215 1199
808 810
21 22
270 726
910 1352
421 895
729 782
949 1014
859 1386
582 583
741 756
980 1038
54 55
905 1273
776 1208
979 1042
120 903
717 893
569 1058
687 1279
43 45
354 761
612 1285
1027 1235
894 1120
71 638
87 88
1242 1272
314 1033
603 907
562 1284
1125 1132
1070 1196
823 1325
202 712
671 782
648 649
88 89
469 1321
680 867
120 121
102 890
128 1028
347 578
307 1030
423 796
825 876
695 1175
721 1313
161 567
77 79
1097 1155
649 650
159 643
121 122
153 154
1080 1102
560 578
700 701
862 1288
482 887
1069 1358
241 532
682 683
33 274
40 133
318 901
985 986
752 784
182 482
203 276
143 145
715 716
172 288
210 580
235 1131
737 1149
446 448
39 173
457 686
1018 1019
104 1322
631 988
1204 1258
418 1289
1157 1183
312 713
102 1132
1069 1070
774 887
280 501
931 1365
757 1063
90 520
811 954
511 513
335 845
502 693
725 1296
1 182
275 1096
253 254
566 714
72 242
100 1064
348 900
995 1385
222 266
16 18
1387 1388
1179 1322
286 287
1191 1296
555 1006
519 1312
640 1193
1083 1125
508 894
49 51
593 1118
147 357
63 660
43 565
319 320
740 871
179 1100
504 631
1298 1315
50 52
302 645
264 1207
301 308
1059 1298
320 321
1220 1252
1159 1385
352 353
570 841
1124 1364
799 813
837 1105
437 726
595 1163
475 1098
463 635
83 85
108 258
649 725
364 1001
835 1001
461 1199
676 1273
824 842
943 979
593 866
1235 1236
519 651
318 747
230 634
152 1123
56 332
239 1091
790 1114
117 119
149 151
308 553
256 1180
838 1307
644 1176
1176 1186
911 1377
180 1307
419 420
891 1053
336 651
574 1346
89 136
271 1345
237 1203
239 718
90 1004
335 426
227 335
521 553
466 617
920 936
289 804
2 482
773 774
771 993
100 1054
801 1281
841 1317
183 185
755 756
215 217
532 827
880 1165
747 901
424 885
1334 1335
317 759
724 997
737 1116
906 1074
210 547
464 549
462 768
563 671
788 789
1101 1249
600 738
282 1066
590 1182
592 734
358 567
424 741
410 577
744 831
122 439
89 113
994 1159
194 315
821 822
1249 1269
211 633
1260 1278
1279 1291
1206 1307
222 642
400 1323
30 63
584 586
1109 1374
607 1127
892 1376
282 284
854 855
163 858
1282 1302
202 1078
166 338
658 800
790 1248
575 1031
24 25
56 57
39 791
230 1262
235 1111
62 811
1167 1171
359 360
259 422
413 480
218 384
906 907
1144 1224
62 402
106 588
968 1227
282 405
519 1135
348 350
636 637
646 947
418 1089
817 1323
90 91
1109 1122
169 1287
669 670
336 1135
80 126
750 1269
440 1372
141 142
1124 1367
316 1077
772 799
621 1304
972 973
277 411
558 1364
123 124
653 1107
233 670
95 965
464 948
471 807
326 1243
176 630
270 408
850 983
1005 1006
666 1311
563 661
286 761
137 1047
632 1169
1095 1308
1161 1290
297 1185
335 1211
684 807
271 409
1038 1039
149 383
189 190
567 1045
1015 1092
361 531
1020 1021
812 992
1041 1193
306 366
492 493
200 205
459 545
304 671
1184 1358
751 982
730 1188
783 785
1183 1313
344 1381
222 223
162 358
709 756
769 887
1041 1229
961 1057
1241 1254
1079 1192
345 559
481 1386
1032 1117
525 526
415 1032
257 595
9 1284
1009 1362
896 1076
324 1030
18 20
365 393
718 926
264 490
1327 1379
26 927
828 1057
143 1103
225 764
597 1310
400 616
616 1323
868 870
300 1203
495 1262
13 127
0 682
854 1231
1138 1139
63 64
239 927
297 380
244 1271
260 492
69 107
322 324
355 730
463 592
901 903
825 1173
329 857
792 996
416 596
794 1222
715 892
61 139
1314 1337
557 1129
154 187
177 579
36 869
353 396
208 832
219 316
40 839
486 1334
413 1350
235 669
609 767
242 1239
1153 1276
434 506
1000 1146
210 612
362 1155
293 1284
708 1383
406 407
1178 1189
595 868
549 572
709 710
83 922
706 821
250 541
429 921
1051 1084
498 526
163 164
882 1046
454 456
81 94
185 560
542 1243
421 1182
152 154
724 725
855 1294
719 1284
1184 1204
196 197
36 1111
653 930
120 1370
571 1126
864 1379
363 1097
247 248
314 1055
1133 1158
931 1060
1225 1241
1177 1201
229 230
97 977
701 1092
1134 1239
409 1329
115 882
520 522
808 809
192 577
184 573
723 1296
357 644
280 281
218 220
150 351
1111 1112
1129 1160
554 929
269 1205
386 936
741 755
866 1015
376 779
1231 1293
888 1219
116 294
950 1014
295 296
748 916
1136 1141
554 556
715 1376
850 1192
494 999
59 699
135 163
15 18
712 1078
25 148
183 734
1166 1168
1246 1277
524 798
712 1343
77 78
176 1140
184 815
620 622
681 867
129 1028
122 903
959 991
154 972
278 742
778 1208
579 590
1211 1212
4 884
888 1196
1243 1244
110 111
67 415
941 942
1260 1333
1300 1369
803 1237
461 979
129 655
310 401
379 1175
956 958
143 144
258 885
1354 1376
853 1094
766 946
559 733
232 338
776 1256
446 447
174 1071
420 1212
204 276
325 1240
975 1056
106 378
401 561
211 580
560 734
783 1151
458 686
1104 1206
4 861
103 1132
328 576
845 1211
584 1027
78 401
44 259
560 590
1071 1294
648 1191
224 226
512 513
690 699
1324 1331
534 946
494 495
94 116
1022 1029
663 1356
859 1002
1041 1042
435 1083
189 762
93 974
349 900
545 546
624 839
1 482
282 581
1170 1272
223 266
796 802
199 583
315 349
453 728
485 797
323 1027
504 810
6 1320
349 1165
1346 1354
6 8
578 579
523 643
155 662
475 603
575 690
1369 1374
331 967
148 357
309 311
319 355
1247 1268
330 779
505 631
951 1355
942 1386
211 1316
611 612
1177 1289
1379 1387
175 347
480 803
342 344
329 1079
914 915
592 635
516 905
283 703
223 1326
84 85
212 908
160 977
359 1043
117 118
948 949
644 1175
6 1333
1191 1344
7 740
339 1213
928 1199
150 151
935 1095
80 86
622 1309
37 390
187 972
360 1043
555 1139
711 712
1224 1234
238 1203
562 998
340 656
881 1389
183 184
75 93
467 617
162 1064
704 1347
343 847
12 1385
737 1115
1105 1282
1265 1271
234 760
363 416
511 1297
216 217
666 1091
133 219
358 566
1152 1250
618 642
745 746
304 366
285 316
508 1148
633 1179
249 250
868 1082
356 1050
283 1066
27 57
591 1182
190 609
872 1052
539 614
536 1246
554 1151
709 1174
407 1361
165 781
55 155
195 315
1189 1253
282 283
1120 1153
1081 1082
1261 1278
1113 1114
585 586
1304 1319
883 917
16 20
24 927
283 284
960 1057
657 1019
46 48
618 619
323 585
1162 1271
249 407
613 1178
106 587
165 673
229 1332
422 564
675 744
654 721
1207 1279
1168 1171
493 624
22 593
108 404
82 86
55 132
349 350
103 1112
525 692
157 674
640 642
440 1371
1360 1377
772 798
652 653
31 40
351 396
23 36
568 919
98 1033
1016 1158
1130 1180
94 96
233 669
751 1269
95 964
355 1040
238 375
107 709
1143 1235
563 660
674 1165
1363 1387
127 129
1175 1187
1207 1256
1246 1247
513 1333
851 983
271 408
430 432
552 1324
454 1018
633 1169
138 1047
601 808
933 1281
22 1015
160 162
1113 1248
1160 1180
191 415
306 365
260 1152
489 1161
758 1020
427 920
769 886
700 1344
1208 1256
709 755
548 572
44 481
813 992
41 67
514 516
1241 1253
1073 1297
1301 1304
44 1384
488 1052
212 214
260 779
784 785
456 574
571 1315
202 1332
875 1052
419 543
945 1147
435 1125
1334 1337
724 770
708 911
786 1239
145 834
515 516
667 730
1107 1331
406 609
945 1232
1219 1243
19 20
460 1340
850 851
805 1374
765 1301
322 323
548 549
157 664
447 1257
1379 1380
100 1033
1005 1139
964 1138
261 492
557 1128
1186 1187
53 54
394 1250
208 831
1012 1034
417 596
73 786
196 628
884 885
1144 1190
916 917
1103 1210
434 685
388 389
1146 1379
994 1102
1219 1220
763 860
377 379
306 993
576 625
949 950
198 673
431 1024
194 523
421 422
181 324
519 728
544 672
706 820
788 1298
989 1288
426 1211
982 1249
134 136
732 1137
1235 1349
454 455
88 1072
146 1013
152 153
442 746
411 413
828 961
969 1315
274 524
619 1345
349 438
1115 1140
847 1060
455 456
586 939
17 639
1234 1240
1161 1256
158 349
295 1221
707 820
543 1243
373 386
37 288
72 1212
1004 1043
442 602
1016 1017
664 1389
488 489
286 354
135 859
773 887
743 1124
186 187
218 219
149 385
502 1326
521 522
287 355
904 1077
219 220
770 997
214 1008
142 382
1130 1160
162 360
581 1067
127 1385
487 645
1034 1043
554 555
751 1249
33 66
543 1220
77 401
909 1277
466 1116
467 1081
889 1219
204 1345
174 599
8 387
807 1000
584 1108
555 556
15 17
587 588
406 576
59 60
285 286
495 999
1225 1253
142 503
415 890
81 227
41 191
620 621
75 678
879 881
698 806
1198 1272
30 32
458 479
351 353
790 952
923 924
170 1095
649 684
1130 1137
1362 1380
961 1036
621 622
43 874
653 654
543 1197
52 56
941 1386
139 698
956 957
908 1209
643 646
76 678
753 777
699 806
546 713
913 915
158 159
971 1085
828 1036
594 869
773 1286
177 846
681 794
687 688
783 1150
897 1172
68 530
212 1218
418 420
976 1056
537 1274
252 616
762 983
148 644
770 807
879 1388
120 1336
81 96
585 1027
753 754
446 603
45 259
838 978
649 1191
4 258
225 226
93 973
506 1142
756 1174
448 792
653 932
1181 1317
95 116
199 582
805 1295
107 1173
974 987
1282 1369
407 1285
504 809
891 1218
190 762
664 947
149 352
382 703
233 760
1034 1154
28 62
195 239
455 544
841 988
386 444
319 354
1247 1267
125 1163
291 292
324 1143
550 552
316 385
476 603
221 642
568 686
719 998
1061 1113
820 821
617 1136
132 155
360 1065
431 1354
42 118
1029 1080
22 23
241 1230
159 523
627 628
853 854
516 940
155 818
325 326
1104 1110
1062 1113
10 808
175 1141
660 661
886 887
919 921
206 1128
358 359
745 768
390 391
748 1039
968 1042
21 36
693 694
478 540
560 579
952 954
1240 1241
370 598
863 1254
280 1199
423 424
970 971
234 1348
766 1092
63 563
679 795
338 502
911 1038
341 656
715 717
48 1077
13 1385
892 1024
133 218
544 606
457 458
24 985
647 1113
312 714
188 190
1299 1304
554 1150
180 860
624 720
749 751
195 314
146 309
221 223
253 255
560 592
1240 1254
75 514
303 521
555 1151
1010 1057
942 1002
1335 1342
294 1375
1121 1153
685 1117
1107 1255
826 827
53 86
131 414
32 63
657 1018
1162 1270
249 406
84 1013
395 460
28 29
471 864
966 986
1039 1056
857 1079
557 558
165 937
956 1058
1090 1287
52 651
575 692
1007 1289
61 62
472 865
940 970
1059 1299
496 1222
86 155
892 893
365 473
396 955
142 810
243 447
525 691
1331 1349
175 578
590 591
392 1250
295 1168
94 95
623 1262
959 1068
129 876
32 40
656 658
490 1263
95 96
127 128
170 764
308 1143
96 964
196 673
906 1098
990 1177
430 431
329 528
1169 1179
760 1389
49 65
1255 1331
128 129
1176 1187
525 848
160 161
387 389
959 960
707 708
457 713
905 989
681 1101
205 614
193 523
161 162
603 1261
1114 1248
759 1020
1166 1258
586 683
464 465
697 816
1043 1044
1195 1321
194 195
1300 1374
419 542
543 1252
456 1018
443 936
635 1106
497 498
462 769
463 734
302 551
373 840
200 540
866 1118
1242 1289
347 559
946 1147
406 608
939 1108
1058 1059
715 1214
530 531
916 975
774 1120
551 1228
705 1286
805 1373
1109 1110
260 261
1268 1283
582 1215
1220 1243
98 348
265 1279
166 1157
457 546
150 395
1197 1259
201 477
507 812
13 655
261 491
1209 1233
934 1294
261 262
858 1384
293 294
664 1348
61 811
658 801
214 1053
196 627
664 881
24 26
426 1089
297 1353
235 1112
897 1348
545 780
591 896
169 529
62 403
629 630
76 975
1128 1137
1367 1382
373 444
24 147
183 549
90 92
124 1137
432 1024
134 135
137 698
757 1080
623 1229
1341 1366
535 1382
959 1035
1052 1263
143 512
230 517
112 116
452 1347
568 921
1016 1160
123 125
411 412
251 985
653 1108
800 898
135 1002
326 1244
724 759
689 1067
616 817
949 1106
747 748
1025 1101
690 1031
743 1123
488 1162
618 634
231 337
1204 1252
157 159
902 1296
970 1085
1308 1309
287 354
1007 1089
918 1011
444 746
788 1310
99 1057
16 156
486 1237
449 532
847 1216
762 763
761 947
707 976
490 1207
234 235
1282 1293
39 288
615 1238
1293 1302
525 527
528 1090
769 1153
247 1077
109 469
115 134
1176 1311
584 1107
267 268
793 872
34 66
1161 1268
1060 1365
1179 1316
958 1317
432 484
910 1277
828 829
826 1134
963 1139
364 1368
30 31
0 683
110 1372
63 65
720 1152
170 1094
711 1332
502 1338
1074 1155
758 1035
726 823
880 881
91 312
31 32
650 684
701 766
36 870
430 1026
59 216
374 1274
444 844
913 914
64 65
173 875
486 1335
56 61
594 868
1363 1379
495 517
1200 1352
754 777
434 507
158 194
217 280
1292 1355
594 1133
951 1062
418 419
606 1144
368 598
1054 1154
820 987
400 401
736 844
310 327
672 1354
163 165
264 1263
68 156
2 1114
184 862
994 996
80 130
433 434
785 1151
205 1330
9 601
131 361
158 315
510 1032
937 1099
303 553
763 983
431 1376
196 198
1029 1102
295 1223
121 1336
504 988
699 1047
927 1091
466 467
565 589
366 529
130 518
785 1007
352 445
564 630
848 1292
517 518
48 219
654 932
10 601
534 607
499 500
386 443
247 285
717 1217
640 1262
328 767
802 803
550 551
441 644
1200 1221
934 1071
0 938
791 793
4 5
971 989
109 436
1170 1198
816 1115
263 265
42 117
295 297
1382 1383
221 268
321 355
529 1287
37 38
1104 1109
26 666
480 873
8 389
184 731
299 452
368 1226
271 619
110 436
919 920
508 1120
153 743
855 935
815 862
822 987
847 931
176 1141
121 1205
502 1305
1195 1232
646 761
207 1128
952 953
935 1309
370 597
244 1275
687 1207
525 1145
362 364
413 824
479 769
488 1263
551 645
38 1063
957 1067
168 498
622 934
232 1157
875 1263
853 1095
393 473
1014 1049
544 605
174 843
137 138
830 1327
716 717
518 998
319 523
1134 1230
188 189
450 863
731 733
170 171
110 269
609 856
816 840
749 750
1022 1174
556 1375
221 222
203 204
207 732
96 227
452 908
494 496
379 695
663 1357
254 255
1067 1181
949 1076
236 237
451 540
803 842
574 1019
59 690
289 1295
1328 1338
631 1181
539 540
385 445
1086 1087
1118 1119
804 843
640 1229
754 1251
589 626
273 798
625 1366
354 643
0 2
472 864
348 1057
499 1226
914 1325
675 814
1329 1338
849 850
60 281
33 35
405 581
526 691
366 473
579 846
1024 1376
751 809
1184 1185
51 52
656 657
399 915
882 883
287 445
73 1239
354 355
74 975
906 1097
951 1248
197 371
683 939
411 480
1217 1218
1096 1337
561 913
760 1388
218 839
661 771
121 269
10 810
171 764
948 950
387 388
708 1377
702 1303
139 811
930 932
378 1322
476 582
23 865
159 646
1147 1195
37 391
187 973
360 1044
963 965
352 1040
723 724
52 519
692 1145
550 652
162 1065
1096 1314
664 674
78 922
788 969
363 417
35 57
98 900
1069 1217
686 921
200 539
572 1085
1015 1017
532 863
420 542
604 888
1145 1355
644 695
756 1022
468 735
954 1266
430 1346
1075 1147
992 1378
356 1051
259 481
208 924
716 1214
193 1091
465 549
124 256
281 499
186 905
670 1363
687 778
1081 1083
583 1215
757 1102
167 1157
854 1300
716 1070
98 1057
915 1316
431 1346
849 1105
995 1159
947 1348
821 1123
334 1005
1054 1065
812 894
181 682
1357 1368
362 1368
856 857
805 1300
738 1210
888 889
654 722
391 757
28 705
546 780
298 300
387 1281
990 1202
298 1203
1298 1318
58 59
667 1186
1027 1349
262 1366
1121 1276
353 730
393 394
331 333
265 1291
652 654
31 41
346 1136
91 92
144 1001
895 1049
1224 1225
914 1328
251 984
169 1094
266 618
147 252
526 694
20 68
384 839
107 710
206 832
124 125
1017 1160
60 369
801 898
135 1037
2 773
408 823
157 158
246 761
28 273
1168 1185
1228 1236
423 802
489 1162
181 780
1285 1361
29 274
427 921
1296 1370
301 553
374 537
1168 1221
268 1193
172 173
789 1310
752 754
7 600
450 532
433 1117
555 963
33 509
587 1175
90 1043
311 1011
368 499
252 696
471 1000
1054 1055
289 843
526 527
49 453
340 925
432 483
1265 1275
226 1318
990 1156
268 640
736 745
529 1090
980 1371
256 257
145 835
15 1134
794 1101
1087 1088
804 1294
1219 1244
511 663
559 560
597 852
498 693
481 1049
343 527
252 817
647 938
1194 1336
92 307
27 61
1120 1121
1066 1150
179 275
1271 1290
287 1040
30 66
964 1139
1371 1377
5 796
290 291
206 557
541 547
279 398
70 404
806 967
1186 1188
53 55
1245 1274
1 682
248 410
620 956
323 324
899 1274
702 766
5 423
418 1007
678 1046
248 904
626 627
68 70
428 462
739 1178
1187 1188
1025 1126
371 373
836 1110
159 194
691 692
152 972
830 1036
491 1341
101 103
1055 1154
166 498
580 632
994 995
90 359
528 1079
1110 1206
311 327
951 953
1017 1127
1155 1357
1194 1205
871 1189
111 1321
785 1006
1171 1221
564 629
984 986
748 975
1295 1373
296 1223
488 490
332 651
20 156
399 561
758 759
54 414
44 858
1116 1141
567 1048
939 1365
1061 1062
271 677
918 1013
388 933
791 792
314 718
481 895
263 264
981 1218
173 599
32 660
674 881
754 910
1201 1221
1094 1095
221 267
105 730
91 566
1228 1324
1034 1044
792 793
1345 1351
329 474
115 136
255 296
296 297
908 1233
242 326
1295 1350
660 839
752 1251
213 299
47 904
919 1099
1098 1330
665 688
930 1108
825 826
285 287
449 655
763 851
329 330
855 934
753 1066
436 1359
1194 1303
27 28
58 281
1086 1132
575 1145
858 859
594 1158
935 1308
1189 1224
191 890
362 363
852 1310
732 1128
291 748
1161 1162
333 336
1026 1346
1360 1371
447 1261
52 57
891 892
123 346
569 841
168 497
303 313
363 364
749 808
1142 1148
395 396
772 1286
107 258
1194 1195
946 1093
1226 1227
783 1066
11 141
799 894
698 699
958 1067
1004 1034
5 884
246 947
760 1348
1196 1204
428 429
1161 1283
681 795
1307 1337
687 689
380 538
731 732
1105 1122
957 958
996 1215
436 469
650 807
933 1275
982 988
140 556
248 1172
320 523
436 1372
1260 1261
50 519
547 1325
168 654
764 765
879 1389
319 643
338 693
1303 1344
495 496
867 1042
72 542
241 1254
541 612
1307 1314
193 194
246 286
798 799
1045 1048
428 442
701 866
301 487
528 529
497 1216
158 438
0 1
787 789
678 882
906 1155
648 1119
1359 1360
46 117
831 832
321 730
719 999
64 659
535 1364
470 1118
396 1169
820 822
33 34
751 988
944 1383
583 995
82 335
843 1071
864 865
399 1323
676 814
741 1023
594 595
34 35
853 855
66 67
1145 1292
441 1176
93 987
910 1246
652 722
487 1143
683 938
655 876
407 625
686 714
477 1098
272 437
99 100
986 1012
898 899
358 360
212 1209
930 931
804 855
511 1356
343 497
374 484
469 1359
1048 1072
1147 1194
944 1360
155 711
931 932
265 1071
172 843
963 964
1170 1177
1350 1373
203 1096
261 1366
727 873
128 1102
766 1093
38 391
60 967
392 394
964 965
353 1040
101 410
494 750
723 759
557 1364
948 1106
966 1154
1202 1251
450 1238
1015 1016
166 167
796 1237
470 807
1225 1234
457 459
647 1114
140 294
344 847
912 1039
231 561
199 200
1166 1184
665 753
605 888
1158 1180
534 1093
648 700
163 1037
745 1276
250 547
483 898
951 1381
224 1312
75 515
614 1238
491 493
1062 1248
1135 1318
326 542
688 778
1146 1327
569 1315
233 234
1092 1127
730 1040
1273 1288
822 1123
83 146
1075 1303
584 1331
378 817
1347 1353
727 742
298 299
14 540
990 1201
180 838
956 1059
589 628
1129 1130
1214 1354
500 928
739 1210
3 796
50 728
940 971
167 1313
1191 1370
1327 1380
299 300
112 294
331 332
937 1045
1299 1318
18 775
590 592
342 527
840 1149
853 1231
80 112
814 831
253 1352
1000 1021
526 693
307 1143
659 728
332 333
347 1136
637 789
1332 1351
190 249
145 1001
896 1049
994 1063
581 665
667 668
170 765
1073 1356
1033 1054
551 722
365 366
142 703
164 196
561 915
193 668
801 933
477 1330
136 1037
78 309
959 961
457 714
334 1138
689 957
29 273
729 764
701 702
1088 1111
765 1095
533 1383
431 432
1122 1369
249 541
752 753
109 1321
223 1306
1050 1084
83 1183
936 1099
606 1224
337 1328
234 1172
456 1019
544 574
434 1117
397 412
615 863
627 874
866 1119
600 740
179 189
130 562
50 453
841 982
101 1172
469 1339
228 230
235 1172
800 801
260 262
512 663
408 1329
114 882
771 1152
183 573
30 65
255 1352
140 382
558 1124
707 987
846 1182
113 136
833 834
305 306
31 66
854 1302
587 1187
3 4
1023 1080
679 1041
513 600
240 325
852 969
448 1257
70 1342
336 787
790 1286
588 1188
710 885
183 465
99 960
1251 1352
849 1192
573 1288
621 956
975 1039
1232 1339
12 583
68 69
474 528
390 1023
197 628
166 232
1158 1160
371 372
467 1163
693 1326
345 1137
280 928
667 1188
38 757
69 70
429 462
101 102
1202 1352
328 330
137 699
19 69
118 191
372 373
234 897
990 1289
253 910
61 331
330 376
951 952
102 103
112 562
182 886
229 818
771 1250
91 359
821 1367
795 1229
684 724
633 1316
803 824
984 985
1069 1209
135 136
168 1216
10 141
548 948
499 943
1116 1140
489 490
427 429
978 1206
1058 1315
956 1304
836 1122
471 472
1042 1227
669 865
1050 1051
517 1262
331 806
754 909
3 861
512 738
931 1216
621 1319
112 130
504 505
836 978
1316 1323
85 521
380 704
971 1288
943 1226
537 538
268 642
950 1085
330 474
9 10
373 844
828 830
331 698
277 727
932 1216
193 239
403 952
13 129
382 929
79 1157
58 280
146 918
503 810
570 571
869 1133
1285 1340
123 1163
257 1163
767 856
301 303
291 747
325 889
1020 1036
758 1036
173 791
876 1028
1050 1064
192 890
1150 1151
75 76
1190 1224
486 842
1193 1229
871 1178
634 1351
262 576
124 346
419 1197
591 635
381 676
515 905
1064 1084
647 1061
397 1295
79 231
309 922
156 414
109 110
321 667
138 811
263 1071
688 689
1186 1311
925 1190
98 100
691 694
152 974
797 861
1049 1076
153 381
17 786
236 1053
433 435
721 722
1360 1383
99 1084
621 1309
1016 1164
14 451
1017 1129
1222 1269
175 176
1228 1349
65 453
74 93
466 468
646 664
425 845
375 1024
735 1148
541 1285
736 737
1204 1220
1275 1280
179 1314
114 1068
499 501
787 788
247 286
9 494
638 845
1259 1272
169 366
178 860
438 1165
241 242
1082 1087
1268 1277
580 611
966 1055
574 1354
770 1000
870 1087
630 697
787 1318
456 544
1123 1124
127 1159
65 659
533 535
37 39
297 1347
742 1023
260 376
307 308
1081 1163
105 588
566 568
986 1011
171 304
925 1144
508 1121
610 611
153 744
997 1020
804 854
1189 1190
340 341
164 673
1359 1372
252 377
282 665
71 73
215 575
850 857
929 1150
687 1208
723 902
375 484
237 1008
188 249
64 671
887 1153
859 942
357 695
652 1107
920 921
403 811
607 1364
108 485
104 106
392 393
1171 1177
148 441
567 919
374 375
981 1053
393 474
953 954
468 1142
596 833
249 609
1009 1380
137 139
102 410
1344 1370
451 1238
518 999
140 293
64 563
205 539
1233 1353
912 1038
524 813
838 860
797 1237
550 722
458 459
1214 1376
392 779
542 1212
1252 1259
1184 1353
291 318
491 492
461 500
1322 1323
414 425
379 696
473 474
794 795
619 677
93 976
776 777
236 238
262 376
672 1214
506 507
378 587
356 977
388 1275
1093 1127
164 627
449 876
1086 1088
84 146
809 810
581 1181
576 608
589 627
602 746
1196 1219
83 1313
132 531
1356 1357
707 911
753 878
1388 1389
270 272
298 1008
837 877
1075 1194
501 928
25 441
849 851
475 906
44 45
19 775
591 592
276 437
677 1306
283 1150
941 970
74 976
926 927
909 1283
204 1351
783 878
247 904
1022 1080
64 782
1014 1076
697 1140
182 545
1198 1242
243 1278
702 1075
657 658
1062 1381
300 537
48 904
1200 1202
887 1120
108 861
963 1375
665 778
960 961
617 1116
369 636
533 1382
23 1131
977 1050
787 1298
228 517
445 1040
723 725
670 1387
780 1030
718 1055
919 1045
829 1380
282 753
144 145
1090 1192
416 1098
273 524
1328 1329
224 519
738 740
604 889
322 682
997 1000
756 1023
1277 1283
397 1350
350 1009
228 229
966 1012
402 790
1005 1089
210 211
458 462
896 1182
327 616
1073 1260
275 1100
1060 1061
1092 1093
245 1257
243 244
888 1214
735 1121
564 565
821 1124
552 1228
945 1339
231 913
898 1264
569 1317
84 522
852 968
591 1076
156 361
588 1187
743 832
1384 1386
597 598
680 1041
215 267
844 1149
595 1082
515 973
58 60
589 630
1377 1383
962 1104
840 1115
371 816
372 781
254 380
40 42
328 329
391 1023
25 1311
979 1193
214 981
346 1137
775 1134
1197 1272
914 1329
266 619
738 1103
20 69
119 191
784 990
364 367
302 721
1324 1349
281 369
794 1269
253 536
26 1311
240 1240
58 217
419 1242
1083 1142
482 773
427 428
272 1345
509 992
1258 1259
442 444
500 943
167 654
610 1340
119 577
120 1296
464 1106
536 1274
1059 1315
172 174
1206 1334
619 634
837 1122
903 1296
851 877
1155 1368
494 719
475 477
33 510
881 1165
793 1052
384 624
1049 1386
134 678
736 746
292 1035
796 797
511 1073
416 1330
509 1378
206 208
472 593
263 599
54 425
829 830
968 1025
774 894
868 1087
1087 1125
598 1226
301 302
92 308
27 62
278 727
736 1276
622 1291
1320 1333
12 199
451 655
461 928
834 1210
203 1078
290 292
586 1108
206 558
613 833
766 1075
323 1143
334 335
1301 1319
461 1193
454 925
395 610
381 675
138 954
620 957
293 562
895 896
224 728
5 424
473 529
41 118
6 389
871 1213
490 1256
425 638
336 789
705 772
101 248
1156 1202
1255 1324
368 369
853 935
1090 1293
98 99
21 1164
747 1039
599 875
113 115
580 633
190 856
1264 1265
131 132
532 1230
211 915
154 381
237 1053
279 412
434 435
871 1190
1221 1223
100 1084
659 782
337 502
164 165
889 1244
35 51
22 1164
995 996
255 1223
177 629
938 1365
467 468
731 923
230 641
1112 1172
313 1313
467 1142
1298 1299
1044 1154
421 846
197 198
548 950
291 916
1028 1029
201 205
305 671
1058 1317
180 1314
517 999
500 501
1205 1336
502 1328
685 812
631 841
520 1004
1197 1252
7 339
1190 1213
867 968
1206 1337
959 1051
533 534
650 1119
1312 1318
454 1144
251 327
615 1241
231 232
440 980
635 1076
794 1249
66 510
277 873
128 1159
255 1200
305 563
793 875
534 535
1127 1129
53 82
566 567
825 827
38 39
264 265
869 870
775 826
1128 1130
388 1320
567 568
27 29
403 954
718 966
690 1047
876 1174
1359 1371
144 1368
1292 1381
71 72
30 34
1038 1056
1189 1225
902 903
514 678
185 731
826 1173
161 1048
623 1222
632 633
829 1327
216 575
891 893
104 105
801 1265
141 810
749 809
220 316
430 800
345 347
285 445
226 1299
105 106
889 1234
995 1215
936 937
320 668
968 969
140 1375
1060 1381
524 992
666 667
711 818
138 139
134 514
89 97
496 750
602 768
512 1103
141 293
305 661
157 646
1252 1258
883 1046
849 1282
1197 1242
662 818
92 553
6 513
345 733
765 1319
1230 1239
22 866
16 414
732 733
1185 1353
1264 1268
463 465
1035 1036
193 195
226 1312
1232 1321
237 238
602 745
814 924
466 735
893 1217
40 218
379 587
926 985
217 1199
270 271
1337 1342
189 1100
91 714
271 272
299 1008
977 1072
264 1279
679 1229
676 815
1082 1125
407 541
645 1236
250 823
1 2
658 1026
677 1305
739 871
689 1279
24 251
516 942
380 1347
958 1058
304 305
955 1169
572 1288
301 645
197 816
1167 1168
776 1283
798 813
784 878
1078 1096
624 660
337 338
212 981
369 370
87 163
628 630
1200 1201
673 781
160 1050
819 872
97 356
665 777
1340 1361
429 686
187 515
402 403
185 734
1201 1202
793 819
225 1301
370 636
857 983
394 993
969 1310
477 582
152 822
42 133
899 1245
527 848
416 1097
34 49
1081 1142
26 1091
417 833
706 707
166 168
404 485
423 727
269 440
738 739
891 981
991 1068
325 1244
688 1067
1355 1381
334 426
1267 1268
21 869
117 577
585 682
199 201
531 711
739 740
1166 1185
92 520
186 676
201 1330
574 672
784 1156
19 1173
441 1311
483 899
772 773
403 790
1231 1287
916 1046
1016 1133
470 471
292 959
568 714
493 720
276 1100
317 723
463 1106
233 235
84 521
121 439
503 504
768 1153
658 1281
266 677
725 1191
7 8
