23 361
557 560
414 548
40 41
467 523
343 344
41 42
185 544
73 74
132 160
317 471
24 218
229 358
0 126
106 107
365 367
183 247
18 30
177 432
338 386
442 443
139 176
140 141
343 357
88 216
173 174
178 518
31 90
77 206
381 468
433 515
279 457
106 120
206 207
465 467
343 478
140 527
56 384
15 532
498 500
38 107
542 543
389 450
240 241
291 552
44 266
14 423
329 435
3 5
62 91
307 496
254 261
184 282
411 473
84 115
54 352
247 258
339 340
43 427
102 104
346 501
146 147
353 360
109 265
302 543
234 296
20 336
295 391
241 420
396 443
455 529
496 530
267 329
306 549
507 539
283 422
456 493
309 331
400 449
136 259
162 397
396 564
35 292
9 11
279 280
262 456
249 257
123 526
377 442
10 11
1 420
341 376
347 456
393 423
345 346
504 519
48 388
481 535
66 293
158 376
159 341
346 347
378 379
518 539
76 77
242 375
515 533
407 442
51 398
424 531
48 509
135 248
322 340
86 392
540 562
312 326
412 413
124 275
170 242
463 464
514 546
33 93
72 313
21 384
287 503
478 479
84 180
382 511
207 250
79 101
89 374
429 479
281 315
6 525
10 495
16 17
307 309
133 193
11 167
57 319
50 51
82 83
276 363
374 520
311 320
443 476
125 166
443 512
116 117
502 561
108 113
285 303
370 527
410 563
336 385
140 559
34 169
97 368
199 236
200 201
258 322
439 483
369 418
9 112
469 505
410 419
373 537
13 231
215 216
455 463
286 505
30 399
265 302
416 471
34 555
414 547
106 165
78 368
387 449
280 323
12 14
44 46
271 274
372 442
50 391
230 358
128 310
177 431
78 80
366 367
231 322
348 349
226 509
238 483
6 60
251 273
36 348
270 286
246 423
25 46
233 260
404 487
465 466
29 201
476 512
280 457
26 46
498 499
27 505
288 397
328 353
372 396
329 434
255 256
429 521
62 90
33 63
45 266
39 106
244 246
484 493
84 114
217 494
18 19
309 497
478 534
459 557
103 104
194 222
9 213
386 428
164 235
296 391
336 463
54 485
255 475
136 258
367 536
253 285
362 457
381 470
487 488
240 351
284 394
36 292
17 50
3 115
135 185
81 214
498 502
263 456
308 378
341 375
286 439
158 519
25 26
11 91
9 167
374 408
184 284
84 117
47 49
394 422
159 376
144 247
37 121
370 559
28 301
456 482
361 510
86 391
401 403
191 444
170 241
7 363
227 366
434 436
98 257
432 511
449 451
218 438
499 537
2 405
22 383
246 393
46 188
224 225
404 421
310 377
290 319
133 192
302 558
61 203
308 309
515 522
172 299
6 7
329 368
21 23
32 181
16 173
47 389
342 343
30 336
132 204
485 508
245 410
105 107
87 89
375 376
93 132
270 439
109 113
408 409
345 469
191 411
338 430
138 176
411 563
78 390
370 418
470 505
502 537
454 497
196 238
96 300
476 521
352 485
245 508
130 149
159 212
12 13
350 417
120 220
419 516
13 14
45 46
127 524
255 530
126 299
252 524
56 320
78 79
79 80
102 472
160 413
20 30
295 314
20 524
408 520
372 454
183 258
153 495
506 533
26 45
259 289
403 562
220 297
320 384
357 531
184 231
244 245
162 212
547 548
366 536
245 246
94 422
382 480
278 279
469 484
29 69
521 531
41 43
85 229
6 85
132 161
217 385
311 312
246 448
286 484
0 127
321 362
484 505
83 161
164 234
98 554
140 142
410 411
219 471
512 544
435 440
32 92
104 197
444 445
343 479
436 441
314 415
194 270
426 513
251 252
477 478
55 340
254 406
240 242
137 266
278 354
21 320
386 561
282 360
95 125
15 16
120 298
173 453
47 48
247 259
236 509
238 439
105 175
350 351
255 379
295 415
549 560
474 566
48 49
188 209
280 292
29 301
383 384
81 82
346 502
332 338
243 260
171 241
464 494
335 492
114 115
219 317
449 450
240 376
147 148
218 437
446 481
2 404
189 410
450 451
309 332
174 287
483 484
161 204
181 182
214 215
105 165
21 22
344 446
531 538
437 494
65 213
48 389
75 114
66 294
87 88
238 406
337 528
463 524
88 89
407 443
120 121
353 472
138 175
507 566
440 476
406 483
440 512
154 155
253 277
192 267
445 447
231 258
143 145
64 117
359 416
365 459
262 483
23 466
123 553
351 417
356 495
60 124
43 300
261 379
361 466
287 288
319 320
518 566
465 523
102 471
234 398
320 321
151 363
344 534
116 118
8 176
474 500
285 304
264 281
102 219
437 438
455 464
92 412
380 470
339 432
64 84
53 340
333 474
106 166
236 541
157 397
500 507
387 450
324 510
271 275
410 433
282 284
209 300
407 544
24 25
418 559
56 57
181 237
447 473
359 360
10 355
36 349
90 91
330 338
168 239
141 142
226 366
151 186
144 183
404 488
436 440
388 400
280 458
265 558
277 303
189 190
55 339
274 414
195 270
344 478
97 192
222 223
331 395
39 107
204 211
18 20
112 213
255 378
227 459
174 453
96 125
121 298
188 208
357 425
467 562
359 471
460 523
52 54
171 420
491 510
214 381
440 544
39 120
219 316
373 374
91 167
131 203
215 462
240 375
385 464
57 290
196 305
409 449
509 536
120 166
336 464
163 164
227 557
402 409
153 199
501 537
362 458
535 566
447 453
224 524
371 543
17 51
86 559
81 215
307 378
262 263
153 356
308 379
19 276
58 124
295 296
41 300
158 556
84 118
191 445
245 565
380 381
57 136
441 476
25 40
143 144
95 104
66 77
446 447
402 520
19 230
65 117
262 482
172 179
366 459
357 490
23 321
545 546
104 166
109 281
348 526
6 8
449 465
228 237
345 493
32 182
16 174
14 393
429 492
342 344
18 363
213 495
146 176
116 153
117 118
142 291
412 560
186 217
103 219
150 151
1 171
183 184
128 248
342 357
328 422
11 337
165 166
426 436
243 314
53 339
198 199
332 428
229 272
249 250
334 474
12 423
126 179
264 558
446 535
278 313
75 250
282 283
234 243
325 510
31 63
157 288
283 284
482 493
371 513
142 281
316 317
404 546
425 489
61 63
52 508
94 96
382 383
221 286
85 276
252 273
115 155
400 409
50 296
220 298
45 217
292 323
482 483
152 199
47 491
15 50
41 188
515 516
19 20
311 457
357 424
278 280
403 540
218 494
52 53
350 421
54 508
355 356
214 380
239 553
522 533
272 358
53 54
388 389
30 186
57 289
216 462
476 538
107 146
5 98
269 553
10 213
368 452
378 496
152 153
498 561
311 326
94 328
101 187
273 299
405 455
256 475
82 210
262 406
99 119
130 372
477 479
486 564
219 220
216 560
351 376
21 321
473 481
15 17
452 543
59 60
92 93
81 83
260 314
373 520
508 565
201 301
99 253
158 159
468 501
52 177
365 408
298 318
189 411
147 414
82 550
192 193
291 315
393 448
149 496
103 120
214 216
226 227
4 114
258 259
223 301
349 526
228 236
50 86
114 250
324 325
22 23
146 175
145 359
31 337
14 284
116 152
55 56
474 534
367 408
192 327
371 558
530 551
117 153
391 392
150 186
52 517
154 156
224 251
424 425
27 380
30 385
33 131
232 340
70 278
457 458
80 327
489 532
221 223
527 558
257 554
63 131
254 256
434 452
2 529
402 499
28 29
200 550
401 540
412 549
431 562
342 490
173 532
61 62
427 448
27 69
405 546
2 421
43 422
62 63
94 95
338 492
244 448
344 535
397 398
87 501
115 154
95 96
431 539
105 146
411 481
297 316
128 129
333 498
160 161
387 389
400 408
444 514
248 310
13 184
481 517
194 195
92 413
133 185
152 198
83 364
156 168
102 197
227 228
59 272
367 388
364 462
42 448
47 526
283 394
93 413
448 461
438 533
98 119
350 420
461 516
261 262
293 294
24 26
222 270
263 308
401 507
149 551
16 287
335 561
499 520
42 461
278 292
417 487
134 135
347 428
190 444
87 468
522 545
56 480
95 328
169 277
24 533
85 363
351 519
83 210
157 159
337 355
75 206
189 191
409 460
201 202
171 179
127 252
461 506
234 235
179 299
198 541
104 125
221 301
181 228
346 561
119 253
452 542
226 236
135 377
288 556
342 447
173 489
264 527
189 433
437 455
276 358
407 512
333 334
359 472
31 32
450 510
15 173
543 558
113 187
39 121
64 65
243 296
360 472
97 327
488 514
53 177
44 208
5 100
291 314
513 543
4 257
59 229
158 351
466 467
182 528
517 518
174 444
195 238
5 257
18 276
499 500
59 85
45 150
430 486
129 149
227 306
45 186
90 337
38 147
4 5
237 356
451 465
0 529
347 493
392 415
37 38
504 556
283 328
506 516
244 516
70 71
76 114
436 542
53 432
25 41
314 552
155 156
185 407
225 251
190 522
365 374
137 138
417 421
43 94
148 525
374 459
331 497
159 162
70 313
324 458
170 171
430 476
80 97
221 222
203 204
67 200
254 255
236 237
330 430
183 231
282 353
52 565
155 169
433 522
539 540
186 385
232 352
250 257
67 550
181 306
0 2
70 555
432 562
405 545
417 519
49 123
14 394
48 536
302 452
151 399
393 427
511 562
291 415
405 437
445 473
113 265
394 427
387 388
49 509
435 544
103 220
420 421
7 139
188 300
136 289
435 436
335 498
468 470
383 511
430 443
348 553
139 150
419 433
60 271
519 556
134 193
35 70
12 352
367 400
93 160
111 294
425 490
58 59
263 428
444 503
287 556
488 546
254 379
393 394
438 545
143 282
382 384
378 530
117 495
371 527
76 84
157 158
297 318
3 100
333 500
19 224
424 538
190 191
215 364
101 113
140 370
310 372
482 484
199 541
185 377
210 550
445 453
342 446
32 549
28 286
27 470
229 276
517 563
289 290
334 478
226 536
197 472
190 433
269 348
197 328
243 295
451 510
68 214
127 529
274 548
323 324
26 217
13 284
232 322
42 427
73 414
434 542
319 326
107 147
55 136
92 549
513 542
325 491
274 525
149 530
64 77
150 266
475 551
205 318
145 416
78 97
142 527
28 505
430 521
323 458
63 90
369 425
228 306
22 466
122 553
401 499
99 277
506 515
37 73
297 298
488 503
27 28
49 541
330 331
75 77
395 396
31 528
143 360
315 552
108 110
134 248
52 178
126 127
97 329
429 430
340 352
198 268
338 428
239 269
422 427
412 462
303 555
491 526
443 486
155 168
226 228
4 115
137 150
283 353
496 497
499 502
0 1
110 281
3 155
49 122
71 555
135 310
18 399
221 270
154 180
34 35
38 414
89 459
324 362
369 513
441 538
55 57
67 68
346 386
99 100
446 473
55 322
71 303
127 463
122 268
339 382
133 134
492 561
224 252
418 532
424 426
437 545
8 139
468 469
453 489
143 183
387 400
89 557
101 302
296 398
74 205
8 525
7 151
147 274
233 234
225 230
339 480
87 381
395 497
112 294
331 332
268 541
140 392
202 223
190 514
365 366
431 540
463 529
128 130
20 224
431 432
149 454
68 380
60 525
12 485
162 164
481 518
194 196
178 517
51 296
263 332
69 201
382 432
246 508
534 566
15 86
334 477
368 390
279 312
230 276
563 565
261 263
130 454
249 554
101 390
290 326
3 4
263 309
335 477
35 36
246 485
157 556
22 511
518 535
16 288
130 310
275 548
195 439
267 544
68 69
86 532
182 356
256 305
331 564
124 271
404 405
418 489
409 520
96 209
102 103
522 546
46 208
325 526
292 349
24 40
64 76
109 264
35 278
163 235
83 211
75 207
68 82
396 442
168 169
489 490
471 472
163 212
73 547
197 353
323 349
9 10
395 454
103 166
100 277
38 73
77 293
517 565
477 492
42 43
7 85
333 335
31 33
75 76
388 536
100 169
533 545
64 66
143 359
363 399
108 109
32 528
66 112
36 269
109 110
202 301
141 291
51 397
98 100
244 419
175 176
241 350
121 205
8 148
33 92
413 462
10 337
325 349
21 383
142 264
208 209
174 445
361 451
241 242
207 249
279 354
89 373
391 415
451 466
389 491
61 131
274 275
514 522
233 243
324 361
37 39
402 460
475 530
307 308
487 504
70 72
277 285
520 537
347 386
212 341
281 291
521 538
148 176
193 327
123 348
311 319
122 123
126 273
125 165
137 139
425 426
170 172
403 523
509 541
34 168
440 441
450 491
9 111
67 201
271 525
81 364
141 415
148 274
481 563
199 356
164 398
49 268
160 364
133 267
88 381
191 473
312 354
479 531
44 45
141 392
261 308
178 539
87 537
254 305
186 399
40 461
369 371
108 187
181 549
113 302
129 130
178 431
6 59
111 112
160 462
88 214
162 163
244 461
144 145
69 380
195 196
65 495
310 442
177 178
261 406
321 457
306 557
467 511
139 151
279 311
185 267
210 211
12 232
479 521
372 395
161 211
424 441
216 412
115 180
23 362
17 288
58 60
182 355
40 42
267 435
361 362
34 269
68 81
19 225
65 112
238 305
404 417
260 552
426 441
217 218
54 340
74 547
240 350
35 555
384 480
169 555
449 460
87 373
95 197
119 554
306 560
206 293
118 180
334 335
24 438
11 90
32 33
336 524
182 237
307 497
323 325
26 218
65 66
330 486
169 303
98 99
174 503
401 402
345 501
245 563
37 205
131 132
146 148
434 435
245 419
51 288
455 494
474 507
0 179
447 490
305 406
88 557
157 162
507 540
460 465
405 529
392 559
317 416
110 315
369 426
355 528
429 477
395 564
1 179
501 502
111 167
22 467
231 232
401 500
534 535
37 74
38 39
264 265
403 460
488 504
27 29
343 531
71 72
377 407
330 332
47 123
386 492
1 421
168 269
220 316
132 203
345 347
105 106
136 322
93 131
138 139
302 390
345 468
426 542
338 429
171 172
40 506
532 559
454 496
164 397
287 504
78 101
58 272
88 560
355 495
161 364
368 434
390 452
303 304
1 2
419 515
34 36
313 354
79 187
423 485
28 221
503 514
67 69
192 329
56 319
369 370
428 456
385 494
25 188
71 304
330 564
3 169
370 371
469 493
402 403
334 534
133 135
4 250
311 321
72 304
453 490
55 480
143 184
487 519
67 82
539 566
129 551
418 425
156 239
469 470
121 318
396 486
199 237
200 202
439 484
94 300
13 232
126 252
233 235
523 562
503 504
24 506
7 8
23 361
557 560
414 548
40 41
467 523
343 344
41 42
185 544
73 74
132 160
317 471
24 218
229 358
0 126
106 107
365 367
183 247
18 30
177 432
338 386
442 443
139 176
140 141
343 357
88 216
173 174
178 518
31 90
77 206
381 468
433 515
279 457
106 120
206 207
465 467
343 478
140 527
56 384
15 532
498 500
38 107
542 543
389 450
240 241
291 552
44 266
14 423
329 435
3 5
62 91
307 496
254 261
184 282
411 473
84 115
54 352
247 258
339 340
43 427
102 104
346 501
146 147
353 360
109 265
302 543
234 296
20 336
295 391
241 420
396 443
455 529
496 530
267 329
306 549
507 539
283 422
456 493
309 331
400 449
136 259
162 397
396 564
35 292
9 11
279 280
262 456
249 257
123 526
377 442
10 11
1 420
341 376
347 456
393 423
345 346
504 519
48 388
481 535
66 293
158 376
159 341
346 347
378 379
518 539
76 77
242 375
515 533
407 442
51 398
424 531
48 509
135 248
322 340
86 392
540 562
312 326
412 413
124 275
170 242
463 464
514 546
33 93
72 313
21 384
287 503
478 479
84 180
382 511
207 250
79 101
89 374
429 479
281 315
6 525
10 495
16 17
307 309
133 193
11 167
57 319
50 51
82 83
276 363
374 520
311 320
443 476
125 166
443 512
116 117
502 561
108 113
285 303
370 527
410 563
336 385
140 559
34 169
97 368
199 236
200 201
258 322
439 483
369 418
9 112
469 505
410 419
373 537
13 231
215 216
455 463
286 505
30 399
265 302
416 471
34 555
414 547
106 165
78 368
387 449
280 323
12 14
44 46
271 274
372 442
50 391
230 358
128 310
177 431
78 80
366 367
231 322
348 349
226 509
238 483
6 60
251 273
36 348
270 286
246 423
25 46
233 260
404 487
465 466
29 201
476 512
280 457
26 46
498 499
27 505
288 397
328 353
372 396
329 434
255 256
429 521
62 90
33 63
45 266
39 106
244 246
484 493
84 114
217 494
18 19
309 497
478 534
459 557
103 104
194 222
9 213
386 428
164 235
296 391
336 463
54 485
255 475
136 258
367 536
253 285
362 457
381 470
487 488
240 351
284 394
36 292
17 50
3 115
135 185
81 214
498 502
263 456
308 378
341 375
286 439
158 519
25 26
11 91
9 167
374 408
184 284
84 117
47 49
394 422
159 376
144 247
37 121
370 559
28 301
456 482
361 510
86 391
401 403
191 444
170 241
7 363
227 366
434 436
98 257
432 511
449 451
218 438
499 537
2 405
22 383
246 393
46 188
224 225
404 421
310 377
290 319
133 192
302 558
61 203
308 309
515 522
172 299
6 7
329 368
21 23
32 181
16 173
47 389
342 343
30 336
132 204
485 508
245 410
105 107
87 89
375 376
93 132
270 439
109 113
408 409
345 469
191 411
338 430
138 176
411 563
78 390
370 418
470 505
502 537
454 497
196 238
96 300
476 521
352 485
245 508
130 149
159 212
12 13
350 417
120 220
419 516
13 14
45 46
127 524
255 530
126 299
252 524
56 320
78 79
79 80
102 472
160 413
20 30
295 314
20 524
408 520
372 454
183 258
153 495
506 533
26 45
259 289
403 562
220 297
320 384
357 531
184 231
244 245
162 212
547 548
366 536
245 246
94 422
382 480
278 279
469 484
29 69
521 531
41 43
85 229
6 85
132 161
217 385
311 312
246 448
286 484
0 127
321 362
484 505
83 161
164 234
98 554
140 142
410 411
219 471
512 544
435 440
32 92
104 197
444 445
343 479
436 441
314 415
194 270
426 513
251 252
477 478
55 340
254 406
240 242
137 266
278 354
21 320
386 561
282 360
95 125
15 16
120 298
173 453
47 48
247 259
236 509
238 439
105 175
350 351
255 379
295 415
549 560
474 566
48 49
188 209
280 292
29 301
383 384
81 82
346 502
332 338
243 260
171 241
464 494
335 492
114 115
219 317
449 450
240 376
147 148
218 437
446 481
2 404
189 410
450 451
309 332
174 287
483 484
161 204
181 182
214 215
105 165
21 22
344 446
531 538
437 494
65 213
48 389
75 114
66 294
87 88
238 406
337 528
463 524
88 89
407 443
120 121
353 472
138 175
507 566
440 476
406 483
440 512
154 155
253 277
192 267
445 447
231 258
143 145
64 117
359 416
365 459
262 483
23 466
123 553
351 417
356 495
60 124
43 300
261 379
361 466
287 288
319 320
518 566
465 523
102 471
234 398
320 321
151 363
344 534
116 118
8 176
474 500
285 304
264 281
102 219
437 438
455 464
92 412
380 470
339 432
64 84
53 340
333 474
106 166
236 541
157 397
500 507
387 450
324 510
271 275
410 433
282 284
209 300
407 544
24 25
418 559
56 57
181 237
447 473
359 360
10 355
36 349
90 91
330 338
168 239
141 142
226 366
151 186
144 183
404 488
436 440
388 400
280 458
265 558
277 303
189 190
55 339
274 414
195 270
344 478
97 192
222 223
331 395
39 107
204 211
18 20
112 213
255 378
227 459
174 453
96 125
121 298
188 208
357 425
467 562
359 471
460 523
52 54
171 420
491 510
214 381
440 544
39 120
219 316
373 374
91 167
131 203
215 462
240 375
385 464
57 290
196 305
409 449
509 536
120 166
336 464
163 164
227 557
402 409
153 199
501 537
362 458
535 566
447 453
224 524
371 543
17 51
86 559
81 215
307 378
262 263
153 356
308 379
19 276
58 124
295 296
41 300
158 556
84 118
191 445
245 565
380 381
57 136
441 476
25 40
143 144
95 104
66 77
446 447
402 520
19 230
65 117
262 482
172 179
366 459
357 490
23 321
545 546
104 166
109 281
348 526
6 8
449 465
228 237
345 493
32 182
16 174
14 393
429 492
342 344
18 363
213 495
146 176
116 153
117 118
142 291
412 560
186 217
103 219
150 151
1 171
183 184
128 248
342 357
328 422
11 337
165 166
426 436
243 314
53 339
198 199
332 428
229 272
249 250
334 474
12 423
126 179
264 558
446 535
278 313
75 250
282 283
234 243
325 510
31 63
157 288
283 284
482 493
371 513
142 281
316 317
404 546
425 489
61 63
52 508
94 96
382 383
221 286
85 276
252 273
115 155
400 409
50 296
220 298
45 217
292 323
482 483
152 199
47 491
15 50
41 188
515 516
19 20
311 457
357 424
278 280
403 540
218 494
52 53
350 421
54 508
355 356
214 380
239 553
522 533
272 358
53 54
388 389
30 186
57 289
216 462
476 538
107 146
5 98
269 553
10 213
368 452
378 496
152 153
498 561
311 326
94 328
101 187
273 299
405 455
256 475
82 210
262 406
99 119
130 372
477 479
486 564
219 220
216 560
351 376
21 321
473 481
15 17
452 543
59 60
92 93
81 83
260 314
373 520
508 565
201 301
99 253
158 159
468 501
52 177
365 408
298 318
189 411
147 414
82 550
192 193
291 315
393 448
149 496
103 120
214 216
226 227
4 114
258 259
223 301
349 526
228 236
50 86
114 250
324 325
22 23
146 175
145 359
31 337
14 284
116 152
55 56
474 534
367 408
192 327
371 558
530 551
117 153
391 392
150 186
52 517
154 156
224 251
424 425
27 380
30 385
33 131
232 340
70 278
457 458
80 327
489 532
221 223
527 558
257 554
63 131
254 256
434 452
2 529
402 499
28 29
200 550
401 540
412 549
431 562
342 490
173 532
61 62
427 448
27 69
405 546
2 421
43 422
62 63
94 95
338 492
244 448
344 535
397 398
87 501
115 154
95 96
431 539
105 146
411 481
297 316
128 129
333 498
160 161
387 389
400 408
444 514
248 310
13 184
481 517
194 195
92 413
133 185
152 198
83 364
156 168
102 197
227 228
59 272
367 388
364 462
42 448
47 526
283 394
93 413
448 461
438 533
98 119
350 420
461 516
261 262
293 294
24 26
222 270
263 308
401 507
149 551
16 287
335 561
499 520
42 461
278 292
417 487
134 135
347 428
190 444
87 468
522 545
56 480
95 328
169 277
24 533
85 363
351 519
83 210
157 159
337 355
75 206
189 191
409 460
201 202
171 179
127 252
461 506
234 235
179 299
198 541
104 125
221 301
181 228
346 561
119 253
452 542
226 236
135 377
288 556
342 447
173 489
264 527
189 433
437 455
276 358
407 512
333 334
359 472
31 32
450 510
15 173
543 558
113 187
39 121
64 65
243 296
360 472
97 327
488 514
53 177
44 208
5 100
291 314
513 543
4 257
59 229
158 351
466 467
182 528
517 518
174 444
195 238
5 257
18 276
499 500
59 85
45 150
430 486
129 149
227 306
45 186
90 337
38 147
4 5
237 356
451 465
0 529
347 493
392 415
37 38
504 556
283 328
506 516
244 516
70 71
76 114
436 542
53 432
25 41
314 552
155 156
185 407
225 251
190 522
365 374
137 138
417 421
43 94
148 525
374 459
331 497
159 162
70 313
324 458
170 171
430 476
80 97
221 222
203 204
67 200
254 255
236 237
330 430
183 231
282 353
52 565
155 169
433 522
539 540
186 385
232 352
250 257
67 550
181 306
0 2
70 555
432 562
405 545
417 519
49 123
14 394
48 536
302 452
151 399
393 427
511 562
291 415
405 437
445 473
113 265
394 427
387 388
49 509
435 544
103 220
420 421
7 139
188 300
136 289
435 436
335 498
468 470
383 511
430 443
348 553
139 150
419 433
60 271
519 556
134 193
35 70
12 352
367 400
93 160
111 294
425 490
58 59
263 428
444 503
287 556
488 546
254 379
393 394
438 545
143 282
382 384
378 530
117 495
371 527
76 84
157 158
297 318
3 100
333 500
19 224
424 538
190 191
215 364
101 113
140 370
310 372
482 484
199 541
185 377
210 550
445 453
342 446
32 549
28 286
27 470
229 276
517 563
289 290
334 478
226 536
197 472
190 433
269 348
197 328
243 295
451 510
68 214
127 529
274 548
323 324
26 217
13 284
232 322
42 427
73 414
434 542
319 326
107 147
55 136
92 549
513 542
325 491
274 525
149 530
64 77
150 266
475 551
205 318
145 416
78 97
142 527
28 505
430 521
323 458
63 90
369 425
228 306
22 466
122 553
401 499
99 277
506 515
37 73
297 298
488 503
27 28
49 541
330 331
75 77
395 396
31 528
143 360
315 552
108 110
134 248
52 178
126 127
97 329
429 430
340 352
198 268
338 428
239 269
422 427
412 462
303 555
491 526
443 486
155 168
226 228
4 115
137 150
283 353
496 497
499 502
0 1
110 281
3 155
49 122
71 555
135 310
18 399
221 270
154 180
34 35
38 414
89 459
324 362
369 513
441 538
55 57
67 68
346 386
99 100
446 473
55 322
71 303
127 463
122 268
339 382
133 134
492 561
224 252
418 532
424 426
437 545
8 139
468 469
453 489
143 183
387 400
89 557
101 302
296 398
74 205
8 525
7 151
147 274
233 234
225 230
339 480
87 381
395 497
112 294
331 332
268 541
140 392
202 223
190 514
365 366
431 540
463 529
128 130
20 224
431 432
149 454
68 380
60 525
12 485
162 164
481 518
194 196
178 517
51 296
263 332
69 201
382 432
246 508
534 566
15 86
334 477
368 390
279 312
230 276
563 565
261 263
130 454
249 554
101 390
290 326
3 4
263 309
335 477
35 36
246 485
157 556
22 511
518 535
16 288
130 310
275 548
195 439
267 544
68 69
86 532
182 356
256 305
331 564
124 271
404 405
418 489
409 520
96 209
102 103
522 546
46 208
325 526
292 349
24 40
64 76
109 264
35 278
163 235
83 211
75 207
68 82
396 442
168 169
489 490
471 472
163 212
73 547
197 353
323 349
9 10
395 454
103 166
100 277
38 73
77 293
517 565
477 492
42 43
7 85
333 335
31 33
75 76
388 536
100 169
533 545
64 66
143 359
363 399
108 109
32 528
66 112
36 269
109 110
202 301
141 291
51 397
98 100
244 419
175 176
241 350
121 205
8 148
33 92
413 462
10 337
325 349
21 383
142 264
208 209
174 445
361 451
241 242
207 249
279 354
89 373
391 415
451 466
389 491
61 131
274 275
514 522
233 243
324 361
37 39
402 460
475 530
307 308
487 504
70 72
277 285
520 537
347 386
212 341
281 291
521 538
148 176
193 327
123 348
311 319
122 123
126 273
125 165
137 139
425 426
170 172
403 523
509 541
34 168
440 441
450 491
9 111
67 201
271 525
81 364
141 415
148 274
481 563
199 356
164 398
49 268
160 364
133 267
88 381
191 473
312 354
479 531
44 45
141 392
261 308
178 539
87 537
254 305
186 399
40 461
369 371
108 187
181 549
113 302
129 130
178 431
6 59
111 112
160 462
88 214
162 163
244 461
144 145
69 380
195 196
65 495
310 442
177 178
261 406
321 457
306 557
467 511
139 151
279 311
185 267
210 211
12 232
479 521
372 395
161 211
424 441
216 412
115 180
23 362
17 288
58 60
182 355
40 42
267 435
361 362
34 269
68 81
19 225
65 112
238 305
404 417
260 552
426 441
217 218
54 340
74 547
240 350
35 555
384 480
169 555
449 460
87 373
95 197
119 554
306 560
206 293
118 180
334 335
24 438
11 90
32 33
336 524
182 237
307 497
323 325
26 218
65 66
330 486
169 303
98 99
174 503
401 402
345 501
245 563
37 205
131 132
146 148
434 435
245 419
51 288
455 494
474 507
0 179
447 490
305 406
88 557
157 162
507 540
460 465
405 529
392 559
317 416
110 315
369 426
355 528
429 477
395 564
1 179
501 502
111 167
22 467
231 232
401 500
534 535
37 74
38 39
264 265
403 460
488 504
27 29
343 531
71 72
377 407
330 332
47 123
386 492
1 421
168 269
220 316
132 203
345 347
105 106
136 322
93 131
138 139
302 390
345 468
426 542
338 429
171 172
40 506
532 559
454 496
164 397
287 504
78 101
58 272
88 560
355 495
161 364
368 434
390 452
303 304
1 2
419 515
34 36
313 354
79 187
423 485
28 221
503 514
67 69
192 329
56 319
369 370
428 456
385 494
25 188
71 304
330 564
3 169
370 371
469 493
402 403
334 534
133 135
4 250
311 321
72 304
453 490
55 480
143 184
487 519
67 82
539 566
129 551
418 425
156 239
469 470
121 318
396 486
199 237
200 202
439 484
94 300
13 232
126 252
233 235
523 562
503 504
24 506
7 8
