413 467
827 830
804 846
229 237
536 537
428 446
253 594
139 572
602 748
394 453
117 819
365 655
159 178
299 301
10 198
536 802
745 796
757 850
41 42
73 74
599 678
758 851
208 793
270 359
408 738
376 377
106 107
345 389
189 550
564 842
335 753
187 626
422 758
103 138
763 822
351 734
296 798
665 744
181 551
321 482
140 141
39 238
519 546
291 310
431 433
343 357
443 444
71 801
822 849
0 103
154 161
173 174
312 369
131 586
24 231
364 379
388 773
429 545
183 224
32 729
468 738
509 510
79 517
393 564
207 208
224 606
319 349
239 240
427 440
377 848
730 743
542 543
221 228
331 359
3 5
575 576
574 760
334 370
413 663
326 366
553 557
338 340
327 739
608 609
127 156
19 214
327 330
306 307
310 686
30 223
69 480
283 818
629 668
609 610
69 71
386 681
339 340
343 576
41 274
102 104
62 68
642 643
674 675
588 672
59 408
613 845
63 378
160 719
675 676
97 519
179 180
497 526
157 161
434 735
168 170
97 555
180 181
465 722
279 303
578 599
77 317
396 479
602 813
802 838
71 768
409 763
246 247
405 420
261 784
550 658
114 585
503 546
9 11
371 772
190 760
279 280
378 402
86 788
172 562
268 270
514 677
527 530
312 313
57 352
263 686
10 11
469 525
668 771
709 772
59 398
176 574
43 44
60 362
354 580
264 686
659 807
194 707
76 77
548 710
335 337
337 792
87 617
113 755
340 797
412 413
617 702
244 685
69 424
124 131
429 587
688 847
258 705
466 505
541 648
478 479
49 302
92 529
10 639
458 506
548 808
151 843
274 276
712 767
208 596
16 17
382 632
636 777
75 597
226 241
69 437
38 41
577 578
296 565
363 655
49 50
256 263
628 809
307 345
244 783
499 515
197 213
50 51
148 586
82 83
510 530
341 343
239 295
255 685
211 233
603 608
220 727
43 240
115 116
515 644
324 784
210 762
312 401
72 74
695 696
89 508
61 675
40 243
427 652
192 606
440 442
297 399
182 183
381 392
152 569
24 649
506 652
801 835
567 668
761 762
312 378
485 486
104 120
25 730
215 216
205 697
7 187
107 274
286 505
97 489
93 110
518 519
330 468
365 654
406 426
248 743
537 617
348 601
140 572
281 282
386 484
12 14
618 727
758 850
315 689
314 315
494 511
514 526
331 633
133 160
472 529
209 793
383 451
92 653
754 772
552 637
639 642
78 80
366 367
173 726
119 755
1 125
321 481
666 744
304 657
329 830
111 113
291 309
399 400
702 703
432 433
384 393
349 435
162 200
185 592
272 597
0 138
52 328
680 800
313 369
246 279
365 379
87 780
465 466
610 821
11 641
247 280
120 584
736 816
789 828
151 571
433 635
140 153
150 612
331 358
281 766
215 592
255 256
834 835
73 773
629 811
236 242
408 763
13 728
288 289
84 788
246 292
18 19
585 661
8 11
228 243
24 593
20 214
31 223
314 691
598 599
62 67
613 844
613 615
584 817
489 814
664 666
286 714
103 104
614 845
234 295
431 723
85 86
174 658
210 611
578 598
690 839
214 730
396 478
729 767
248 314
65 378
383 804
380 390
478 547
151 152
619 635
262 743
623 785
344 696
217 592
74 463
202 203
173 176
143 562
82 403
487 488
235 236
713 800
350 748
116 581
378 401
250 252
304 372
520 521
188 197
427 442
647 711
257 705
344 444
442 458
91 529
182 647
281 769
571 837
596 781
284 286
176 573
271 316
604 605
27 593
3 7
341 411
302 303
104 584
335 336
279 292
295 645
638 639
440 654
632 824
280 293
285 600
62 708
21 527
615 771
328 827
41 276
333 384
434 436
493 522
37 242
692 731
416 418
179 591
482 512
22 527
48 665
645 655
321 680
167 622
128 136
467 505
532 714
10 638
191 192
289 727
651 671
309 333
234 239
399 635
58 342
410 464
102 119
175 189
194 202
155 625
463 512
276 277
235 239
567 569
593 707
498 698
160 590
356 385
21 23
309 310
341 342
70 373
39 40
49 350
101 131
342 343
72 73
212 233
160 711
105 107
153 672
568 771
795 813
165 646
108 112
87 89
375 376
346 578
210 797
500 636
336 384
266 734
501 637
408 409
640 795
488 518
404 555
265 360
750 783
418 459
662 819
489 519
381 391
441 442
600 615
298 393
219 249
63 347
270 331
104 119
328 830
461 765
320 826
274 301
334 352
210 774
85 285
9 641
714 722
307 743
330 467
503 538
12 566
272 642
64 347
464 812
126 142
51 377
325 388
458 652
54 828
630 844
318 349
609 821
75 213
456 462
201 209
460 698
632 804
540 541
12 13
271 273
469 517
414 438
465 812
573 574
712 769
432 635
13 14
252 259
571 650
629 771
244 255
844 845
162 222
694 720
332 633
318 735
539 554
75 599
46 47
738 763
78 79
245 256
528 544
79 80
55 360
241 258
529 545
414 415
513 537
284 714
563 803
201 716
115 118
349 434
426 654
145 146
40 618
36 239
137 142
591 641
250 693
740 849
247 279
95 819
603 731
502 648
469 471
606 742
679 726
699 704
200 203
536 826
211 212
310 334
294 655
709 754
152 571
514 515
181 189
190 683
397 604
579 644
261 743
218 781
734 783
547 548
193 199
413 468
189 574
245 246
96 532
630 811
277 278
416 473
229 238
173 715
428 447
44 601
452 804
171 562
685 783
382 745
536 803
550 558
569 571
581 582
130 646
613 614
315 691
311 312
402 430
522 761
543 555
614 615
834 847
163 679
122 790
56 58
344 345
28 225
395 427
474 720
288 301
192 742
756 784
15 26
78 720
419 604
432 723
91 430
38 275
139 586
428 460
71 717
337 836
439 475
443 445
253 693
407 751
669 671
331 383
490 785
522 774
46 665
258 664
174 176
50 635
746 747
346 368
325 345
8 638
444 445
417 428
468 739
207 209
486 527
198 240
191 201
42 258
477 478
450 461
442 457
542 544
707 760
284 285
3 6
166 558
734 750
121 672
496 698
143 165
342 411
15 16
47 48
247 259
546 555
318 319
629 669
509 524
340 566
689 720
39 229
511 713
289 749
351 352
99 625
441 654
41 275
81 82
231 664
596 793
416 417
475 503
480 847
114 115
334 384
409 823
537 563
417 418
591 683
88 508
502 605
548 721
128 135
527 698
147 148
385 465
64 379
60 674
296 393
207 693
253 660
558 658
592 656
115 582
289 618
96 489
121 662
476 481
715 726
23 355
446 458
158 171
300 749
535 652
186 647
21 22
23 620
50 723
781 793
161 590
437 494
582 583
481 680
841 843
583 584
43 45
112 819
51 723
275 288
541 587
87 88
598 712
397 430
166 646
266 733
88 89
694 765
501 636
248 306
199 679
489 518
121 122
266 360
600 614
750 818
154 155
319 451
533 560
733 734
275 301
127 137
187 188
599 770
806 840
56 342
264 291
80 470
260 666
609 820
220 221
631 844
187 718
288 621
389 444
366 689
253 254
492 765
209 742
484 681
131 148
320 838
327 468
526 534
357 576
497 507
744 756
114 589
49 51
256 264
415 437
227 237
695 720
287 288
149 174
821 832
413 778
548 557
320 321
540 553
560 568
39 42
603 609
18 593
274 290
532 814
293 303
740 763
544 559
69 415
483 549
307 323
386 387
665 705
61 676
138 142
395 472
437 438
361 708
427 653
419 420
659 667
21 496
403 561
150 152
370 384
182 184
5 551
341 357
700 704
304 704
692 700
421 731
295 326
215 217
502 539
85 516
93 111
283 766
12 797
216 218
219 781
788 789
380 735
212 742
459 470
190 574
7 718
45 601
281 283
10 643
25 214
386 485
149 658
133 161
311 347
24 25
56 57
146 625
395 426
44 348
277 699
640 751
639 643
329 746
444 696
188 627
287 749
360 733
428 459
636 637
520 542
278 700
399 810
679 715
4 168
650 837
90 91
461 492
112 115
123 124
261 323
500 605
426 427
174 175
405 453
145 148
21 607
375 839
156 157
374 645
28 237
506 535
459 460
738 778
598 767
798 829
357 412
14 567
495 791
418 428
42 257
189 190
449 495
536 563
66 385
528 559
492 493
491 677
192 201
169 626
260 744
650 670
543 544
289 807
105 318
16 240
435 452
84 789
533 615
18 20
602 751
205 786
35 783
362 769
439 464
63 64
55 352
275 621
510 524
601 642
100 131
17 591
52 54
309 619
7 168
431 724
233 251
336 752
409 822
26 37
291 686
365 406
438 476
335 792
339 762
421 423
98 556
197 678
39 241
380 391
163 164
343 360
254 660
102 562
724 725
322 831
196 197
790 819
0 142
487 489
124 586
116 582
446 457
158 170
757 758
250 253
207 211
218 220
350 376
73 476
13 611
45 643
588 662
82 561
3 8
281 361
341 412
313 579
83 791
146 173
225 237
557 710
397 429
352 686
155 178
35 750
285 516
347 348
279 293
262 649
220 243
324 709
632 825
380 381
236 367
110 111
18 144
231 666
692 732
474 689
53 516
627 639
424 688
446 447
610 815
796 825
124 661
448 492
512 513
188 718
504 509
597 737
751 795
166 550
135 562
397 419
497 506
803 841
276 278
451 804
6 8
631 771
538 543
414 773
47 305
386 674
228 237
627 737
278 732
379 406
76 597
391 609
579 580
611 612
202 593
153 588
169 187
376 602
84 85
569 651
15 214
375 377
490 623
344 389
268 659
80 459
117 118
287 300
300 319
640 796
396 472
257 277
150 151
308 359
97 404
270 332
608 736
183 184
674 681
154 157
165 166
422 731
213 737
135 143
216 217
12 567
493 791
385 663
64 348
150 537
325 389
424 511
249 659
766 769
26 730
336 398
206 697
594 693
456 463
232 606
388 445
300 332
439 676
460 470
8 718
758 801
418 473
182 196
41 257
282 283
387 485
280 359
637 776
585 586
68 439
513 826
164 592
445 462
46 48
33 783
295 374
9 17
316 317
515 526
485 620
6 11
4 167
278 290
31 678
200 227
652 653
477 764
638 718
469 531
141 586
382 383
5 167
58 408
22 485
36 240
617 780
46 699
37 730
506 534
96 556
603 732
448 449
423 801
366 416
699 705
48 744
497 607
182 186
481 482
502 541
741 823
547 549
193 200
245 247
37 743
594 660
447 498
19 20
186 197
831 838
850 851
55 351
92 535
548 549
581 583
52 53
311 313
454 478
533 771
801 851
53 54
56 59
28 226
119 673
503 519
107 290
388 389
26 36
234 367
421 422
520 544
4 170
472 653
119 120
94 701
259 280
626 711
111 790
339 797
422 423
454 455
324 754
112 117
123 126
411 413
388 775
461 759
761 791
58 411
124 585
706 712
103 562
457 645
267 750
656 711
32 767
488 489
423 768
390 820
186 187
218 219
14 569
130 143
477 479
540 764
99 155
512 702
35 628
219 220
121 588
491 499
74 476
543 546
118 662
305 754
373 772
336 741
252 253
464 518
121 673
463 702
349 451
15 17
155 177
215 716
285 286
317 355
528 538
588 589
714 814
306 345
75 678
558 646
30 32
291 302
477 721
369 401
448 694
441 655
81 83
221 243
567 651
325 709
125 126
292 303
311 316
203 225
475 504
53 286
114 116
627 638
654 655
424 687
323 784
484 509
509 682
28 229
147 558
664 705
374 457
687 688
147 149
385 466
425 688
88 774
60 675
146 715
299 319
249 727
501 539
44 294
84 516
217 222
369 499
484 486
476 482
786 787
95 790
88 522
52 828
414 772
47 304
535 653
480 717
177 679
600 782
338 404
379 405
251 256
291 292
160 626
450 694
48 305
441 645
820 821
313 316
324 325
569 650
22 23
53 505
782 794
78 449
581 661
62 361
263 351
55 56
276 290
287 299
358 359
390 391
429 648
509 528
340 570
257 276
248 307
308 358
391 392
356 663
74 456
110 113
542 561
154 156
98 404
424 425
675 681
748 751
293 350
71 423
271 597
457 458
264 292
80 471
106 380
540 721
2 817
139 148
215 781
398 408
375 690
421 657
388 709
389 445
273 642
136 673
472 479
464 475
523 524
385 410
72 773
28 29
235 242
415 438
447 507
753 842
287 289
61 62
406 654
508 522
607 644
320 322
90 534
384 752
376 748
750 809
141 585
32 678
614 805
94 95
571 843
583 817
623 624
470 531
302 309
326 374
371 754
479 616
128 129
160 161
31 196
57 334
267 818
716 793
113 122
477 547
94 108
587 764
154 159
194 195
721 764
453 455
37 248
497 498
421 768
323 345
81 403
85 782
27 203
227 228
378 397
186 196
530 531
238 243
266 750
595 660
152 728
191 656
260 261
48 756
435 787
370 398
134 158
261 262
481 494
552 554
201 742
463 482
503 518
294 295
351 686
277 700
618 621
164 185
57 59
629 630
29 226
327 328
130 165
90 92
34 606
294 645
33 232
59 370
540 557
681 682
123 125
411 412
355 368
454 490
52 330
405 634
145 149
824 846
40 621
36 242
462 759
21 644
348 364
391 820
99 154
98 338
268 749
541 764
234 235
387 706
493 495
692 704
211 251
590 656
795 796
193 202
337 741
443 759
137 158
317 354
763 849
6 641
229 241
265 343
306 344
259 269
30 31
63 65
510 525
601 643
333 334
31 32
292 302
7 169
64 65
557 721
382 640
509 681
636 785
408 778
495 517
506 526
20 144
326 416
338 570
835 851
2 584
97 98
40 238
151 563
148 149
680 684
299 318
451 452
172 622
324 756
484 485
242 314
466 467
483 785
52 827
66 353
219 595
520 523
207 212
486 530
338 403
545 616
178 185
122 662
739 747
251 255
218 221
468 778
802 803
550 551
13 612
816 850
520 559
98 570
532 533
150 617
4 5
222 227
362 387
443 461
462 703
207 742
151 841
305 756
552 776
78 448
109 701
244 251
249 595
296 298
476 494
79 449
640 745
114 141
18 24
51 350
23 368
70 71
269 280
265 575
285 782
600 794
19 25
411 778
446 507
650 651
581 817
747 849
9 591
105 299
512 537
491 514
543 561
782 806
114 118
76 271
137 138
624 634
673 755
139 147
625 715
170 171
213 627
14 152
98 560
221 222
280 308
216 781
136 672
322 799
184 191
16 198
101 156
166 551
466 663
204 434
424 437
523 559
487 722
815 816
90 677
539 540
150 728
247 252
108 582
538 544
164 217
269 270
517 521
267 575
228 238
0 2
298 333
215 793
498 507
450 696
147 658
153 589
33 35
321 322
77 599
366 473
129 646
456 775
616 764
293 748
355 580
84 86
529 616
594 596
261 307
565 798
501 554
66 68
354 355
246 264
590 711
327 746
27 225
287 301
99 101
486 510
306 314
392 732
42 241
85 840
113 121
379 420
132 134
82 542
344 691
723 724
38 621
165 167
453 454
284 533
435 436
286 722
95 108
184 711
155 159
27 202
17 683
390 779
626 647
478 483
605 624
330 505
80 473
400 829
595 659
116 661
717 801
549 808
34 628
101 123
822 823
242 248
134 157
614 794
441 457
117 662
83 520
552 553
383 632
436 787
271 311
556 560
382 407
26 214
265 267
553 554
351 685
792 836
72 775
429 604
706 769
671 811
87 611
58 59
549 785
837 843
316 354
552 710
759 780
91 92
455 634
500 785
34 232
353 357
563 841
612 617
268 807
22 486
657 768
206 832
124 125
180 551
374 416
107 301
455 490
53 330
177 625
195 679
496 527
387 620
627 718
139 140
25 649
20 683
568 668
33 244
205 436
211 250
320 831
182 223
223 224
243 727
552 808
426 440
249 807
805 845
282 575
402 491
216 221
159 590
23 580
179 190
459 473
798 842
425 480
236 315
138 158
369 579
396 453
230 241
213 597
368 620
257 258
118 588
391 603
22 620
384 564
475 682
455 624
353 576
106 735
323 324
162 227
143 622
558 572
145 174
120 755
260 649
18 707
356 357
73 414
612 728
371 373
659 660
138 171
281 708
140 589
134 137
577 706
123 127
206 390
533 556
362 674
776 808
608 815
79 471
44 364
259 667
126 137
186 188
739 746
76 316
598 770
230 231
273 601
1 142
67 353
587 648
521 523
89 780
35 809
99 156
651 669
745 825
194 573
163 177
263 264
362 386
461 508
635 810
701 755
252 254
278 392
824 825
463 703
296 297
349 452
162 217
401 499
572 646
245 251
297 298
132 719
809 818
71 480
27 28
19 24
410 812
442 652
573 726
332 749
60 61
45 198
820 832
310 352
68 410
410 439
75 77
363 364
395 396
93 94
175 658
484 510
196 223
387 577
126 127
159 161
684 800
731 732
29 231
429 430
99 146
691 695
175 550
443 450
268 332
225 227
402 677
17 198
475 518
167 551
467 663
754 756
193 194
116 585
317 346
444 450
524 559
147 572
290 392
179 641
496 497
368 577
144 683
91 677
0 1
358 383
33 34
479 529
564 753
206 779
521 791
255 263
81 339
594 595
51 725
34 35
133 157
794 806
66 67
233 244
826 838
113 673
447 698
595 596
55 57
191 592
394 426
67 68
99 100
298 309
417 446
320 513
4 622
100 101
132 133
77 346
3 168
657 692
86 840
58 778
319 633
132 169
133 134
83 542
81 761
284 532
105 301
615 631
675 682
694 695
166 167
47 704
605 623
322 680
703 780
11 638
106 381
72 388
199 200
257 699
398 409
67 575
356 412
64 420
639 737
519 555
232 233
63 312
183 606
436 786
523 525
300 633
112 582
204 436
265 266
283 729
21 580
30 628
266 267
538 546
517 523
128 153
90 535
299 300
560 570
331 332
88 611
361 769
25 262
553 710
49 619
353 356
45 240
83 761
537 702
364 365
102 136
823 836
604 648
362 706
335 752
422 757
96 98
668 669
128 130
351 733
150 563
31 197
181 550
224 628
220 249
110 755
77 578
504 682
205 206
431 432
204 390
752 753
762 797
191 716
162 164
94 109
342 360
5 180
504 538
183 223
487 714
642 737
394 406
179 189
744 784
308 748
690 813
236 314
260 262
243 618
272 273
762 774
455 623
231 649
392 603
3 4
741 836
246 256
338 339
202 707
145 173
61 439
736 757
36 37
629 631
554 637
327 329
64 364
56 360
577 620
371 372
757 816
69 70
66 410
328 330
33 233
12 210
399 619
262 730
372 373
204 380
282 708
163 199
141 589
102 103
293 308
700 732
578 706
405 406
504 528
505 722
397 402
16 36
135 136
394 396
44 363
777 808
689 695
109 120
168 169
727 807
651 668
494 684
30 729
234 236
580 644
799 831
678 770
195 573
193 203
43 295
245 250
93 790
777 785
9 10
273 348
430 677
549 777
133 719
268 269
492 508
263 685
315 695
75 76
749 807
34 224
16 26
375 602
108 109
60 361
354 579
267 282
565 842
782 840
284 600
592 716
423 758
29 230
75 197
96 814
231 593
451 633
670 671
72 456
298 619
100 146
613 631
1 661
175 176
54 789
305 371
2 104
46 705
32 770
208 209
447 460
219 596
724 848
358 382
180 641
177 715
500 502
779 820
119 136
564 752
448 720
222 228
443 462
274 275
184 647
712 766
794 805
525 531
29 593
522 791
636 776
15 20
500 623
566 797
566 568
5 6
38 40
89 759
419 634
265 576
188 213
296 829
839 848
129 572
272 737
321 513
515 607
212 606
91 545
132 168
43 239
491 515
269 667
477 616
483 547
290 381
495 521
198 643
676 682
373 415
208 693
170 172
107 381
129 140
440 441
63 311
111 122
717 835
184 192
657 704
729 809
496 607
308 407
473 474
65 420
372 657
125 142
204 206
120 701
776 777
524 525
401 491
506 507
539 541
827 828
226 230
108 583
187 647
419 624
526 607
109 584
438 494
481 684
129 153
65 397
132 158
366 474
44 45
318 434
435 833
464 488
74 482
102 135
105 735
761 774
50 619
89 461
169 719
530 698
395 653
67 708
143 172
96 97
92 472
632 745
55 733
511 684
465 488
605 648
129 130
445 775
57 370
437 511
407 748
93 701
723 725
162 163
211 693
460 531
377 725
604 624
162 199
680 799
394 405
6 180
533 600
738 740
177 178
685 734
80 474
407 640
372 768
195 726
736 815
449 493
367 689
144 760
499 579
83 521
471 517
383 633
128 672
564 565
628 729
254 259
598 706
524 528
703 759
545 587
87 612
630 631
328 329
176 726
269 359
488 812
13 210
361 362
833 846
70 415
751 813
664 665
602 690
306 691
374 417
394 395
346 355
804 824
315 367
660 667
139 141
511 687
90 514
404 561
611 774
729 766
575 708
298 399
385 812
333 393
43 294
422 736
95 112
216 222
195 199
767 770
273 347
670 837
250 251
304 371
396 454
73 438
118 589
393 565
787 833
469 523
101 127
573 760
184 656
412 663
493 508
684 713
697 832
448 765
480 834
323 325
326 367
50 432
282 818
400 810
608 610
185 656
127 157
79 495
30 224
190 591
4 172
230 664
487 814
802 826
61 68
401 402
100 145
532 556
430 545
608 731
547 721
434 435
499 644
398 741
2 103
46 704
702 780
127 134
179 181
467 468
76 317
268 667
70 768
452 833
377 839
500 501
1 817
725 848
651 670
288 618
697 786
163 178
501 502
740 747
339 403
525 530
450 765
260 784
208 594
183 192
534 535
566 567
122 819
14 728
38 39
164 178
245 252
462 775
336 370
687 713
567 568
27 29
110 701
283 809
159 185
452 846
321 512
420 634
297 829
60 62
70 372
779 832
209 716
409 741
175 574
363 365
709 773
454 483
514 534
93 95
665 666
212 232
105 106
303 350
36 235
466 722
346 577
373 414
417 457
130 135
302 619
433 810
661 817
144 707
560 771
699 700
358 407
691 696
717 834
171 172
230 258
421 692
100 148
65 419
123 131
204 205
165 622
78 474
753 792
425 847
193 195
144 190
226 229
69 425
15 683
237 238
496 498
66 356
294 363
204 735
587 616
51 376
766 767
109 583
49 303
799 800
458 507
271 272
475 676
710 808
1 2
313 354
304 305
336 337
286 516
234 326
555 561
566 570
539 553
38 42
531 698
465 487
103 171
669 811
672 673
456 703
513 536
453 634
200 225
132 170
81 762
54 516
115 117
403 404
185 590
694 696
738 739
125 661
739 740
731 736
194 760
449 492
67 576
469 470
649 666
626 719
772 773
310 333
297 400
470 471
483 490
254 667
54 84
805 806
271 347
9 198
503 504
568 570
7 8
