632 734
838 839
316 763
778 937
631 775
362 501
161 331
398 1061
766 999
506 594
40 41
355 1136
432 565
299 301
170 416
109 586
120 415
41 42
144 543
73 74
872 873
209 529
414 898
232 921
617 732
376 377
527 1067
352 1066
687 827
774 795
207 339
74 75
779 910
106 107
596 1054
884 1112
905 906
257 425
411 483
409 410
258 915
254 536
874 918
250 682
113 942
242 827
571 737
488 968
482 808
200 830
442 443
980 1021
399 401
455 1056
375 947
98 144
578 632
82 810
216 1039
306 438
173 174
465 611
990 1107
667 1091
476 477
186 787
100 455
206 207
932 985
509 510
1095 1128
773 1114
467 513
239 240
1040 1049
210 442
498 500
227 531
99 611
542 543
801 803
733 897
571 835
700 720
305 307
683 1076
213 1127
187 989
454 695
3 5
126 484
728 818
332 818
1022 1036
559 897
273 274
15 882
430 832
265 270
85 977
683 932
909 1095
412 963
608 609
866 1133
7 11
286 329
492 663
306 307
1058 1074
448 885
30 897
1036 1092
97 807
659 1105
706 1037
7 96
1040 1062
831 1068
836 1146
381 831
431 1097
642 643
102 104
674 675
230 964
4 472
146 147
497 899
670 970
1092 1108
121 648
648 802
72 755
135 137
378 798
915 923
175 884
155 1055
179 180
526 553
918 928
629 1054
576 1048
872 961
158 1060
971 1083
856 1102
22 116
708 709
52 404
180 181
92 297
485 637
771 1143
171 361
66 833
551 582
248 544
248 315
306 814
874 1006
741 742
666 977
213 214
531 789
656 1049
1044 1045
715 1098
156 317
16 194
1042 1084
0 335
694 895
934 1142
1054 1058
246 247
24 283
844 1105
213 973
829 976
338 1004
215 259
9 11
357 837
279 280
133 1129
1058 1064
538 540
722 1115
1 564
524 605
103 877
167 224
106 1111
214 973
818 1088
10 11
8 316
668 771
1007 1140
253 263
913 1096
313 314
27 1003
802 1116
648 792
43 44
556 566
361 619
302 304
378 379
1012 1074
238 405
353 1109
30 1093
76 77
111 938
460 1092
1008 1040
285 745
425 905
279 522
939 1126
379 380
4 1077
180 665
329 379
519 768
180 256
257 768
991 992
33 502
72 722
154 383
213 469
215 887
445 446
983 1024
176 178
33 358
710 1131
478 479
737 739
209 211
50 941
613 789
216 744
511 512
508 1001
649 711
558 1118
520 826
800 880
239 318
289 813
126 935
865 866
16 17
274 541
328 661
521 827
353 834
1012 1064
408 1035
676 1115
304 340
610 612
49 50
453 957
287 516
74 143
394 462
129 982
40 904
66 1042
355 916
60 1111
635 970
50 51
93 650
82 83
504 1124
341 343
947 1056
158 487
987 1092
76 417
931 968
115 116
417 1012
438 806
290 791
25 982
229 403
120 496
413 898
761 1050
266 699
812 1132
167 168
110 451
564 658
963 1121
149 150
935 1059
728 729
918 1006
53 856
702 1122
476 630
182 183
400 671
251 957
232 678
441 443
473 475
376 808
221 934
675 1104
730 811
781 1122
215 216
761 1027
651 1012
959 1128
518 519
236 504
151 954
1023 1149
706 984
381 1007
750 761
242 440
191 654
147 202
750 1026
12 14
171 416
402 428
20 283
841 884
145 543
573 575
861 862
500 591
276 883
388 1024
432 456
284 329
212 1127
421 563
600 943
123 869
397 880
587 595
393 501
250 681
430 877
289 901
772 906
583 1119
366 367
122 415
348 349
107 372
230 888
111 113
399 400
270 515
715 1045
260 730
199 1129
200 865
162 344
381 382
501 713
840 933
702 703
339 614
283 899
268 999
297 654
262 547
432 433
611 664
282 525
361 818
662 895
240 528
466 691
853 1100
979 1096
737 925
455 947
67 722
790 1080
272 862
246 544
768 769
773 1113
657 1081
357 640
571 749
778 962
750 751
498 499
608 667
922 1092
801 802
225 377
211 442
454 1103
272 309
243 245
669 911
830 865
255 256
126 483
350 902
33 966
183 645
572 835
44 975
314 799
876 1097
683 931
288 289
601 749
500 846
835 836
717 960
18 19
683 967
265 799
868 869
315 1065
582 1000
310 312
535 925
262 272
48 312
440 687
760 1043
1141 1143
452 661
550 1053
435 837
43 233
422 904
241 334
103 104
499 858
506 717
490 1038
35 723
85 86
549 944
723 1017
248 458
258 917
29 1094
136 137
94 1074
967 968
952 1105
118 119
744 1039
171 360
517 768
527 552
138 448
730 997
16 193
613 857
202 203
505 506
157 317
487 488
235 236
304 1010
184 716
137 604
1018 1027
89 298
538 539
721 1069
316 346
251 891
226 718
586 615
364 502
221 868
689 973
571 572
840 1142
668 770
980 1036
253 262
25 26
45 233
284 286
637 782
298 1087
1031 1087
214 599
556 565
854 896
302 303
142 1105
546 929
254 263
533 581
832 877
605 606
669 999
368 370
940 941
470 1055
282 855
382 942
757 819
1110 1123
50 1143
112 938
266 996
888 930
933 1081
323 1121
973 974
180 700
330 379
113 381
578 1118
177 774
74 273
135 777
489 817
704 705
784 814
283 303
58 859
176 177
449 451
737 738
165 692
209 210
207 429
734 849
525 855
42 707
1040 1041
334 1144
906 961
520 1005
770 771
21 275
224 225
61 576
521 826
275 276
746 944
240 318
670 805
363 654
563 679
622 765
264 266
133 866
499 923
308 309
74 142
142 951
462 1041
6 7
671 806
397 503
235 504
441 609
21 23
278 960
1109 1117
341 342
41 904
268 766
535 738
342 343
659 953
779 869
398 503
255 720
81 796
585 595
62 554
105 107
128 499
285 1120
291 1051
903 904
220 582
233 701
457 1083
87 89
585 860
530 924
571 925
953 990
71 230
138 140
82 239
636 825
594 679
197 863
120 122
340 354
438 926
845 935
918 1005
89 363
104 937
627 978
533 934
400 670
480 550
153 155
441 442
646 811
27 982
864 1070
186 975
601 925
401 671
834 1047
712 1021
474 475
380 468
937 1139
595 1030
777 778
80 435
3 72
260 402
938 1140
772 928
240 1067
750 760
227 719
795 911
198 692
275 387
392 972
840 1099
508 509
147 201
351 791
296 855
227 984
12 13
717 848
356 640
423 630
530 613
276 617
661 1096
145 542
573 574
176 795
13 14
435 640
1044 1099
749 836
876 877
84 977
125 600
33 337
379 745
574 575
498 845
184 506
322 885
865 1133
46 47
638 825
137 165
12 808
880 1032
365 437
79 80
828 1101
715 1044
159 863
686 1017
364 966
610 1144
414 415
640 641
487 1073
112 113
77 384
262 546
678 753
65 1084
200 1129
367 748
943 944
240 527
175 1072
206 385
447 448
673 674
3 471
263 547
612 664
94 589
428 614
294 763
49 932
1127 1146
480 481
772 918
174 1112
906 918
159 166
597 657
53 593
608 666
826 1154
247 315
1067 1100
14 830
204 353
289 540
193 981
777 889
768 1069
1042 1043
714 1098
124 738
320 384
740 741
450 759
212 213
244 245
975 989
218 781
219 746
1075 1076
399 942
853 1112
971 1104
838 840
937 962
449 650
277 278
362 502
139 573
701 871
237 736
398 424
310 311
876 988
421 673
508 741
440 686
760 1042
606 984
581 582
852 896
946 1052
872 874
311 312
153 629
38 828
241 333
499 857
652 1136
646 647
160 524
218 1023
222 319
982 1127
89 1138
29 1093
900 1057
181 961
991 1095
259 917
636 638
380 798
377 1052
524 1071
878 1154
578 633
260 732
410 411
200 867
343 358
172 619
969 1049
141 143
63 569
713 714
173 175
86 1110
624 1014
904 919
227 820
861 1106
28 1105
77 881
164 620
491 786
110 649
308 930
476 743
444 445
622 797
352 936
233 756
895 955
779 780
163 548
112 1140
464 625
1118 1149
64 160
224 1052
86 822
682 847
177 940
532 759
746 868
192 431
812 813
811 997
623 797
284 285
272 985
1016 1137
298 1086
322 577
178 941
478 1053
873 945
581 657
177 567
332 361
845 846
265 271
638 782
317 318
320 881
15 16
47 48
196 702
878 879
824 908
443 808
667 961
815 859
183 997
80 81
457 971
351 352
383 384
642 644
125 534
934 1081
230 965
7 807
912 913
1038 1138
462 713
412 1121
261 543
793 1078
579 1118
378 799
114 115
16 712
915 924
405 673
373 375
165 197
945 946
451 560
267 739
417 418
449 450
146 678
87 363
552 1100
1034 1140
708 710
52 405
147 148
445 745
131 469
102 900
297 767
711 864
121 770
450 451
996 1033
14 149
203 1068
406 673
9 336
242 687
784 970
147 678
199 954
483 484
532 1014
101 1056
606 820
246 248
180 977
374 842
963 1057
622 764
152 649
102 1057
250 892
437 1047
56 532
279 281
67 956
671 805
549 550
575 688
500 923
814 970
441 608
504 1073
21 22
201 218
39 448
852 853
41 903
463 1041
68 362
841 843
76 860
483 1135
659 952
161 1084
35 859
759 1039
596 1012
885 886
388 983
175 1019
195 588
242 520
43 45
583 584
214 601
606 833
87 88
780 869
130 724
812 901
663 958
1098 1115
182 505
616 617
76 78
876 922
88 89
892 1046
120 121
824 1140
264 314
341 763
653 1029
306 805
121 122
153 154
63 526
700 701
648 770
154 155
800 904
413 644
1094 1122
914 926
413 415
733 734
523 775
147 753
414 496
219 549
974 976
525 592
417 650
478 480
795 1090
295 395
261 402
220 221
134 972
76 585
479 481
663 1056
836 1127
610 672
575 943
751 760
896 998
413 801
1001 1051
59 389
148 201
253 254
228 984
512 514
424 630
872 906
1070 1150
531 613
435 639
749 835
129 1127
644 898
408 807
589 590
49 51
453 958
769 786
179 426
290 1080
362 956
913 979
46 82
578 580
1097 1145
93 651
622 623
1068 1118
320 321
158 488
644 1019
352 353
303 497
930 1004
1090 1142
687 1017
367 747
153 409
58 815
788 920
282 294
893 1122
327 1119
397 626
334 1015
508 1051
34 723
53 736
681 979
474 729
613 924
270 1079
207 385
1000 1104
386 387
252 536
324 412
95 589
429 614
117 119
127 392
689 690
149 151
111 942
486 968
747 780
419 420
348 625
84 1110
182 184
609 666
79 357
645 997
452 453
483 935
230 755
290 540
495 909
47 633
162 620
445 1088
207 542
215 217
667 872
745 1120
920 972
579 908
565 595
243 315
513 1079
80 437
788 789
589 1074
658 679
766 770
839 840
628 1065
521 939
829 1055
249 251
562 711
140 573
742 907
191 655
740 1126
508 740
204 365
299 1011
402 429
660 990
779 1090
30 557
592 855
326 327
557 897
510 1051
585 587
729 1089
432 457
154 629
56 57
242 333
307 313
393 502
67 72
59 1151
273 994
928 1154
348 350
636 637
698 994
114 677
90 91
910 1142
902 909
501 714
840 934
879 1154
141 142
176 774
623 819
470 726
123 124
307 699
220 551
465 1056
988 1097
866 1071
450 1013
174 175
115 614
308 929
481 1000
1005 1006
156 157
134 484
554 841
267 748
52 594
25 348
953 995
459 460
12 149
986 1029
189 190
353 936
64 833
17 758
1020 1021
492 493
59 1020
65 160
225 1052
222 223
501 956
178 940
255 257
366 911
20 274
430 783
447 1101
175 642
143 344
467 1079
203 1149
267 496
288 290
714 956
387 561
134 1135
234 993
558 559
18 20
423 743
683 968
321 881
156 1073
1108 1111
621 764
188 208
483 1059
315 1066
436 718
253 862
421 675
8 277
158 710
888 964
948 1015
557 1093
299 340
52 54
618 731
182 658
349 835
718 1047
1100 1112
755 965
1063 1081
275 477
144 811
355 357
643 644
122 792
373 374
388 390
672 1052
17 712
439 621
456 1082
122 648
130 131
568 851
607 1071
709 710
103 900
70 345
527 553
330 799
898 991
375 950
163 164
229 338
635 1026
442 482
532 1013
613 858
712 980
684 1147
724 725
293 996
715 1134
194 1139
247 248
185 187
817 1038
210 360
708 1131
229 230
44 822
565 1082
552 1112
251 892
226 719
57 532
705 833
832 937
280 281
890 1144
736 1049
515 1001
427 1117
223 564
174 708
689 974
262 263
318 1067
301 340
841 842
222 864
25 27
83 526
609 1130
656 1062
523 532
295 296
842 843
36 859
77 860
484 1135
56 279
605 607
366 999
105 815
875 876
813 901
657 1062
664 958
803 1116
569 949
696 990
642 1019
902 1095
77 78
653 1028
401 584
228 921
156 487
87 653
47 580
266 1033
113 382
424 1061
653 655
237 597
413 414
181 665
51 964
519 1069
445 1120
80 204
414 495
391 920
257 1069
265 515
409 1054
264 699
559 733
396 626
488 709
734 850
893 1023
277 525
144 261
418 650
479 480
77 320
288 620
318 896
21 276
178 668
493 680
475 1120
192 1097
14 416
46 634
289 620
436 639
573 1053
133 867
51 568
560 711
2 563
142 952
546 547
6 8
578 579
380 1009
575 690
1057 1108
691 1130
111 326
309 985
82 528
291 293
579 580
68 364
611 612
436 531
1008 1102
356 916
402 883
255 721
791 844
884 1072
350 464
66 705
708 1075
84 85
163 1132
120 267
231 921
915 916
284 784
88 1138
328 1119
645 646
82 240
583 671
117 118
928 1114
558 1023
580 782
387 616
980 981
238 673
747 779
164 1132
248 537
128 392
708 967
150 151
969 1008
621 819
204 796
305 699
693 695
385 542
55 816
1013 1014
136 890
703 1117
638 908
243 458
171 619
270 741
696 849
796 936
489 785
460 987
183 184
479 1000
129 213
781 893
390 1151
165 166
74 951
1060 1131
446 1088
216 217
365 834
495 571
854 998
249 250
954 1085
1116 1147
160 172
681 847
508 510
866 972
1040 1045
296 856
887 915
284 473
356 641
452 1103
848 960
201 1149
1113 1114
384 596
585 586
165 1046
186 989
800 919
1054 1064
593 855
498 846
322 886
46 48
137 166
273 993
319 731
28 30
907 1130
18 1148
765 817
251 453
583 926
79 81
1086 1138
419 1083
983 1125
1057 1111
61 63
349 350
90 764
341 346
850 897
684 685
146 781
136 242
609 691
282 296
303 993
673 675
397 628
6 1035
118 947
983 1017
313 814
293 570
1083 1104
52 593
451 1013
605 1071
308 964
309 929
95 591
93 1039
718 719
174 884
157 1060
754 1050
1089 1120
651 1074
132 1003
515 1033
713 1134
444 1009
20 273
740 742
212 214
190 720
135 604
785 786
757 767
587 1030
693 1048
19 20
49 308
253 861
209 446
25 625
37 828
636 662
67 362
473 635
48 83
219 868
540 545
52 53
38 155
561 1013
437 718
333 1006
112 1007
38 829
236 1073
355 356
53 54
106 963
471 567
407 811
916 917
295 341
388 389
325 778
555 566
749 925
627 936
389 390
518 1029
141 288
376 945
334 948
309 546
446 1009
422 423
34 198
38 577
317 1124
713 715
247 1065
415 792
343 395
230 338
99 672
522 775
443 482
647 1035
406 563
472 774
670 1018
185 186
676 1098
950 1072
509 692
444 446
794 1090
522 631
686 962
146 231
618 864
738 780
186 187
1126 1154
45 822
218 893
243 1066
386 477
746 869
706 833
219 220
31 1152
243 248
522 523
873 946
252 253
922 987
555 556
15 17
196 703
59 60
285 286
101 465
664 957
277 282
400 1027
890 891
170 830
401 583
211 602
779 794
125 944
351 353
349 572
923 924
85 871
65 1042
922 1108
579 1034
157 896
621 622
653 654
666 773
945 1091
249 979
912 914
564 762
36 197
655 1029
40 347
305 996
73 344
698 1107
654 655
114 116
686 687
165 198
776 1026
851 940
226 1117
81 204
392 920
266 515
131 470
144 260
649 1070
135 440
549 574
105 863
14 150
267 367
720 721
860 881
644 991
278 525
192 193
46 633
720 986
672 946
753 754
28 844
446 603
802 1141
393 713
786 787
697 1124
226 227
738 747
258 259
574 1053
517 519
233 989
549 551
30 660
1 108
833 984
391 788
838 1099
852 854
291 292
436 530
628 880
635 776
368 432
83 528
8 763
292 293
531 804
487 1106
324 325
42 347
66 704
203 1118
220 533
22 23
1020 1111
627 628
853 854
518 721
31 337
495 737
0 615
616 618
40 422
55 56
666 1113
518 986
420 563
87 1028
217 500
1007 1034
256 720
470 829
358 359
232 1037
249 681
249 452
128 391
742 879
306 806
693 694
644 801
1 615
391 392
635 1018
423 424
709 967
1016 1118
582 597
928 1005
927 1046
313 329
416 830
461 981
308 888
697 849
260 811
568 964
181 667
683 685
367 794
808 945
258 887
481 550
727 728
439 819
56 523
5 1115
417 651
96 336
895 949
474 776
167 625
130 1003
136 1046
312 485
760 761
250 510
451 649
494 870
490 491
575 944
555 886
338 888
259 744
1088 1120
36 815
396 978
858 923
489 797
89 1086
826 827
195 844
349 902
537 544
32 966
387 1014
795 839
589 591
43 975
319 730
28 29
607 788
223 762
46 83
538 545
557 558
716 960
869 910
29 30
867 1129
61 62
506 592
652 1061
320 322
264 799
19 1148
678 704
809 1124
998 1060
590 591
655 986
136 241
62 63
534 925
91 764
94 95
342 346
153 410
919 1032
397 398
854 1131
120 269
127 128
26 225
304 993
430 431
533 1081
525 848
160 161
419 421
132 1002
95 217
1010 1011
413 792
151 377
452 454
303 511
61 569
530 639
319 864
816 916
207 543
287 423
343 1078
377 954
404 679
905 1110
344 548
92 1087
529 1088
778 889
118 959
433 971
359 793
699 996
246 507
227 228
486 488
1058 1059
530 531
459 1145
809 849
686 778
260 261
747 794
603 1009
475 1089
284 475
333 1005
563 564
369 433
1030 1082
494 693
668 766
474 635
208 336
839 1142
11 316
326 328
552 554
334 1006
792 801
166 604
294 295
307 314
285 475
783 1097
141 1105
472 567
143 620
45 85
803 1075
273 995
395 463
327 328
820 984
205 339
920 1071
117 375
370 555
750 776
468 798
90 92
34 197
360 361
545 901
681 682
703 1109
663 664
123 125
90 1031
232 706
561 616
148 218
314 330
733 1137
222 1150
348 1146
112 381
714 715
80 837
53 969
696 697
156 158
334 610
554 842
459 461
747 748
61 680
831 1007
424 503
189 191
139 370
201 202
64 605
1020 1022
386 476
492 494
288 844
298 363
65 161
477 743
663 870
722 956
936 1065
976 1101
662 825
4 676
13 416
941 1143
234 235
471 965
1065 1066
86 1123
32 1152
191 767
164 813
267 268
526 528
28 660
234 994
10 346
461 1036
1098 1099
410 725
1085 1129
418 586
674 1000
807 1035
828 829
172 524
693 870
300 301
767 819
765 1038
725 1002
340 1011
608 1091
436 719
21 477
125 943
1049 1062
170 865
861 1011
333 334
343 793
592 594
173 1019
31 32
349 836
624 775
449 1039
26 1085
913 914
22 477
64 65
486 1106
326 825
660 850
481 582
243 790
97 98
510 682
656 736
374 492
632 1016
687 723
400 401
286 379
295 1102
177 472
88 1038
128 845
878 928
383 577
136 440
550 574
459 981
335 420
626 978
953 1107
389 1151
1005 1154
912 926
195 791
724 726
803 1019
231 1122
268 366
721 986
632 1137
347 516
466 467
29 844
74 995
978 1136
361 1088
293 1033
174 853
704 753
517 518
173 708
44 823
407 646
366 794
774 1077
607 820
875 900
0 1082
786 822
499 500
598 1000
26 954
108 615
406 421
702 1094
1003 1085
802 803
550 551
823 975
478 971
408 647
634 810
948 1006
241 1144
310 569
4 5
127 484
574 944
856 1008
353 796
16 882
37 447
873 948
565 566
731 864
358 502
37 38
676 1077
22 287
239 810
221 533
299 861
599 973
875 877
727 750
18 24
70 71
287 743
617 618
742 878
136 165
310 955
131 724
13 360
88 1028
959 992
645 716
358 394
952 953
617 883
87 654
771 941
539 1080
494 663
909 991
362 364
650 651
138 885
688 943
198 521
318 852
301 354
726 1055
189 701
237 598
461 980
109 449
24 899
683 684
440 777
117 947
292 570
56 522
751 1084
245 458
23 116
1031 1138
29 196
735 996
488 710
302 354
716 717
994 1107
126 128
556 881
307 814
170 171
61 493
119 992
415 496
178 669
93 216
410 1055
517 1038
604 777
154 577
293 735
641 924
360 416
764 1031
710 1060
611 672
205 1153
762 1070
596 629
907 1079
539 540
2 564
1086 1087
910 1090
769 822
333 520
372 777
0 2
700 871
647 716
111 327
1045 1134
2 420
560 1013
914 1096
849 850
321 322
116 707
471 755
773 977
104 324
11 96
469 974
81 978
769 1123
369 478
141 620
84 86
656 657
485 955
915 917
783 877
645 647
495 739
304 354
187 623
804 820
121 269
35 983
612 1144
878 1114
99 101
238 674
288 791
160 605
797 817
95 216
438 735
517 1028
151 376
132 134
420 421
419 456
75 274
696 850
741 1001
489 786
684 1141
168 959
453 454
247 880
435 436
882 1125
422 503
756 757
908 1034
492 1056
84 773
903 919
552 841
772 1110
906 1110
486 487
520 1154
119 959
316 341
495 572
247 507
933 1063
686 777
15 758
139 1053
162 548
460 1145
810 849
427 702
822 823
552 553
590 845
583 806
247 628
855 856
593 856
553 554
872 945
132 1135
744 759
785 797
225 954
130 982
399 761
586 587
270 467
319 997
58 59
183 319
521 723
419 675
6 277
398 652
393 394
946 1015
91 92
464 1128
232 705
506 679
859 983
124 534
960 1035
187 819
6 807
124 125
129 469
565 1030
562 616
223 1150
987 988
235 1124
349 1146
104 412
523 624
157 158
139 369
231 781
139 140
305 438
460 461
732 883
62 680
444 745
121 766
643 991
190 191
427 921
373 950
801 1019
1021 1022
425 768
97 408
205 207
493 494
151 199
752 754
931 985
450 532
297 439
182 223
322 383
291 1033
987 1145
894 1103
164 812
189 756
610 1015
60 1020
526 527
28 659
418 585
785 787
756 989
256 257
373 842
634 734
190 986
1022 1108
431 783
411 725
931 1106
340 1010
49 309
289 290
1028 1038
1 152
1088 1089
212 601
560 561
592 593
561 1014
262 309
579 1068
1040 1134
593 594
471 568
890 1046
323 324
695 870
339 677
584 1119
450 1039
27 1085
252 300
626 627
409 629
356 357
1041 1134
875 922
612 957
376 946
659 660
198 939
295 463
71 755
375 492
422 424
296 1102
994 995
581 597
106 1121
317 896
462 1134
404 406
434 1072
495 902
951 953
725 1135
377 946
864 1150
725 726
676 1099
741 1079
146 232
176 669
59 758
456 457
408 646
489 491
900 1108
639 924
758 1024
446 529
128 857
118 169
219 221
133 972
289 545
479 971
19 541
184 645
592 848
25 1146
891 1144
311 569
252 254
824 825
152 1070
239 809
567 940
922 988
271 798
724 1003
465 663
26 27
685 932
237 656
857 858
297 298
890 892
329 330
228 427
1022 1111
149 808
573 690
211 603
176 911
1007 1068
358 393
79 978
636 895
9 96
243 1080
569 576
1141 1147
621 623
891 892
581 1081
348 464
847 1051
190 701
560 649
93 94
231 702
238 598
155 829
466 1130
851 941
23 115
29 195
108 110
396 397
365 1047
428 429
753 1043
834 1117
866 920
592 717
584 942
126 127
494 1048
731 732
898 909
149 376
957 958
422 800
323 412
668 941
688 690
369 1053
1047 1117
704 1043
618 711
192 194
764 765
956 1115
218 1149
462 463
627 796
765 1138
192 459
463 1102
283 497
155 577
970 1018
140 448
495 496
281 1061
193 194
226 228
738 748
798 799
81 627
281 652
47 485
843 950
400 1018
907 1114
292 847
826 1126
587 615
692 1046
0 1
391 789
878 907
468 1009
180 871
602 1009
54 237
561 562
368 433
383 821
892 927
190 655
234 698
661 914
434 643
659 990
34 35
393 462
570 912
491 768
596 821
783 876
140 690
165 863
728 1089
55 57
197 815
67 68
838 1077
99 100
235 698
396 652
381 752
496 739
249 453
58 1151
554 680
430 1139
654 767
131 726
203 831
331 751
100 101
132 133
931 932
326 938
75 273
168 464
709 968
582 598
212 836
760 1050
12 482
661 662
305 735
211 691
420 456
133 134
313 330
824 1034
964 965
568 965
79 837
951 995
217 887
61 1048
481 551
694 695
84 772
600 688
727 729
219 551
612 891
486 931
331 728
138 370
199 200
630 1061
650 1039
39 885
297 363
962 1125
152 762
1076 1147
492 947
443 1091
311 526
858 924
187 756
116 287
150 200
195 351
350 1128
265 266
20 993
891 957
822 1123
556 595
460 1036
962 1017
157 998
632 733
556 860
557 559
396 1136
269 766
299 300
331 332
678 705
271 467
576 694
279 816
602 603
168 1128
78 417
469 976
615 1030
154 821
169 455
617 731
1062 1081
91 621
570 735
629 821
689 1101
374 680
43 989
96 98
108 152
668 669
57 744
202 753
129 131
647 960
567 851
852 1100
97 407
205 206
609 1113
303 512
69 345
752 753
109 418
641 916
661 894
182 222
185 785
816 917
162 164
341 395
386 775
684 1143
99 224
433 478
39 322
988 1145
873 1015
787 975
360 529
826 939
1003 1129
352 790
350 1095
111 584
371 889
872 1091
70 403
305 306
576 949
1011 1106
792 802
26 625
843 884
3 4
276 428
35 36
294 296
866 867
226 427
55 917
45 86
252 299
402 732
209 603
434 950
55 279
68 69
558 1016
788 804
832 1139
992 1128
329 784
371 372
682 1051
513 1130
123 944
1001 1033
78 384
323 889
404 405
179 961
951 952
102 103
321 556
4 471
353 588
253 272
933 934
511 1025
967 1076
223 658
696 1107
107 1121
405 406
1113 1130
60 106
1071 1133
295 763
1023 1093
696 698
602 691
135 136
39 577
562 618
672 1015
734 810
72 345
770 1141
428 883
236 304
742 1079
660 897
168 169
1008 1049
201 203
489 490
64 606
107 159
852 1067
733 850
47 782
118 168
471 472
730 732
452 1096
936 1066
507 1032
234 236
391 857
109 650
20 541
347 707
382 399
694 894
119 434
267 269
724 1002
410 726
423 516
215 258
9 10
1075 1116
50 685
241 890
762 1150
78 1012
327 584
49 985
268 269
325 889
873 874
20 24
335 1082
31 33
1011 1073
45 871
661 1103
244 1080
371 1121
714 1115
441 691
100 169
439 767
190 700
210 529
502 966
382 1050
141 844
598 674
64 66
630 743
331 1084
108 109
22 743
992 1095
590 935
637 638
723 827
862 985
479 1104
109 110
754 1043
374 493
740 879
688 689
557 1023
704 1042
648 1141
670 671
142 143
789 857
893 1094
153 1055
202 831
911 999
862 1106
313 784
268 367
140 447
466 468
752 831
174 854
101 455
55 259
907 1113
386 624
366 795
680 842
786 823
739 748
310 485
503 800
531 719
48 485
337 359
241 242
390 859
23 428
588 1109
123 780
434 642
239 317
37 448
280 355
370 886
384 821
805 814
192 1145
37 39
1064 1074
194 431
727 751
235 697
610 611
70 72
166 863
321 886
595 860
1002 1135
513 907
425 1123
815 863
35 1017
519 721
599 601
358 395
8 282
138 886
728 751
102 963
466 602
225 625
632 634
505 679
83 312
694 1103
735 912
119 643
374 375
13 482
290 790
144 407
665 667
57 259
425 426
474 727
368 566
774 839
407 408
487 1011
170 172
935 1058
179 257
879 1126
839 1090
631 1061
637 955
63 311
454 870
150 199
233 871
473 474
692 927
794 795
98 188
282 763
90 1087
761 1026
283 993
509 927
510 892
736 969
809 810
515 741
326 662
824 938
275 616
576 693
468 602
78 596
252 861
63 553
806 926
196 588
379 444
104 325
44 45
221 910
1044 1063
280 816
278 1035
841 1112
588 703
894 895
470 976
172 1133
790 1066
281 631
426 906
694 949
834 1109
96 97
639 641
389 1024
1 762
1045 1063
202 752
148 781
381 754
622 817
107 371
236 1010
129 130
261 429
517 1029
419 457
404 594
111 112
351 588
1024 1125
58 106
490 517
641 915
204 834
162 163
599 689
98 407
993 994
531 820
173 1075
144 145
414 909
110 152
429 543
662 894
183 222
435 437
186 785
104 832
234 304
195 196
100 224
685 1143
409 1059
1026 1027
256 700
177 178
105 159
192 981
578 1016
23 614
534 601
106 1057
85 180
210 211
160 619
399 1050
361 529
427 703
859 1151
974 1101
15 1024
211 441
117 434
590 846
243 244
790 791
185 797
962 983
99 465
372 889
127 972
71 403
189 767
1093 1094
194 882
51 308
802 1147
454 958
905 1123
34 521
597 598
143 162
669 766
447 690
882 1139
874 906
317 809
159 372
108 586
94 651
17 59
58 60
5 722
630 631
161 332
782 908
789 804
559 1016
310 949
399 1027
40 42
6 278
432 566
96 208
702 921
321 555
73 75
967 1075
118 455
221 1142
124 535
54 736
13 210
675 1083
475 729
1010 1073
559 1137
506 716
50 851
512 1025
92 439
394 395
228 1037
0 1030
1125 1139
257 426
409 411
697 698
323 371
493 1048
607 804
249 1096
771 1141
643 992
126 845
730 731
51 851
646 997
640 837
150 830
217 591
425 769
98 145
303 514
458 537
558 1149
580 908
189 757
401 942
5 676
373 843
280 652
411 1135
772 1114
614 677
466 513
570 979
1018 1026
388 859
250 251
21 428
509 740
1076 1116
57 759
800 1032
103 875
527 528
560 562
357 1136
856 969
331 818
524 1133
1021 1036
397 800
433 457
32 33
1031 1086
323 325
278 848
509 1126
626 628
670 814
65 66
497 514
620 813
159 604
368 369
933 1044
115 677
199 1085
788 1071
69 72
929 930
7 97
167 464
580 633
893 1093
372 604
173 803
697 809
330 378
325 937
335 456
13 442
1034 1068
146 148
355 816
15 1125
127 134
485 782
179 181
467 468
244 539
145 188
280 1136
197 198
337 358
426 961
472 1077
387 624
1028 1029
665 977
92 298
787 823
684 1076
40 516
96 188
291 1001
701 756
501 502
636 955
480 1053
231 232
828 976
194 430
1043 1050
1062 1063
124 780
1054 1059
534 535
271 799
523 1014
465 664
132 1129
82 634
213 974
38 39
264 265
473 784
500 887
212 749
874 948
3 755
438 912
567 568
711 1070
174 1131
599 600
71 72
7 316
868 910
167 225
887 923
600 601
818 1089
632 633
114 707
83 311
170 1133
535 737
292 979
888 1004
760 1084
633 634
93 95
937 1125
665 666
62 553
105 106
128 498
540 1080
695 1103
220 581
396 398
921 1037
185 623
774 838
1041 1102
378 380
71 229
666 667
110 449
79 1136
589 1058
138 139
54 405
949 955
1008 1041
193 712
255 1069
287 347
179 256
447 689
228 706
171 172
995 1107
1002 1003
914 1119
224 672
590 1058
226 1047
302 511
507 880
676 838
712 1020
291 847
332 619
342 1078
850 990
2 335
328 914
237 238
982 1146
727 776
358 793
103 832
572 902
765 1031
215 744
510 927
206 1153
443 608
270 271
275 386
54 238
351 790
123 746
825 938
843 1072
276 616
303 304
520 827
169 224
1 2
692 939
34 36
380 444
606 607
570 913
491 769
317 504
10 316
865 867
1044 1098
389 758
998 1131
328 662
527 1100
286 745
426 905
368 555
73 143
3 722
184 505
67 69
639 640
638 824
1045 1062
509 939
549 746
369 370
300 536
394 463
292 681
382 754
314 699
58 105
281 522
808 1091
467 798
599 688
76 418
705 706
37 1101
491 517
196 1094
117 950
926 1119
490 817
596 1064
738 739
563 658
116 347
102 412
870 958
436 437
207 614
1022 1092
534 600
167 169
91 439
476 775
597 656
469 470
50 932
933 1099
406 679
900 922
772 773
505 658
642 1072
156 504
161 619
187 757
476 631
674 1104
17 1020
193 980
80 365
432 1082
411 1059
320 383
27 130
805 806
591 846
627 1065
473 970
862 931
422 516
7 8
