1074 1079
373 394
226 232
498 654
465 477
649 1052
641 819
536 537
253 594
259 903
8 9
601 603
372 551
234 1075
871 872
757 850
569 570
1087 1170
41 42
326 520
73 74
213 234
475 1137
872 873
758 851
216 388
376 377
790 803
575 586
687 827
728 828
405 849
74 75
926 929
457 630
1093 1106
1185 1189
409 410
576 587
327 520
660 666
53 137
813 908
41 657
1003 1068
301 504
181 322
73 231
140 141
1159 1172
531 557
110 118
102 114
47 178
81 91
702 704
274 1160
245 608
393 443
550 655
476 477
308 484
715 722
302 324
728 841
453 722
727 733
206 207
1007 1016
579 718
450 833
583 1097
507 958
9 44
438 1124
267 568
128 144
57 758
239 240
765 844
1040 1049
11 1136
38 107
350 373
256 558
1070 1071
1103 1105
755 916
61 90
264 598
150 204
452 1143
191 959
3 5
1001 1093
535 540
575 576
975 1184
492 807
940 1083
248 855
553 557
1125 1128
338 340
704 726
217 1133
542 664
323 360
174 417
316 995
1126 1129
843 1186
597 865
745 763
557 563
629 668
69 71
675 784
641 642
268 280
829 842
833 992
436 1176
113 114
339 340
195 970
757 853
372 374
1151 1158
149 445
998 1065
1078 1174
91 95
93 693
830 843
694 1062
344 949
435 1067
677 1095
269 626
55 437
3 18
323 337
675 676
135 137
394 397
179 180
503 978
626 640
689 1105
438 440
883 970
591 682
85 810
977 983
1075 1140
708 709
93 176
180 181
824 1149
637 914
897 990
471 473
1011 1012
129 364
730 733
741 742
80 93
633 800
78 1072
464 470
970 979
888 1026
560 1081
246 247
684 967
798 989
294 961
237 427
505 507
837 980
1098 1101
202 469
976 995
826 1087
173 262
279 280
611 753
1058 1064
1010 1173
268 270
786 870
527 530
926 1030
312 313
10 11
942 974
466 636
120 228
293 299
725 896
305 310
345 346
264 421
367 370
65 68
537 552
330 488
76 77
9 24
247 719
460 1092
6 18
578 589
30 46
670 672
142 144
201 230
189 893
599 648
919 1004
603 618
49 181
703 705
823 1036
600 1107
515 654
463 464
840 976
229 1051
900 990
111 421
132 215
225 443
684 957
144 189
64 80
417 613
984 989
1024 1025
928 1088
208 210
312 447
179 183
624 1091
726 730
945 997
76 319
554 1112
157 164
197 200
182 337
149 160
388 442
1009 1018
781 782
241 243
1061 1065
639 927
511 512
770 772
242 244
393 413
161 893
544 545
86 899
865 866
16 17
329 477
929 1030
742 795
307 309
573 608
580 733
140 1135
45 80
577 578
137 163
610 612
782 867
62 1072
739 762
570 575
818 826
636 898
160 411
510 530
265 613
724 898
586 668
612 806
880 886
44 1139
891 895
346 952
115 116
414 449
662 663
832 1074
1071 1127
216 433
116 117
336 349
106 561
153 493
936 939
1183 1188
695 696
167 168
502 1055
4 141
710 712
969 972
118 391
232 413
100 114
159 200
491 673
169 393
182 183
69 126
835 977
761 762
713 722
365 533
79 176
770 847
259 1046
224 939
246 698
455 463
505 958
1046 1047
735 746
539 542
491 794
226 231
798 802
771 848
965 979
205 962
596 667
641 818
248 249
253 593
488 496
1 112
880 1020
166 216
732 856
605 901
11 13
381 778
620 1060
642 819
1090 1095
709 729
8 44
540 542
4 10
271 274
683 856
255 266
385 604
573 575
861 862
853 858
1030 1165
495 512
576 586
7 20
146 215
42 652
2 350
354 1067
491 627
857 864
556 873
909 911
348 349
778 985
1019 1048
399 400
1051 1080
218 1142
1 390
362 369
36 1022
381 382
874 1038
545 1128
702 703
908 1180
612 809
1100 1121
432 433
501 978
447 449
296 954
483 780
158 166
738 741
704 748
883 979
862 956
1008 1010
820 959
692 1039
965 1054
170 176
498 499
458 463
116 1108
720 728
364 535
764 771
762 990
165 1000
917 1013
957 1049
266 1052
255 256
835 980
38 407
834 835
717 924
642 930
1064 1068
1056 1064
288 289
198 624
328 474
377 775
867 868
155 1077
18 19
843 1185
683 967
744 797
129 530
191 850
358 1027
861 973
232 393
311 686
723 896
830 842
161 189
355 994
1144 1154
695 1062
893 1163
85 86
845 857
403 890
691 799
897 904
7 23
907 917
679 681
439 440
582 977
36 315
434 999
657 662
544 1130
118 613
80 92
239 494
16 602
825 1149
63 534
690 1104
151 152
971 974
184 186
472 473
957 1039
464 469
938 1026
970 978
493 941
47 180
202 203
713 944
196 834
347 478
104 571
212 433
89 442
122 768
505 506
327 728
283 313
198 614
249 845
773 851
1007 1018
1066 1067
737 1157
797 799
1022 1146
800 804
483 868
571 572
253 671
606 975
263 1130
121 143
539 656
827 943
245 587
1121 1124
725 895
305 309
284 286
14 16
302 303
404 696
736 1169
146 1075
579 697
605 606
590 706
784 837
963 1068
456 626
777 798
328 477
47 49
927 1151
368 370
547 601
306 309
123 453
1118 1127
350 352
416 526
763 899
433 1024
27 485
120 155
189 892
339 342
331 338
89 396
122 722
756 1125
671 672
283 447
634 641
548 601
1006 1007
273 1156
604 618
440 1004
103 107
308 476
602 694
135 139
176 177
915 925
226 443
158 388
43 550
972 1050
330 500
802 984
1075 1142
209 210
388 441
313 447
180 183
1025 1141
191 192
918 1015
41 662
77 319
129 366
730 735
770 771
1010 1018
242 243
111 577
501 503
352 374
731 1045
412 425
645 776
1073 1074
464 472
236 428
771 772
162 399
803 804
474 485
345 371
1051 1171
336 551
1077 1080
537 541
555 1004
266 1130
389 563
438 1093
276 277
842 917
955 974
235 1142
315 1022
141 1135
839 1028
925 1180
475 831
138 163
1110 1113
187 693
103 205
21 23
8 1136
341 342
508 519
385 528
1025 1154
1099 1103
39 40
582 584
607 906
342 343
933 1156
386 529
541 552
1113 1123
740 761
633 635
552 561
735 1177
615 617
169 271
87 89
375 376
240 331
359 368
913 954
51 135
710 711
337 349
191 820
461 644
55 779
503 1055
543 1128
699 701
1005 1073
1078 1143
670 674
743 744
190 860
441 442
445 821
231 632
363 379
113 204
499 648
6 141
186 337
366 533
291 390
706 718
717 1136
548 1098
64 82
777 778
336 361
108 125
842 907
880 1019
743 901
157 166
381 777
844 953
957 973
1069 1071
489 496
499 769
1061 1067
540 541
261 1126
50 534
12 13
70 134
85 900
271 273
370 395
683 855
828 944
606 1017
1102 1104
451 1143
541 542
820 860
831 1135
25 68
237 396
630 736
865 868
803 807
304 306
640 1158
495 511
147 322
474 488
747 912
786 983
116 780
680 822
34 976
877 878
1116 1123
252 789
887 891
559 568
79 80
1019 1047
343 535
284 449
350 394
168 417
160 413
241 258
362 368
107 407
59 367
810 909
303 318
520 841
363 369
403 405
935 940
943 944
209 311
689 799
447 448
446 632
673 674
759 863
145 146
34 315
1008 1009
84 810
919 1117
126 132
178 179
884 979
516 583
536 561
501 869
1009 1010
584 983
1012 1164
778 997
211 212
764 770
87 442
470 472
942 956
749 790
606 1007
781 859
1042 1043
473 477
721 728
219 481
773 775
490 795
610 748
212 213
257 593
805 807
734 1192
661 942
215 218
463 469
547 548
1033 1079
491 796
651 785
245 246
1030 1190
277 278
376 437
421 588
292 1081
536 538
311 1094
1108 1109
580 581
964 1101
871 873
75 445
481 867
1090 1097
192 850
250 971
686 827
41 43
261 1129
154 1003
116 482
311 312
753 1182
201 297
314 317
66 72
759 853
516 946
325 332
344 345
661 955
833 1147
94 170
1175 1176
581 703
174 199
679 680
18 31
639 644
2 352
615 924
274 631
300 769
636 638
181 323
73 232
147 181
680 681
885 1050
630 1089
399 402
924 1041
184 185
410 411
690 694
271 1156
223 1079
702 705
215 1075
245 609
713 714
127 962
678 756
437 779
714 944
306 475
292 577
912 1188
746 747
444 445
1008 1012
907 929
1059 1063
251 252
350 374
369 387
639 1151
908 930
801 804
120 1080
846 955
752 1177
1060 1064
1032 1082
543 545
3 6
1115 1116
535 541
14 15
87 1168
834 837
845 846
523 795
317 318
650 756
15 16
487 500
47 48
75 821
405 696
78 301
859 866
184 319
878 879
1126 1130
744 799
350 351
46 534
48 49
889 894
833 993
605 906
339 341
723 898
192 853
84 911
279 592
81 82
801 817
344 950
167 271
548 600
213 1141
130 240
384 385
849 1122
3 19
675 677
780 1108
193 408
394 398
543 1052
523 808
945 946
972 1049
503 979
590 718
136 139
996 997
653 774
147 148
180 182
406 408
999 1002
978 979
450 451
730 734
987 1064
205 620
357 897
1015 1132
633 801
245 576
249 955
1000 1003
376 767
412 424
645 775
98 148
522 741
115 991
112 577
181 182
154 165
154 1068
213 1154
696 1122
437 782
1018 1173
764 848
58 197
237 428
950 1038
202 470
516 517
506 961
40 408
214 215
346 371
315 1021
279 281
486 494
784 862
407 875
27 474
439 1093
934 1035
248 967
852 853
519 527
1099 1102
1086 1169
294 854
83 262
419 1114
10 12
582 583
111 589
206 332
386 528
466 637
479 756
1091 1134
384 604
583 584
569 649
615 616
709 809
87 88
918 919
24 68
616 617
76 78
9 25
88 89
335 338
120 121
547 603
623 1150
461 1088
145 214
281 712
649 650
520 765
210 688
320 331
584 786
700 701
14 404
283 449
110 112
374 567
29 124
210 953
947 1103
154 155
914 926
571 1081
6 140
812 878
1006 1009
291 389
733 734
582 1090
213 1144
327 720
81 170
647 847
187 188
312 448
626 644
65 82
718 727
109 125
168 174
456 461
1069 1070
220 221
517 1002
379 394
583 947
511 513
70 133
327 841
189 233
356 904
512 514
1084 1085
86 900
703 719
375 774
803 806
286 287
684 971
238 396
203 289
590 698
963 1060
542 658
817 826
496 511
848 850
1095 1099
681 822
750 1181
319 320
858 863
1037 1094
751 1182
519 530
89 388
351 394
353 992
208 345
935 939
980 1090
353 354
385 386
290 563
695 1106
620 963
169 273
140 475
431 538
5 21
65 72
51 137
22 110
689 690
575 668
199 417
419 420
59 114
543 1130
659 667
311 478
929 1165
150 152
528 592
247 579
994 1002
304 475
523 742
408 941
629 760
734 1191
149 272
183 185
215 217
455 464
1027 1035
112 390
812 881
952 1041
733 737
1046 1048
1052 1128
806 807
676 1106
37 67
735 1192
607 1006
108 127
995 1002
248 250
488 497
1039 1045
652 785
839 840
615 717
1090 1096
608 678
489 498
508 511
71 101
23 24
282 284
255 267
854 855
1102 1106
1123 1129
326 327
573 576
117 482
1071 1118
24 25
56 57
1008 1178
106 552
680 824
174 198
359 360
938 1119
517 946
2 351
256 267
337 341
396 427
308 314
636 637
19 31
79 82
556 910
939 940
209 686
90 91
275 631
88 396
628 669
381 383
74 232
1141 1154
801 826
423 645
972 973
23 37
123 124
810 911
521 808
302 504
600 1101
16 901
426 427
174 175
156 157
227 446
1008 1011
428 436
587 609
692 1040
920 1047
459 460
184 341
710 716
170 177
909 925
536 563
895 990
948 1002
772 776
171 178
783 785
222 223
829 901
543 544
481 483
38 408
525 526
805 809
392 411
596 815
903 1115
1104 1105
484 494
580 727
835 837
406 574
558 559
1137 1138
716 736
761 887
19 21
54 882
381 1011
382 976
423 599
230 470
188 882
192 852
569 573
587 707
738 876
382 1012
130 239
883 885
303 310
642 908
522 763
429 535
790 806
1001 1106
849 1121
1171 1172
449 1038
699 804
818 1170
373 374
344 347
480 1111
788 998
676 677
328 488
279 712
721 828
7 24
960 1110
26 37
272 444
372 531
406 407
911 925
130 131
595 868
566 1070
549 572
815 871
968 1050
127 205
377 645
211 433
264 588
376 766
610 704
690 1105
163 164
420 1101
702 707
81 94
325 720
196 835
887 981
724 725
958 1041
220 783
294 732
116 991
506 731
775 776
155 165
834 862
727 736
920 1014
249 846
1093 1122
738 745
757 758
465 470
1078 1079
779 782
280 281
799 989
251 254
529 756
108 205
173 334
513 519
265 417
612 790
736 1085
975 1187
295 296
502 509
554 556
842 843
207 332
941 965
791 877
217 233
524 533
605 607
704 729
24 67
75 149
276 288
767 785
471 643
878 881
944 1092
597 868
911 915
538 553
468 754
1178 1179
220 652
77 78
520 764
196 969
428 1175
462 1088
299 307
339 343
598 603
1111 1125
110 111
143 962
634 642
344 952
653 655
321 331
901 906
981 1015
1018 1162
979 1054
15 404
429 538
3 21
246 682
103 108
202 230
422 499
660 816
453 715
686 688
1007 1009
945 948
776 847
802 985
636 836
815 838
54 188
375 423
210 844
387 397
731 961
227 933
930 1170
479 480
583 946
77 320
86 814
415 724
282 460
461 462
61 83
741 745
172 179
819 930
512 513
71 133
691 744
771 773
17 836
222 939
1041 1042
940 1076
1051 1172
920 1131
203 288
590 697
295 371
332 847
276 278
258 260
546 547
591 698
800 808
527 533
616 1136
112 291
1099 1104
483 872
579 580
1140 1142
70 145
611 612
89 158
440 910
1069 1118
269 619
290 562
354 992
811 822
84 85
620 962
0 351
701 807
375 377
681 749
1114 1125
553 563
5 20
777 802
355 435
340 535
926 1190
947 984
677 980
637 907
690 1062
659 666
1005 1074
49 99
150 151
101 109
1020 1053
981 982
892 1133
412 416
711 712
696 849
44 923
295 505
83 97
455 643
529 592
1014 1015
630 1169
1006 1011
426 436
354 1005
550 651
108 126
235 1133
198 199
378 395
419 1070
909 934
996 1002
249 250
1028 1034
418 1111
439 905
508 510
937 1032
30 62
616 717
282 283
115 960
754 916
533 539
485 499
283 284
746 1177
315 316
286 289
605 829
277 469
5 10
618 619
870 983
389 567
796 805
877 879
333 486
1147 1148
750 1183
766 782
651 652
622 625
289 299
96 170
61 63
241 259
628 668
301 310
118 417
832 992
532 551
684 685
353 994
382 383
1134 1150
666 816
586 707
17 636
792 812
24 37
1164 1178
17 901
34 316
332 647
29 646
502 1058
285 306
375 645
516 584
479 1111
536 562
501 870
1009 1011
448 449
279 528
740 886
707 709
79 94
14 602
171 177
984 1103
896 990
182 186
1042 1044
481 482
219 482
485 489
773 776
1043 1045
482 483
505 961
186 341
547 549
806 809
245 247
771 851
817 818
1057 1065
421 589
987 1000
919 1131
518 787
1077 1159
818 819
850 851
322 323
418 1114
1101 1107
20 21
1012 1178
382 1011
52 53
831 874
507 1042
23 26
311 313
117 219
303 309
789 877
883 884
753 1183
201 298
60 322
702 729
275 1150
699 803
993 1021
304 310
344 346
876 881
375 599
495 515
833 1148
40 200
357 810
123 643
359 362
517 948
638 829
78 83
297 307
949 950
566 1069
625 1155
389 390
668 708
459 714
740 876
244 789
966 1039
198 264
159 193
119 120
490 701
651 655
209 688
924 1042
931 938
950 951
410 412
221 662
525 1153
134 136
422 423
655 774
454 455
273 443
988 1063
291 577
423 647
713 715
1091 1155
317 486
231 446
411 413
346 958
909 1035
363 373
977 1090
667 864
280 604
980 1095
1000 1073
834 861
292 578
366 527
187 1050
706 712
746 748
228 1051
185 186
225 933
1016 1017
36 1146
488 489
84 814
434 518
879 1048
739 745
779 781
991 1109
554 1108
251 253
1049 1050
521 522
28 769
558 669
219 220
211 216
98 159
165 1003
525 1166
69 132
781 863
522 523
358 909
1115 1117
554 555
1080 1159
80 1044
365 539
737 1085
39 109
252 253
392 413
101 200
875 1055
1096 1103
594 627
555 556
15 17
7 13
939 1076
59 60
285 286
415 890
73 632
1034 1164
588 589
57 773
1181 1183
868 872
492 701
472 643
879 881
92 93
299 306
30 32
498 515
615 951
58 100
275 623
106 665
221 652
923 924
621 622
139 204
113 152
653 654
960 991
125 126
610 729
384 386
956 957
429 537
643 646
654 655
1014 1047
686 687
187 1040
845 860
945 947
881 1048
114 152
687 688
967 971
556 1108
946 948
318 333
418 420
450 452
921 1120
816 838
720 721
798 906
163 395
555 919
1023 1024
849 1100
522 742
271 1160
62 83
454 458
81 96
111 613
702 709
244 877
225 226
985 997
233 1133
220 785
484 486
28 206
142 228
516 518
934 1180
767 774
786 787
226 227
258 259
465 472
1083 1159
602 743
296 371
692 1045
616 1135
670 877
932 1026
291 292
458 469
1111 1114
107 620
755 921
61 95
352 567
239 510
1060 1068
975 1189
569 650
627 628
248 860
325 326
217 235
918 920
357 358
467 904
915 1180
355 434
55 56
40 193
607 798
335 339
660 661
886 887
944 1094
298 308
457 710
224 1033
584 787
638 907
524 656
391 392
22 409
689 989
44 922
348 430
529 591
223 1073
167 275
321 333
572 589
32 50
424 425
175 624
203 277
683 685
748 751
105 565
60 148
226 446
685 731
482 780
168 175
158 427
387 399
986 1073
582 983
45 1044
490 491
209 478
679 1181
1029 1034
239 500
243 879
793 794
107 875
512 515
1084 1086
191 954
162 402
326 770
761 990
733 1157
254 256
240 321
286 288
140 1137
110 391
1077 1083
497 508
804 808
28 29
848 851
290 1081
1066 1073
1107 1111
546 549
278 469
76 334
788 1065
422 599
21 26
61 62
8 1139
206 300
90 534
852 857
892 893
120 1051
1140 1144
571 578
590 591
353 993
62 63
304 1137
352 390
353 355
239 333
666 815
51 53
397 398
811 824
656 658
95 96
60 367
127 128
419 565
960 1069
1032 1174
242 789
248 683
430 431
648 653
689 691
674 791
575 669
896 904
922 1042
39 200
319 334
707 708
738 812
194 977
986 1063
79 93
314 484
902 920
56 863
134 145
35 840
401 409
59 151
599 653
195 978
992 993
1153 1176
485 488
71 125
119 1068
183 186
1043 1044
194 195
717 1139
453 455
97 262
916 1119
548 1101
607 1007
1076 1077
581 726
599 774
1079 1082
18 1137
558 593
726 735
1058 1059
568 1052
554 1117
1109 1110
489 499
260 261
500 508
724 890
71 102
377 437
507 1041
822 824
854 856
252 671
501 509
605 975
1113 1116
596 597
844 848
526 1176
876 880
1008 1179
294 295
307 314
161 1163
132 233
285 475
5 12
73 821
46 50
594 672
155 222
588 598
358 810
19 32
1005 1066
490 700
122 453
74 413
160 416
96 172
432 1024
134 135
341 348
360 361
1153 1166
199 264
119 155
637 755
351 398
663 664
630 716
526 1153
363 372
566 960
160 272
741 812
687 841
754 931
17 638
826 1036
426 428
714 715
633 641
706 711
318 486
156 158
78 504
84 813
747 748
46 63
925 934
991 1108
750 753
957 966
201 202
383 996
880 1048
270 710
171 179
1024 1141
190 192
762 763
222 224
559 669
813 814
737 1084
610 751
144 161
640 1151
287 475
918 1132
1033 1082
8 13
552 665
53 164
115 664
30 31
278 282
312 949
506 1043
608 682
250 974
241 251
439 910
1109 1113
450 1148
20 23
880 881
31 32
430 532
1115 1129
300 422
614 618
64 65
905 910
903 1129
268 618
405 889
307 317
627 673
885 968
42 657
946 947
131 240
1023 1167
418 419
1116 1129
400 401
190 820
0 22
111 118
523 700
598 614
370 378
451 452
48 98
546 1098
81 95
295 958
478 585
92 1044
58 148
287 874
15 415
667 866
580 718
886 1053
296 959
466 467
727 737
498 648
757 759
216 441
517 518
202 277
716 727
573 678
166 211
121 963
747 751
138 378
620 875
311 943
386 479
539 658
324 504
364 540
131 338
791 793
4 5
736 1086
781 865
741 792
25 64
565 566
98 197
1152 1186
791 878
1112 1113
282 1037
165 223
249 860
123 455
919 920
857 859
70 71
187 885
468 755
557 567
1145 1146
761 891
57 775
888 932
462 1089
97 173
531 551
629 708
754 888
621 624
358 888
167 274
296 913
355 999
509 1057
572 588
175 623
45 922
683 684
103 109
33 310
302 318
105 564
60 147
699 808
986 987
137 138
1177 1192
0 398
518 998
713 828
126 128
813 915
184 335
546 571
1019 1020
917 1152
170 171
193 941
369 380
349 551
836 898
749 750
948 996
760 796
132 144
380 395
675 837
406 941
782 783
244 879
295 961
886 1020
100 197
254 255
39 101
432 441
850 954
1085 1086
236 237
476 484
521 635
1062 1102
815 816
539 540
986 1000
258 261
546 548
269 270
1 110
574 875
0 2
1099 1105
1119 1120
251 258
579 581
374 557
61 97
633 817
265 421
659 955
352 389
572 578
1184 1185
51 52
811 823
84 86
1155 1158
1082 1174
882 883
40 159
681 750
780 872
66 68
240 333
354 355
845 852
1185 1186
645 647
1117 1131
635 899
279 706
47 54
335 341
420 565
843 1013
687 765
564 960
22 411
677 837
287 831
989 1103
723 724
660 784
153 193
914 929
839 1164
677 1102
453 454
615 1041
382 839
629 796
415 836
982 1100
302 321
625 1091
607 777
52 146
278 458
456 644
802 989
438 1121
515 550
139 150
33 1072
379 397
558 628
765 841
905 1001
937 1033
77 324
555 1117
142 161
873 905
172 183
253 257
992 1005
725 890
650 1125
169 443
208 371
823 824
48 153
855 856
100 200
254 258
593 627
605 830
783 867
432 1167
276 282
594 671
1095 1102
586 587
766 783
559 570
1110 1118
58 59
622 626
96 171
889 890
432 1023
105 665
190 852
320 324
560 571
119 154
922 923
342 348
947 1096
1121 1132
586 708
1173 1179
364 366
397 400
343 429
212 1141
206 423
987 988
1146 1161
46 62
157 158
917 929
421 613
674 793
977 980
922 1044
74 160
894 982
740 887
379 387
751 753
190 191
314 486
219 663
1021 1022
172 173
279 385
29 768
194 835
711 716
609 705
223 224
371 913
1054 1055
72 91
764 844
497 500
269 456
695 1122
326 847
256 257
127 143
1055 1056
158 396
644 927
552 664
611 750
270 457
743 906
788 1057
479 1125
545 1070
1109 1112
1088 1089
260 263
52 234
500 510
560 561
676 1001
507 1043
290 291
942 971
322 360
242 251
451 1148
1121 1122
1113 1118
650 1128
593 594
384 600
617 951
466 898
215 233
60 359
431 531
86 762
297 308
747 1182
356 357
536 553
1013 1152
459 715
931 1119
2 390
119 121
659 660
950 952
210 913
1020 1047
286 414
994 995
53 212
232 443
122 720
652 657
692 693
92 1043
1016 1162
921 1190
345 585
43 512
72 81
45 64
916 931
975 1017
1016 1018
290 389
192 757
688 844
887 1053
26 50
167 175
121 962
156 425
564 665
758 759
991 1110
554 1109
642 813
456 457
452 832
521 523
760 805
267 1052
219 221
791 792
140 831
63 90
255 260
148 197
720 768
820 855
15 836
234 1140
365 540
792 793
70 214
824 825
875 1056
280 618
742 792
580 730
700 795
130 530
165 222
225 273
792 878
285 287
156 402
857 858
318 321
902 1046
297 298
862 973
1016 1031
329 330
283 1037
27 28
372 557
6 1137
188 885
858 859
30 33
506 1045
462 630
452 1074
289 293
549 598
902 1131
362 363
356 468
233 892
1163 1171
1115 1131
161 229
196 861
699 807
759 858
651 767
11 141
37 50
313 1037
329 487
903 1131
982 1132
916 921
700 808
126 127
945 984
658 662
184 334
724 836
731 732
595 871
369 379
429 430
35 1028
720 722
435 998
159 197
34 840
764 765
58 114
370 380
410 416
1023 1025
635 800
842 1013
565 964
627 796
454 459
732 961
185 334
225 227
468 888
850 953
424 436
910 1004
484 487
790 822
28 207
142 229
1056 1058
495 496
224 936
956 971
681 1181
733 1191
918 1124
66 90
298 476
43 515
746 752
786 788
676 1102
798 799
465 473
951 1041
1078 1082
521 899
574 1054
1057 1059
496 497
602 744
854 959
528 529
236 1175
0 1
838 871
178 187
259 261
414 1038
251 257
549 588
833 1021
561 562
479 529
131 340
448 950
402 425
829 907
255 263
562 563
102 133
34 35
627 629
66 67
14 694
1112 1115
325 327
595 596
55 57
686 943
67 68
659 846
471 646
175 275
1003 1064
628 629
48 54
177 693
100 101
464 643
931 932
391 393
531 553
778 802
555 910
1162 1173
1182 1188
223 1074
688 765
133 134
509 1059
1152 1165
424 426
429 541
395 399
122 124
694 695
130 510
52 145
845 864
685 732
27 646
884 941
83 1072
660 675
387 400
398 409
38 103
458 460
490 492
113 133
793 795
98 153
420 1107
682 698
480 600
207 325
254 257
39 103
110 392
1096 1097
405 1100
595 815
198 621
568 569
840 1028
1062 1104
1074 1078
266 267
516 787
726 746
616 874
1010 1179
259 902
316 353
590 592
675 816
542 552
104 964
304 1138
634 635
321 324
269 622
115 564
364 365
509 869
88 238
728 827
95 97
198 598
882 885
631 1160
419 566
1114 1128
365 366
448 1038
480 1107
76 83
648 654
668 669
56 779
787 998
907 914
16 743
319 335
208 913
284 414
41 656
678 682
50 67
520 770
544 1127
129 131
222 1076
908 915
219 662
153 159
151 378
59 152
380 387
401 410
832 1005
952 958
272 525
404 415
989 1105
414 874
102 113
162 164
734 735
194 196
280 385
772 847
194 870
916 1120
550 654
481 783
450 832
18 1138
431 553
611 749
278 460
270 456
457 462
104 1098
679 1149
128 143
444 1166
800 801
508 513
383 778
1059 1061
11 1135
784 942
1089 1169
101 125
322 359
107 205
113 136
261 263
172 185
117 664
779 863
685 856
1092 1094
305 306
257 558
617 950
564 566
743 797
3 4
803 811
823 826
35 36
254 260
294 296
631 1150
315 993
338 339
784 834
69 214
542 663
348 532
467 898
92 692
276 284
594 673
74 149
547 598
859 864
316 994
766 785
1005 1067
69 70
96 173
101 102
309 317
328 330
436 1175
632 821
360 362
53 211
195 969
638 901
199 265
372 373
619 622
404 405
149 444
603 614
93 692
951 952
574 965
287 414
361 363
914 921
754 932
301 1072
932 938
670 789
984 985
323 336
602 691
135 136
839 1012
626 639
438 439
537 561
10 141
330 497
168 169
201 203
368 380
383 997
400 412
118 168
471 472
272 1166
55 377
220 481
848 953
442 1168
820 854
1065 1067
711 718
262 334
492 796
325 768
684 966
537 538
616 831
56 759
544 1071
581 730
987 1003
1021 1145
115 665
157 402
1017 1031
129 340
1157 1191
42 43
268 269
493 882
301 303
400 425
786 869
818 1087
12 20
31 33
603 604
356 467
521 800
300 423
1080 1172
326 332
614 619
838 1001
268 619
347 949
108 109
121 228
123 646
617 1038
285 299
637 638
330 487
182 323
68 72
625 1158
354 435
400 402
52 213
281 710
691 694
591 756
670 671
224 1079
142 143
714 1092
48 99
721 722
42 550
92 1045
570 669
49 180
703 704
124 768
132 214
466 468
366 530
754 755
812 876
43 514
684 956
64 79
164 166
736 737
66 534
29 207
0 409
208 209
146 234
1039 1040
747 752
787 788
156 427
51 145
138 150
143 228
522 899
936 1033
229 1171
788 869
241 242
340 364
708 760
418 1107
386 480
4 6
85 897
448 949
263 266
781 866
274 275
25 65
329 476
35 1161
814 899
307 308
1127 1130
592 706
38 40
285 289
610 611
1145 1147
1031 1162
890 894
243 1046
478 949
533 656
19 26
739 761
556 905
218 235
299 309
1037 1092
160 410
655 767
84 915
621 625
509 1058
891 894
104 106
392 393
790 811
935 937
406 965
122 123
981 1053
973 1049
912 1182
298 465
953 954
373 379
986 988
425 426
216 432
106 560
682 756
206 647
968 970
407 408
518 999
85 357
846 864
546 572
458 459
168 391
250 955
514 656
948 997
966 1045
99 148
49 147
491 492
729 809
69 125
522 745
647 776
473 474
794 795
713 721
208 585
236 238
403 415
956 973
246 697
1056 1060
495 498
487 494
506 507
827 828
30 1072
596 666
1057 1061
576 608
697 718
641 817
1036 1087
861 969
381 1006
11 12
964 1098
230 465
597 667
617 874
510 519
634 814
545 1114
513 524
801 811
44 45
303 305
591 592
105 964
676 816
1123 1127
650 678
33 301
882 884
853 857
894 895
780 873
14 696
1112 1117
76 262
897 900
624 625
862 942
1156 1160
96 97
146 214
26 32
42 651
827 841
927 928
277 288
761 895
129 130
987 1058
320 335
672 674
111 112
230 298
422 648
690 691
723 725
988 1059
162 163
361 372
133 136
25 45
705 707
382 840
273 933
416 424
195 196
1014 1053
272 416
738 740
195 870
891 982
177 178
1026 1027
457 461
422 769
438 1122
128 142
228 229
731 966
612 749
1004 1124
531 532
755 914
680 1149
1069 1110
357 904
263 1126
513 514
120 1077
380 399
117 663
376 774
27 769
243 244
711 727
1063 1066
564 565
494 500
823 825
492 805
571 1098
173 185
13 1136
593 628
717 923
441 1168
203 293
497 511
869 1057
804 811
1096 1099
1062 1106
328 473
7 9
155 1076
859 863
316 993
1126 1127
839 1034
726 748
1118 1123
424 526
843 1184
58 60
349 532
601 604
861 972
1013 1186
328 329
151 367
852 860
757 851
619 621
163 378
1191 1192
587 705
922 924
947 1097
73 75
361 362
435 1065
437 766
324 331
1184 1189
397 401
343 430
664 665
166 388
403 889
671 789
883 968
409 411
697 698
674 794
128 132
347 585
312 478
427 428
457 716
986 1066
398 401
1032 1033
41 658
434 998
622 640
320 338
401 412
31 1138
41 514
797 906
162 395
47 179
1014 1020
582 1097
294 959
217 218
56 758
623 1134
579 719
644 928
685 966
611 751
144 233
1039 1049
384 480
164 211
830 975
119 963
313 1094
9 45
27 471
797 798
829 830
1022 1145
545 1071
301 302
1040 1050
483 867
519 524
752 912
560 562
256 559
22 392
649 1128
261 903
923 1139
563 567
461 928
436 526
290 292
242 252
293 297
725 894
13 20
384 601
703 726
1136 1139
609 719
855 860
895 896
485 769
367 368
241 1046
431 532
1017 1187
86 763
1029 1161
896 897
276 286
356 358
466 755
368 369
124 646
1187 1189
55 775
612 729
597 866
659 661
176 693
98 99
28 300
416 525
943 1094
90 95
212 1024
268 281
246 608
921 926
578 1081
53 213
151 370
33 1138
356 888
247 609
962 963
954 959
104 560
1 22
434 435
1134 1155
32 46
72 82
625 640
670 791
174 624
135 138
693 1040
995 996
581 719
467 468
34 995
156 426
218 1075
157 162
67 534
267 559
889 1100
1028 1029
193 493
1061 1063
517 999
194 983
918 1014
838 905
471 474
440 1124
709 760
501 502
231 232
888 1027
407 574
742 793
175 1091
152 204
38 39
264 265
870 978
902 1047
297 299
782 865
869 870
976 996
1076 1083
1095 1096
1021 1147
36 1161
383 976
27 29
758 773
570 573
270 281
568 649
902 903
493 884
600 601
1124 1132
104 105
753 1188
935 936
819 1170
614 621
345 347
633 634
105 106
876 886
295 346
936 937
459 1092
968 969
94 176
359 367
913 953
666 667
945 985
577 589
658 663
51 134
138 139
762 900
830 1184
337 348
595 872
969 970
429 431
333 494
467 723
223 1000
35 1029
99 147
503 1054
699 700
918 1004
150 378
171 172
169 391
82 94
994 999
207 768
749 822
676 838
889 982
623 1091
66 91
298 477
1084 1157
209 585
777 1006
177 187
562 1081
237 238
336 360
661 974
247 697
574 1055
54 153
732 854
766 767
917 1165
178 188
1031 1187
634 813
489 495
250 967
1061 1066
760 809
871 905
1070 1114
864 866
828 943
635 814
1123 1126
606 1016
667 846
201 293
1 2
514 524
234 1144
34 36
606 607
832 833
865 867
1112 1116
304 305
695 1093
336 337
875 1060
1135 1136
595 597
1167 1168
639 640
137 164
884 965
310 1138
243 1048
358 1035
340 343
266 543
100 102
739 763
672 673
1019 1046
723 904
221 657
136 204
452 1078
982 1015
873 1108
361 551
988 1058
801 823
303 317
115 117
403 404
454 715
439 1001
694 696
825 1036
738 739
891 981
342 430
968 972
661 784
1015 1053
167 169
502 1056
739 740
77 504
469 470
229 1163
673 794
772 773
131 331
54 493
1143 1174
502 503
47 188
454 463
1120 1190
1100 1132
705 719
490 794
805 806
441 1167
524 527
460 1037
476 487
420 964
569 678
568 570
7 8
