539 543
266 268
117 554
357 386
316 534
294 595
494 620
352 536
526 609
231 575
252 369
498 510
343 344
569 570
158 707
433 646
41 42
73 74
251 526
559 642
585 780
142 210
548 632
286 483
521 615
106 107
164 377
32 78
208 420
454 561
96 773
68 754
279 300
398 400
657 660
396 476
442 443
272 706
237 748
280 301
399 401
248 577
323 491
19 525
195 342
71 572
97 673
173 174
405 417
153 461
125 399
433 515
206 207
509 510
236 760
239 240
406 417
101 535
463 808
624 725
670 692
227 531
542 543
261 264
221 228
105 282
305 307
657 758
509 631
3 5
28 178
273 274
338 340
482 762
161 298
306 307
677 745
135 425
789 806
372 783
647 722
113 114
244 597
339 340
208 531
403 590
770 792
102 104
146 147
135 137
562 619
714 753
179 180
38 241
386 393
390 772
74 572
190 338
275 562
113 500
8 218
708 709
168 170
186 633
575 674
200 388
493 641
278 716
477 696
718 759
471 473
516 624
436 515
96 187
101 116
541 717
606 783
10 263
111 166
304 481
174 780
275 454
202 204
74 284
91 373
505 507
497 503
222 298
329 510
537 539
35 63
9 11
214 443
106 352
300 483
63 656
390 785
9 685
279 280
666 689
810 819
162 289
80 299
621 803
312 313
546 629
731 791
10 11
313 314
241 554
43 44
380 718
117 753
346 347
154 671
76 77
540 706
2 802
142 144
412 413
175 177
463 464
547 723
146 150
571 671
359 788
157 802
357 598
115 656
112 242
186 191
82 479
182 337
127 401
54 417
408 649
209 211
781 782
7 76
440 452
511 512
202 580
175 563
770 772
814 815
83 745
12 47
40 783
123 372
336 516
16 17
95 310
5 645
587 772
199 547
112 628
653 717
492 620
329 513
49 50
769 785
132 722
312 689
87 162
588 593
14 586
50 51
82 83
166 720
265 613
291 751
327 408
179 281
3 613
143 736
278 552
160 676
83 84
334 340
607 727
654 659
659 774
72 74
516 725
229 403
456 594
116 117
11 818
494 557
198 644
418 424
149 150
169 357
453 790
321 491
680 689
101 747
204 580
651 662
114 686
220 704
182 183
322 343
462 466
441 443
507 617
485 486
776 778
456 571
215 216
506 508
472 781
64 312
518 519
248 249
694 744
399 567
425 705
411 541
396 678
181 344
23 661
124 713
12 14
230 502
584 585
772 785
530 614
395 798
548 631
360 431
123 375
458 594
40 606
389 760
312 656
447 472
144 434
67 71
52 171
586 779
698 728
78 80
20 404
272 705
399 400
262 282
414 416
720 751
103 523
144 146
432 433
735 736
387 547
223 704
303 584
0 812
276 716
241 609
497 535
480 482
178 180
439 450
381 768
389 629
301 516
158 696
532 757
211 213
783 784
671 692
94 302
255 256
85 482
311 565
244 246
559 752
18 19
483 613
162 298
789 805
673 773
760 778
23 219
208 530
631 633
367 703
419 484
59 178
245 597
88 650
124 307
275 476
376 379
103 104
258 652
77 640
646 648
66 73
691 799
164 379
32 80
7 661
428 654
136 137
614 701
445 743
599 801
391 772
118 119
439 440
442 445
169 170
488 561
485 672
151 152
184 186
472 473
149 457
517 624
437 515
230 302
114 499
468 619
202 203
546 687
505 506
1 478
107 496
214 442
125 401
558 777
137 604
70 285
183 491
250 252
538 539
220 638
28 59
267 341
520 521
81 479
287 404
499 583
3 645
25 26
258 377
90 384
32 34
604 605
160 479
268 570
153 440
74 296
302 303
14 16
672 776
32 299
338 342
154 670
319 328
30 225
155 671
638 639
421 641
245 564
62 708
372 376
196 644
664 669
176 177
513 616
451 790
411 717
470 803
143 408
99 747
209 210
6 30
158 244
156 463
738 819
770 771
762 767
242 243
108 688
84 480
224 225
176 563
314 756
771 772
803 804
587 771
244 697
226 420
713 767
13 47
222 529
535 617
276 277
106 354
654 717
407 431
44 379
191 398
6 7
349 755
102 240
229 281
356 385
275 397
21 23
487 576
341 342
599 637
39 40
21 517
39 714
762 780
668 773
334 339
593 599
72 73
105 107
341 643
494 556
30 601
375 376
574 585
138 140
710 711
261 390
331 714
408 409
319 560
592 755
370 791
8 704
42 288
314 481
535 715
247 577
286 419
441 442
412 415
284 495
15 599
649 736
569 627
542 610
455 462
315 567
635 694
172 289
18 51
718 728
810 811
209 213
353 715
508 509
540 541
266 338
799 801
12 13
230 501
114 698
176 530
341 597
233 655
123 783
358 686
573 574
544 776
13 14
28 402
304 306
481 756
162 222
735 758
447 471
97 501
46 47
78 79
412 778
145 434
53 171
370 372
414 415
139 210
352 354
264 390
550 604
22 219
74 495
515 646
447 448
131 620
673 674
233 259
145 146
436 438
695 698
667 716
431 768
480 481
331 681
464 802
178 179
348 361
469 471
273 596
119 538
440 444
163 581
100 116
89 595
249 733
211 212
249 504
576 719
520 818
533 757
761 764
181 189
740 741
76 661
212 213
134 639
244 245
95 302
148 457
151 462
599 738
506 510
64 314
245 246
295 592
277 278
69 285
104 737
19 284
581 582
130 646
419 483
251 527
368 703
72 704
151 439
392 651
66 72
691 798
164 378
32 79
191 777
715 746
595 601
364 668
236 748
377 378
70 572
184 185
136 437
569 813
140 407
141 143
112 345
231 674
659 743
465 612
269 408
437 550
253 729
623 640
141 408
380 690
740 816
746 747
57 265
195 644
444 445
237 726
311 675
439 452
120 815
251 252
458 465
477 478
494 647
29 59
812 813
343 600
608 754
421 519
181 192
500 583
273 275
711 766
276 466
15 16
427 598
47 48
150 735
344 600
318 319
350 351
135 426
509 524
86 161
498 514
383 384
139 432
81 82
59 180
23 77
215 427
664 668
528 658
47 205
114 115
398 777
240 340
544 602
703 775
417 418
449 450
368 382
311 665
85 173
477 697
316 600
274 454
60 265
184 188
483 484
522 741
41 288
742 744
181 182
358 718
91 374
13 46
505 508
516 517
487 719
300 484
748 760
247 249
682 814
102 239
549 550
107 354
21 22
507 553
445 578
51 422
121 783
103 240
462 667
335 626
293 480
166 525
354 496
34 226
277 621
305 311
260 797
12 732
43 45
132 648
615 616
246 670
649 758
87 88
672 778
593 634
144 213
329 524
342 643
454 555
80 228
31 601
126 573
214 457
145 443
115 680
145 214
121 122
344 688
171 208
549 648
682 683
569 626
547 724
154 155
9 820
5 175
364 373
215 659
678 798
14 489
222 289
187 188
460 612
654 706
78 281
467 471
446 448
190 342
428 659
449 453
463 766
54 418
158 246
156 465
70 133
52 493
187 309
253 254
170 485
792 797
62 314
556 557
286 287
329 514
589 590
49 51
340 523
796 803
319 320
37 113
81 677
362 547
352 353
511 526
210 269
160 677
83 85
88 200
148 214
353 354
385 386
4 57
570 697
48 392
650 726
274 555
81 160
706 743
21 640
270 441
134 517
437 438
119 537
37 355
270 706
138 407
452 453
485 487
629 760
215 217
56 489
77 661
237 650
3 483
64 313
806 807
395 678
33 362
312 680
152 462
105 616
90 487
396 679
750 762
173 750
821 822
508 511
241 512
25 479
627 813
527 609
101 617
123 376
24 25
155 594
87 310
315 317
500 628
79 226
359 360
700 802
57 58
395 691
496 514
306 762
250 309
309 773
90 91
289 529
502 673
549 605
262 283
92 775
291 755
21 77
141 142
144 147
248 384
233 261
284 572
303 585
145 148
83 173
624 640
273 562
459 460
58 265
490 676
242 611
109 347
189 190
469 473
29 58
238 726
492 493
94 303
709 756
533 759
721 730
404 645
485 719
411 653
237 388
503 507
576 577
558 559
18 20
460 667
660 692
411 545
63 64
510 524
729 791
634 819
130 648
30 295
639 754
52 54
369 664
579 623
444 578
348 690
142 213
643 644
528 657
326 559
18 177
317 739
117 714
493 556
373 374
48 205
676 677
668 673
614 702
118 120
397 475
130 131
135 438
488 742
108 192
133 285
39 241
151 153
163 164
522 740
140 409
60 300
111 611
12 489
212 434
491 752
364 382
35 243
309 632
196 197
246 692
575 602
675 689
686 698
546 724
247 248
362 723
520 522
179 229
425 699
413 545
406 420
184 573
218 220
283 615
498 503
262 263
510 514
29 61
335 625
64 656
10 685
31 479
258 378
451 693
81 745
590 622
182 239
132 647
88 232
294 480
167 525
175 645
449 619
181 688
807 821
586 593
488 732
380 381
62 709
352 807
529 589
46 392
203 684
125 127
274 744
449 596
415 603
43 731
42 623
365 602
423 723
365 373
446 447
3 286
136 550
470 804
417 420
330 681
449 452
473 809
520 741
147 150
327 346
79 281
347 361
6 31
210 435
156 464
55 561
121 543
267 597
19 495
218 704
211 436
511 548
254 663
192 688
361 380
238 575
479 601
405 423
114 359
276 278
86 297
103 615
546 547
6 8
538 543
737 752
356 386
694 790
353 497
138 429
424 557
770 785
414 629
157 707
432 646
512 526
324 326
344 533
477 568
84 85
153 444
375 377
141 210
65 71
307 767
201 377
368 374
14 779
271 441
390 392
678 679
18 749
142 147
488 555
344 690
211 426
22 639
257 542
9 822
204 652
56 488
630 760
103 340
143 147
323 343
129 249
216 217
172 290
152 461
54 420
621 796
387 629
459 734
508 510
91 487
266 339
288 623
234 652
174 750
5 563
282 283
131 788
252 669
150 658
28 403
315 316
721 775
97 502
231 502
277 469
46 48
618 619
88 310
316 317
208 226
496 513
532 695
738 800
360 768
194 327
349 350
280 516
53 208
366 668
138 432
290 529
55 397
475 691
550 605
248 383
362 405
292 755
166 350
151 450
245 643
4 59
224 291
638 754
268 626
363 406
228 590
495 525
415 416
277 711
305 401
109 346
218 661
224 592
4 180
163 582
106 685
470 473
481 482
393 635
273 453
110 346
84 294
462 734
503 506
394 635
253 367
681 814
507 512
19 20
308 797
528 571
322 323
13 391
292 709
52 53
369 663
311 313
447 619
259 797
170 719
72 296
53 54
186 318
325 513
147 735
528 692
388 389
131 647
86 87
676 712
421 422
133 284
119 120
651 655
136 438
82 89
370 376
128 205
681 683
152 153
260 769
203 235
411 413
35 242
437 551
269 409
194 644
279 639
455 456
486 672
202 684
603 699
36 243
110 192
108 348
620 788
488 489
186 187
218 219
99 793
209 436
189 192
155 465
503 617
509 548
235 308
602 776
521 522
680 695
6 76
219 220
333 816
367 729
159 700
522 523
215 451
85 750
276 467
183 239
15 17
386 598
587 588
285 286
684 786
216 452
318 320
95 162
320 509
227 281
90 721
489 732
139 433
81 83
46 391
17 593
653 654
66 220
376 791
125 126
256 609
764 787
293 756
400 739
47 206
43 730
215 693
158 159
557 722
311 401
28 229
94 174
44 582
228 403
25 160
128 581
119 761
148 150
133 287
192 193
451 453
321 752
26 160
181 183
539 682
201 543
188 573
224 755
786 787
350 751
38 256
226 227
370 729
397 454
235 684
744 790
255 370
682 815
549 551
92 721
197 657
259 260
121 784
442 461
293 481
354 497
171 641
679 782
330 814
292 293
324 325
517 640
66 704
407 768
127 305
22 23
492 583
325 326
317 322
122 375
342 644
669 773
39 606
55 56
379 791
446 472
45 128
358 359
390 391
261 655
121 123
693 694
453 596
22 638
391 392
423 424
169 428
385 577
154 156
93 289
212 426
129 248
621 710
170 545
177 404
149 571
223 291
529 712
396 448
8 223
654 743
565 665
91 486
206 732
460 734
345 518
360 381
253 255
211 438
793 794
555 742
232 726
21 134
139 269
254 256
505 512
16 55
44 791
589 591
220 608
28 29
272 426
22 134
695 757
359 430
12 206
500 518
138 431
102 737
590 591
361 768
589 712
62 63
38 609
94 95
199 297
31 75
296 495
623 624
267 697
363 405
393 693
375 379
37 500
185 398
212 272
65 73
430 431
564 660
380 759
128 129
387 389
739 777
271 443
161 162
225 592
219 661
441 445
270 743
68 608
194 195
154 159
197 758
426 438
477 812
598 693
497 498
696 707
165 662
33 363
233 308
765 806
136 604
530 531
52 641
333 740
515 551
219 638
260 261
747 794
266 341
326 737
447 618
293 294
326 328
339 410
610 761
24 26
294 295
440 578
252 527
79 227
204 258
57 59
355 656
629 630
448 618
134 279
20 177
317 400
90 92
502 674
448 474
588 634
728 757
217 578
681 682
652 655
241 526
83 89
411 412
663 664
322 600
203 234
198 564
121 201
332 793
75 579
149 528
69 419
208 614
124 126
54 556
696 697
683 727
472 809
553 617
270 445
490 677
157 159
109 348
209 435
729 730
205 581
117 617
317 642
492 494
484 639
100 793
641 702
234 235
36 628
504 733
223 225
622 725
795 796
539 727
267 268
501 584
232 310
199 362
558 560
295 595
216 451
300 301
335 816
30 31
109 361
333 334
90 576
326 560
78 229
625 627
50 167
26 676
279 484
383 721
424 722
397 476
97 98
26 712
13 779
130 132
45 582
33 199
177 701
148 149
264 769
217 774
163 165
451 452
128 207
446 782
60 301
62 756
285 419
175 404
196 198
201 542
466 467
458 612
757 759
499 500
464 808
336 622
358 381
283 616
230 232
475 637
550 551
634 810
34 406
232 650
89 601
532 533
658 758
4 5
451 694
256 369
421 702
179 531
33 297
19 133
565 566
49 421
317 321
583 620
276 469
27 402
334 410
70 71
356 577
800 819
658 735
139 435
86 200
91 544
395 397
419 754
155 156
794 817
187 633
247 504
35 355
369 609
530 563
66 608
119 763
566 665
221 222
11 263
111 350
184 191
710 795
203 204
50 111
352 821
246 660
361 381
254 255
163 662
278 612
505 511
55 454
236 237
194 649
106 536
656 680
51 749
140 269
324 615
588 810
635 742
0 2
170 413
450 467
368 663
414 630
201 257
321 322
25 31
104 324
636 742
127 307
574 767
325 328
212 271
122 377
261 392
364 664
99 101
387 388
446 474
591 712
781 809
330 793
490 745
723 724
128 249
196 649
15 637
596 619
435 436
345 628
559 737
351 708
486 487
8 225
34 363
401 565
197 649
288 624
729 775
585 767
555 744
35 708
191 318
553 554
519 641
350 720
277 470
204 257
80 221
208 227
594 671
746 805
586 587
58 59
4 613
352 765
349 351
333 523
280 517
393 394
130 429
410 626
402 622
91 92
27 336
292 756
412 672
625 816
364 366
204 234
124 125
84 89
165 651
331 683
390 769
131 429
383 730
150 528
168 576
568 812
157 158
395 475
92 703
580 786
139 140
200 650
172 173
77 579
102 752
205 207
493 494
223 224
179 563
558 739
526 527
394 636
400 567
426 705
253 368
412 541
559 560
336 402
476 562
257 258
288 591
289 290
254 369
140 347
137 687
27 61
593 738
156 700
465 552
49 345
20 287
459 594
78 228
625 626
50 166
126 713
304 311
35 37
795 808
587 779
626 627
86 88
106 820
736 758
769 792
68 70
356 357
328 524
45 581
384 721
604 724
328 560
448 476
460 716
446 781
492 519
130 432
384 577
535 746
60 336
455 457
665 675
288 725
274 790
110 193
216 440
321 642
152 455
199 387
687 699
186 188
470 621
99 794
189 193
230 231
456 457
427 659
119 543
65 572
573 713
521 523
347 407
772 779
543 727
182 190
415 541
177 749
373 544
18 167
732 742
63 355
422 702
40 371
562 596
172 490
292 592
20 133
285 287
356 576
297 298
667 734
532 689
27 28
236 776
357 428
330 331
362 363
60 61
86 199
110 327
75 77
528 660
395 396
320 631
344 759
93 94
304 314
187 632
108 110
396 397
532 666
222 589
43 129
429 430
319 558
688 690
536 821
531 563
281 531
67 608
539 683
2 707
115 355
193 194
798 799
41 591
255 371
496 497
608 638
141 269
0 1
346 409
198 245
259 261
498 506
450 466
575 726
24 623
820 822
33 34
41 712
292 294
256 371
474 679
33 299
607 714
581 662
66 67
107 513
39 607
14 56
67 68
345 421
99 100
44 164
45 129
358 360
319 777
246 564
63 708
97 584
606 727
100 101
202 786
423 605
290 490
247 385
331 607
94 780
637 799
621 711
166 167
416 687
549 722
417 423
168 356
391 779
199 200
250 511
458 460
637 691
49 112
206 733
345 519
262 521
730 775
233 234
250 632
16 56
804 809
587 811
568 569
266 267
117 553
298 299
37 115
154 700
449 468
463 552
374 703
2 157
635 744
158 670
333 522
243 628
16 586
350 611
331 332
291 296
129 383
353 765
334 523
62 64
168 719
10 282
31 76
364 365
15 397
276 667
403 622
142 209
635 636
302 310
393 694
413 672
185 399
365 366
252 309
96 98
668 669
93 172
746 817
766 795
398 399
176 701
701 702
239 491
69 754
236 602
135 699
205 206
194 196
434 443
5 180
164 582
268 410
180 563
534 566
84 595
765 807
273 790
401 567
254 368
800 801
27 60
115 698
766 808
685 820
178 229
359 686
301 336
57 613
38 371
157 700
305 306
260 792
3 4
367 775
35 36
30 595
296 751
338 339
36 37
161 297
68 69
134 280
93 162
504 636
371 372
271 434
290 676
58 61
604 723
69 70
394 504
137 699
492 518
290 712
318 631
384 576
557 647
743 774
300 613
102 103
374 382
239 337
493 519
398 739
405 406
292 349
124 127
135 136
562 618
240 338
225 295
48 662
190 337
221 590
113 499
689 695
729 731
168 169
471 472
282 685
597 697
751 755
0 478
542 761
182 189
415 540
574 713
537 682
10 262
422 701
39 554
151 466
365 575
125 185
1 707
537 538
382 664
60 613
455 734
9 10
173 490
253 370
727 784
357 427
80 298
126 185
333 335
456 734
75 76
105 513
165 378
25 75
425 603
257 610
304 313
108 109
413 485
65 67
15 475
109 110
97 773
540 705
695 728
687 724
750 780
670 671
536 820
142 143
286 645
366 674
433 435
583 788
414 687
175 176
385 394
503 535
312 675
467 469
478 707
405 723
346 408
173 745
189 195
456 459
53 420
620 647
207 249
347 409
680 698
532 534
545 653
215 598
233 652
274 275
359 499
106 282
430 788
565 567
49 422
116 332
447 468
38 40
87 161
236 778
486 544
43 383
648 722
98 584
193 327
143 735
424 605
369 669
551 646
122 123
425 426
118 763
198 643
319 524
26 42
418 423
458 459
61 265
155 458
429 432
715 789
566 666
251 511
710 796
50 112
207 733
327 649
92 374
266 410
98 188
263 521
771 811
236 238
306 482
506 507
324 616
484 754
603 705
349 709
416 699
414 546
588 811
197 660
270 272
450 468
181 343
159 670
201 258
98 574
353 535
324 737
17 586
321 323
351 611
44 45
477 570
408 736
360 430
805 817
164 375
418 557
325 329
381 718
96 97
214 461
578 774
268 697
388 650
657 658
315 400
396 474
331 753
100 332
486 776
747 817
35 611
111 112
570 626
17 599
540 603
257 580
144 145
637 801
52 556
468 471
387 546
533 600
373 382
351 709
590 725
457 461
228 229
24 579
439 449
424 549
183 343
393 598
513 514
508 548
388 748
636 733
466 667
512 554
315 534
80 222
767 780
586 588
328 329
552 711
558 642
72 223
605 723
303 501
631 632
607 683
348 688
543 784
87 95
240 337
131 430
530 701
24 75
428 653
568 813
120 537
221 589
473 804
122 201
580 787
599 800
378 652
427 428
93 174
279 301
518 583
718 757
516 622
442 444
0 477
18 525
730 731
172 174
149 456
571 594
543 761
763 764
610 787
495 720
382 663
482 750
642 739
366 575
70 284
612 716
250 251
349 751
474 782
260 264
126 184
137 724
525 720
334 335
105 283
32 33
610 764
153 439
358 728
34 79
367 368
338 341
48 651
571 692
65 66
630 778
523 615
422 749
307 762
642 752
68 71
316 322
318 777
537 815
51 167
261 651
183 323
499 788
534 666
113 115
171 614
366 673
318 633
169 653
131 132
535 747
287 645
124 767
146 148
226 406
24 42
164 165
73 572
309 669
165 655
7 218
769 770
386 394
199 388
467 468
263 818
169 545
197 198
435 515
313 675
540 717
378 655
580 610
102 491
190 195
96 188
101 117
606 784
501 502
533 534
464 700
231 232
40 372
244 696
231 726
566 567
665 689
38 39
96 309
444 461
297 299
634 738
15 55
27 29
330 332
348 380
554 714
335 410
412 630
259 308
632 633
116 753
93 95
296 720
665 666
105 106
94 585
283 521
690 759
574 584
26 41
478 696
765 789
36 500
138 139
429 431
320 524
385 504
536 822
213 434
552 766
732 733
579 640
263 520
463 465
741 818
455 461
171 702
306 481
193 195
706 717
111 242
185 191
611 708
711 795
237 238
315 566
496 498
715 765
6 225
325 616
746 789
112 243
270 271
98 573
292 295
271 272
1 2
365 544
82 601
606 607
72 291
418 556
308 684
304 305
415 630
555 561
337 338
597 643
445 774
277 552
370 371
476 618
402 403
332 753
705 706
551 648
216 578
416 603
302 501
44 731
361 407
217 659
238 602
197 564
552 612
369 527
168 357
436 437
686 728
56 561
534 600
591 725
469 470
250 548
518 628
230 310
636 732
205 662
701 749
85 480
761 763
233 235
512 553
805 806
389 748
568 570
104 615
7 8
