96 351
536 537
654 758
907 938
287 327
40 41
450 879
544 886
380 555
650 1053
132 798
343 344
153 592
706 1070
252 634
41 42
458 739
872 873
857 973
803 1002
89 198
423 452
45 686
376 377
246 676
613 878
921 994
658 1029
74 75
203 714
532 624
154 1087
1033 1055
431 721
937 938
319 925
202 260
329 975
673 748
80 908
176 882
476 994
55 735
422 1023
938 939
964 1077
530 556
195 486
769 838
31 643
941 1093
370 1012
5 325
30 269
6 61
960 963
92 1004
837 892
169 204
475 476
298 843
12 486
140 406
1028 1097
874 1039
99 225
544 755
290 759
933 945
569 1077
322 1057
451 942
114 762
468 882
710 1053
398 521
182 259
151 680
414 502
107 759
869 1082
378 1073
81 212
276 308
135 1086
941 1070
207 208
239 240
978 988
200 843
126 628
59 575
542 543
287 582
821 861
356 1090
71 549
658 983
366 466
410 652
305 307
497 657
3 5
709 805
153 209
834 836
866 868
324 585
273 274
409 809
791 1103
310 421
724 784
88 494
249 411
194 475
145 848
608 609
712 1075
732 1053
966 991
336 824
306 307
85 159
64 136
268 689
207 679
344 1093
29 35
547 864
609 610
537 850
17 326
196 557
944 945
621 1078
949 1023
224 884
642 643
434 614
674 675
23 714
590 861
369 484
111 1092
877 1040
147 520
675 676
895 908
135 137
338 762
873 1006
262 852
55 702
391 508
145 187
129 508
21 417
236 305
653 1002
708 709
133 478
210 841
180 181
377 838
839 1049
404 563
303 660
946 995
593 728
791 972
115 280
615 746
358 1090
57 604
1 1081
108 915
491 716
931 988
110 121
994 1044
774 775
84 743
246 247
671 948
217 449
405 420
1098 1101
1077 1078
287 922
890 1072
150 279
9 11
661 754
235 237
936 959
807 808
861 928
136 1018
279 280
718 736
862 1009
390 1050
40 937
891 1072
89 384
858 895
451 657
10 11
563 569
70 1045
245 1046
185 766
335 445
529 576
840 963
313 314
418 745
196 632
345 346
225 1104
782 1021
43 44
875 1069
761 818
114 1007
525 578
346 347
259 428
818 980
187 848
429 1019
797 1006
156 1089
198 677
205 344
578 818
670 672
358 1080
364 974
48 100
278 333
225 1081
28 387
341 618
412 678
799 1087
552 801
191 301
141 1087
232 302
109 497
704 706
463 729
104 1056
19 194
893 987
352 483
478 708
435 746
916 970
22 348
656 751
268 489
456 460
241 243
350 824
886 947
530 1020
362 798
511 512
760 1073
814 815
859 966
640 662
589 962
544 545
865 866
810 930
442 534
16 17
538 916
450 1032
420 515
794 842
839 993
557 749
254 977
577 578
851 967
49 50
395 458
24 551
1079 1090
682 1045
77 297
50 51
63 70
374 749
1030 1054
689 761
389 420
552 935
78 378
406 472
631 1085
155 747
142 628
1031 1055
83 84
115 116
727 909
319 440
521 1069
368 976
642 950
373 825
639 1061
188 371
555 573
430 658
497 568
28 269
149 150
617 633
440 442
138 406
200 201
518 627
824 962
363 753
149 644
817 923
977 1061
660 976
842 1016
807 909
236 1057
486 823
158 729
593 806
724 731
1044 1087
207 770
716 876
215 216
157 769
556 1040
1005 1015
231 309
1097 1098
686 969
1079 1080
355 906
703 1058
187 913
972 1103
367 880
281 282
285 810
252 633
30 291
12 14
230 502
562 975
97 1104
314 315
324 1003
424 452
91 1066
863 908
188 361
204 714
725 974
509 941
864 989
804 858
95 169
31 642
894 1017
566 657
218 468
750 1003
6 60
905 1026
111 113
399 400
1070 1093
415 524
32 643
381 382
49 812
71 571
799 1044
363 1008
148 1083
251 538
410 674
730 1030
776 997
1010 1084
142 222
473 730
833 893
760 909
292 575
263 1006
735 736
177 179
604 661
465 466
13 751
143 186
75 168
152 680
176 220
224 785
955 1004
423 994
239 419
872 1006
978 987
115 469
488 980
1030 1034
489 716
126 627
968 1059
136 1086
258 554
959 1010
421 926
333 813
822 861
454 465
658 1018
42 786
235 1064
834 835
411 652
45 940
702 981
288 289
694 711
835 836
767 781
493 578
867 868
18 19
445 501
338 375
405 465
1097 1101
105 847
967 991
885 1038
537 849
26 782
310 312
112 971
149 215
56 661
901 902
339 375
317 473
609 730
707 1036
894 899
39 1022
608 1030
6 845
649 802
286 750
715 747
258 917
136 137
219 809
558 1029
385 463
313 444
679 681
118 119
379 389
441 1038
308 774
407 896
237 305
549 571
257 283
211 841
305 705
945 1065
151 152
857 952
431 435
524 663
116 280
264 852
172 211
202 877
939 1027
744 931
255 331
306 705
754 981
139 299
235 236
793 909
3 524
651 825
129 520
201 625
450 1100
640 815
262 900
436 936
201 661
238 283
770 781
882 1022
433 867
422 629
511 966
261 266
41 937
159 255
27 1002
1092 1097
397 572
74 705
572 573
502 737
265 910
361 389
429 1018
142 696
317 319
837 992
35 304
21 177
214 455
335 336
739 951
940 941
912 1022
84 202
92 731
328 562
640 828
80 82
401 403
1051 1073
930 1012
383 385
671 672
369 450
529 588
394 543
222 696
66 943
72 83
416 418
704 705
655 1078
256 1103
260 399
192 301
233 302
10 144
437 626
64 1018
105 1056
105 647
353 483
517 1000
478 514
191 192
123 286
155 504
309 333
607 893
161 169
242 243
873 900
501 503
780 821
436 1011
770 1036
543 765
771 772
1062 1064
46 453
632 922
18 205
593 622
790 870
276 277
365 843
321 428
308 309
685 970
537 806
485 616
6 7
77 296
523 907
792 952
510 974
247 1009
582 584
88 427
254 639
88 198
342 343
79 378
558 721
72 73
531 624
50 1074
841 929
555 572
553 791
232 327
993 1063
204 494
771 870
138 140
9 26
316 326
184 781
565 881
857 909
51 1074
75 236
437 472
743 744
473 654
439 927
441 442
344 509
113 613
182 218
1050 1080
646 1076
646 847
58 417
260 1040
629 1023
113 878
175 444
82 216
736 740
56 981
198 427
174 219
126 142
169 778
238 240
810 811
258 972
687 969
519 747
500 505
619 834
340 1041
12 13
78 1041
253 893
841 1063
521 564
541 542
284 737
382 1043
13 14
235 844
1 677
277 432
221 946
667 883
193 618
346 568
590 928
46 47
509 940
78 79
815 1046
84 159
337 339
94 203
460 675
726 974
733 833
476 799
248 526
2 205
175 313
370 372
942 943
297 1062
414 415
373 526
264 619
112 113
663 890
333 835
319 442
653 696
447 448
97 478
606 621
813 834
336 351
436 438
152 679
655 662
294 354
547 571
480 481
546 755
329 986
458 871
11 1085
355 895
366 379
178 179
117 349
739 741
975 1097
469 471
250 958
848 913
240 419
733 846
138 408
471 697
79 322
159 202
850 1102
111 1028
996 1076
540 796
298 625
513 550
740 741
411 651
212 213
844 1064
244 245
169 480
5 637
668 838
961 1091
126 518
614 867
867 1047
2 748
594 623
759 1105
853 883
547 548
493 577
576 1020
642 965
26 696
277 278
342 673
862 968
755 842
471 1083
701 871
695 711
966 1025
450 880
341 973
839 841
310 311
786 1094
297 1052
311 312
127 491
266 1064
795 999
284 295
614 615
74 76
646 647
318 473
210 345
483 769
116 338
503 747
494 778
576 588
551 940
801 935
538 970
55 736
679 680
609 1030
964 1078
154 715
13 776
38 949
195 487
796 856
474 805
636 638
741 920
367 450
0 19
680 681
932 1045
408 896
184 185
410 411
581 824
594 622
172 210
1032 1105
850 948
55 448
175 401
421 542
36 880
306 704
681 767
174 176
243 535
405 454
444 445
844 910
442 601
434 746
81 213
276 309
291 697
207 209
779 780
432 556
189 420
16 120
687 962
1048 1090
263 900
273 419
1059 1099
952 973
53 910
44 941
302 482
434 867
1 225
14 15
273 275
317 318
161 479
608 790
266 910
173 453
15 16
20 360
148 280
47 48
394 421
498 887
124 826
357 390
318 319
36 304
293 863
412 1000
573 917
168 194
399 801
519 717
80 81
277 775
759 964
516 1057
879 880
255 873
196 558
528 1031
351 352
383 384
522 728
434 615
81 82
394 542
384 385
369 485
395 623
416 417
256 1102
114 115
1054 1082
111 455
165 197
163 273
417 418
449 450
486 926
819 843
24 343
666 713
406 408
180 182
729 769
334 505
309 332
881 903
873 899
68 385
124 286
669 903
166 548
742 744
854 885
181 182
43 706
437 1011
246 248
370 692
697 858
610 790
26 653
468 477
40 179
773 1082
525 602
507 962
119 737
299 933
565 903
21 22
611 1019
839 1063
91 495
1059 1066
648 937
521 982
582 583
902 939
185 767
408 467
365 734
679 781
195 997
678 965
313 315
87 906
1013 1035
540 586
108 929
585 1003
17 173
563 606
269 388
451 514
583 584
43 45
528 877
540 851
19 362
65 69
984 1013
429 611
667 928
807 1051
88 89
399 768
28 712
484 812
504 641
220 882
77 79
499 971
649 650
866 993
74 1093
439 697
852 1095
66 1089
380 382
259 321
830 1076
641 911
682 683
87 245
371 907
82 804
154 155
598 1098
413 415
72 85
29 160
143 145
0 362
715 716
456 605
507 687
1036 1037
700 1002
647 847
866 885
446 448
1039 1042
1018 1019
597 846
825 853
906 927
496 943
502 837
630 1023
655 707
74 1070
500 504
732 890
479 481
362 799
511 513
316 603
224 1094
65 612
820 1039
814 816
1102 1103
253 254
3 637
570 864
765 923
208 777
495 1099
652 674
865 1047
544 546
592 888
346 567
152 207
278 432
49 51
595 633
184 770
287 288
853 928
490 876
740 871
591 928
170 377
811 931
285 1001
359 887
95 203
622 623
432 1020
125 491
63 745
584 1005
320 321
352 353
792 954
731 795
230 284
176 313
83 85
266 844
184 662
800 894
41 762
584 632
932 933
233 932
295 349
145 819
245 906
272 631
41 1027
893 978
386 387
98 478
388 1071
407 1084
395 701
117 119
836 852
436 473
437 438
43 807
432 768
18 76
838 898
170 210
754 904
621 640
467 582
672 722
592 613
282 536
515 887
183 185
660 1013
755 756
561 625
298 889
215 217
99 451
789 898
121 210
285 690
259 409
207 1036
862 967
788 789
658 1088
1027 1071
545 1031
1068 1072
839 840
33 627
249 251
821 822
281 283
285 811
798 1104
619 836
779 825
919 985
495 1066
435 1015
665 803
433 1091
23 24
127 490
113 592
301 792
569 606
554 972
124 750
700 946
579 656
832 836
24 25
991 1009
56 57
302 527
148 469
463 481
721 1005
914 991
733 979
486 693
700 802
744 988
817 829
89 90
602 761
253 607
352 729
636 637
168 1057
0 18
619 813
130 393
704 808
39 912
297 1064
141 142
959 1034
443 889
455 1092
663 892
86 880
123 124
655 1037
25 492
142 223
462 493
320 409
271 782
174 175
177 360
685 916
965 970
156 157
862 957
425 1105
1014 1091
106 830
189 190
489 717
499 761
719 764
435 1005
122 694
14 603
979 989
135 484
870 1082
336 474
222 223
419 917
720 994
681 923
300 408
71 585
633 846
45 941
449 616
409 580
882 912
53 307
24 509
453 506
772 897
405 466
608 1054
286 1003
267 761
147 579
179 648
706 808
443 843
363 734
730 936
358 390
294 863
876 990
63 64
534 881
1056 1068
735 871
699 948
52 54
529 1031
542 821
1029 1088
37 685
707 1037
901 939
894 900
197 557
165 196
210 347
39 1023
396 623
192 973
649 803
325 1008
974 1008
647 650
112 455
406 407
556 877
213 1032
308 775
130 131
449 485
235 296
574 894
1048 1079
859 914
250 541
151 153
116 461
193 973
310 326
68 384
524 664
763 946
163 164
402 409
961 1047
742 743
866 1038
618 973
53 261
583 1015
710 1056
175 403
196 197
956 968
137 785
735 740
139 300
247 248
370 498
27 653
307 787
576 832
984 1035
229 230
299 932
1047 1091
570 1017
180 194
218 220
17 316
549 585
262 263
248 328
178 907
511 967
727 857
11 272
360 389
384 783
150 616
737 1050
1092 1098
1052 1062
664 837
269 387
522 982
181 194
1041 1052
874 875
722 1043
117 295
185 1067
263 349
402 507
686 940
700 1024
453 738
40 1094
445 505
912 1023
810 1012
956 1066
77 78
742 877
133 504
147 173
84 877
68 783
380 381
505 641
858 908
531 550
29 303
441 885
620 887
87 244
60 290
206 344
47 845
125 127
597 989
538 674
348 922
413 414
513 1026
163 239
73 574
143 144
948 1103
102 1046
184 707
234 299
859 1025
686 688
820 917
270 630
446 447
963 1082
272 1085
64 1019
587 831
335 350
157 838
193 266
999 1004
865 961
479 480
578 602
475 855
191 193
164 239
65 611
626 944
766 1067
360 379
679 770
501 504
3 636
659 712
495 1098
208 776
512 513
35 439
376 769
543 766
771 773
278 1020
327 467
122 1001
765 958
571 864
190 498
11 1021
545 546
296 516
461 812
52 793
192 953
414 737
276 278
6 8
170 376
189 389
433 1015
508 520
726 1008
491 876
691 901
785 1094
171 377
340 1052
611 612
670 698
386 939
342 344
599 903
597 979
160 712
39 980
84 85
660 1035
462 525
160 303
428 1057
371 523
206 1093
645 646
334 641
9 27
117 118
85 574
353 474
275 820
656 777
168 428
229 295
860 1101
981 982
460 493
946 1024
107 863
605 731
447 1048
711 712
494 714
91 1004
183 184
182 219
1014 1015
165 166
557 919
131 173
321 1057
242 535
561 889
482 745
216 217
141 223
181 259
174 220
119 284
413 502
611 746
407 1096
902 1075
38 970
162 282
249 250
334 474
186 459
23 203
731 784
274 459
282 283
58 575
541 543
666 803
725 889
865 1049
249 780
404 425
40 786
652 676
923 990
784 795
33 518
381 670
881 993
170 752
900 1006
61 845
152 209
231 502
744 987
46 48
120 751
28 30
711 1075
276 775
651 652
943 1089
19 475
324 931
773 943
699 728
611 615
637 753
100 814
851 862
86 879
330 373
394 766
94 96
43 688
793 857
960 1034
664 892
104 146
363 635
386 1027
24 940
541 821
246 724
42 1074
827 1035
153 267
321 409
34 87
546 756
178 360
337 762
69 682
986 1028
718 719
723 1063
288 348
800 1017
839 865
487 822
76 168
254 620
67 385
544 947
640 655
208 998
563 1046
1060 1098
15 603
110 346
426 1077
532 1058
614 868
82 858
135 1013
892 992
547 549
431 746
325 356
785 786
708 911
615 683
545 1033
417 884
21 884
549 1003
605 675
883 1028
104 918
587 886
270 950
8 47
548 549
20 21
52 53
924 1065
195 776
9 128
843 848
45 688
561 604
201 298
642 678
621 655
183 1067
901 938
677 1081
69 1045
312 394
53 54
503 519
38 685
86 87
1004 1066
116 375
589 824
66 783
38 950
949 950
561 725
36 86
741 921
276 333
567 805
403 962
787 808
1018 1086
865 993
289 302
575 745
422 423
846 979
99 1081
100 1046
87 927
152 153
191 261
332 349
556 768
791 1043
983 984
455 456
607 733
688 807
653 700
227 857
248 651
424 468
1016 1017
153 499
755 833
488 489
639 887
186 187
218 219
704 787
433 1047
975 1101
936 1030
37 818
533 905
287 584
129 147
59 348
552 918
521 522
219 220
528 1055
160 659
240 917
996 1080
9 1021
279 616
512 967
554 555
310 603
252 253
752 805
533 1026
166 595
288 292
441 534
15 17
681 781
587 588
251 410
285 286
942 1081
890 891
403 507
570 800
92 93
964 1105
677 783
351 353
198 748
646 1024
324 744
230 737
125 126
542 823
93 731
796 968
956 957
513 1025
75 305
948 1102
114 116
686 687
699 806
228 1041
351 474
742 1033
854 945
775 801
279 485
860 1025
687 688
41 1071
112 457
719 720
109 568
164 238
269 291
65 1019
816 1067
429 658
588 831
361 523
148 150
492 714
93 214
248 991
868 885
250 543
659 711
192 193
476 855
416 575
915 1082
961 1049
320 378
739 1085
178 523
630 949
388 1007
884 1094
930 1061
117 284
877 1055
52 792
111 878
67 463
713 803
477 855
270 642
226 227
510 889
433 1014
373 883
256 972
879 1100
379 405
638 665
136 418
200 848
147 656
648 938
390 414
248 330
768 1040
93 456
143 951
692 901
132 155
186 275
1052 1064
307 910
1084 1096
564 572
742 987
8 354
687 1051
318 925
627 628
134 1104
14 693
250 412
357 358
221 763
213 759
521 875
55 56
874 913
881 1038
88 90
59 292
4 356
878 883
804 1083
487 998
330 526
936 1010
211 1063
816 828
635 753
996 1024
451 1081
738 845
215 804
952 954
92 999
391 392
423 424
28 160
185 781
682 684
1028 1092
322 378
859 991
493 525
645 802
736 920
163 241
573 1042
715 717
758 944
49 484
792 857
774 1068
96 336
143 1085
977 988
188 190
137 224
490 491
1016 1095
957 1009
602 818
574 899
274 458
507 580
221 223
758 1065
42 337
429 746
275 459
332 813
89 677
959 1091
826 827
762 1071
33 782
836 1020
869 1054
412 958
28 29
692 1012
287 289
469 1083
859 860
756 1033
557 558
608 869
376 483
229 284
29 30
95 204
144 734
61 62
426 569
320 322
222 653
261 910
382 791
590 591
507 1051
159 899
536 849
94 95
368 484
501 519
359 515
452 477
612 615
397 398
114 338
95 96
400 552
559 725
34 86
386 388
564 1069
436 654
430 431
976 1013
977 978
51 812
545 1055
43 808
1039 1069
959 960
557 1029
817 876
510 725
957 999
162 536
388 470
1010 1011
522 699
693 926
250 765
401 409
757 1090
446 560
208 997
550 1026
244 425
958 1000
464 465
110 345
200 913
716 829
246 651
545 947
423 921
209 998
691 1001
1025 1026
138 300
756 987
446 1090
721 1029
788 790
734 819
227 228
101 906
887 1061
281 1102
1058 1059
355 908
33 628
354 863
709 911
14 120
472 1084
821 823
720 920
546 1033
774 891
607 634
684 854
23 25
374 548
514 708
888 998
293 294
165 374
531 1026
925 1065
596 597
381 672
643 678
625 889
122 826
438 654
483 805
591 667
629 630
373 853
419 820
20 177
243 594
985 1088
22 366
307 844
121 345
520 579
360 361
31 271
831 886
751 777
39 949
91 93
46 845
663 664
1042 1069
259 809
378 760
645 1024
187 820
156 158
895 906
391 964
233 527
584 721
777 1036
697 927
91 214
256 281
696 782
990 1000
756 833
676 724
476 1044
492 494
122 695
164 283
1010 1014
34 439
996 1079
381 397
315 717
212 216
127 517
272 1021
313 1022
339 1074
532 1060
278 835
267 268
565 599
953 973
939 1075
125 1087
62 393
742 1055
562 859
400 797
256 258
167 595
1076 1080
95 161
559 561
783 943
63 65
377 669
31 32
292 302
629 741
622 702
667 853
187 1039
64 65
727 760
97 98
623 702
7 290
235 297
786 1074
37 578
148 149
620 633
180 218
599 610
349 813
854 1065
433 434
357 524
484 485
335 505
325 757
279 461
103 793
94 824
517 518
447 719
595 846
595 617
229 231
81 216
271 642
291 471
149 616
1037 1078
268 716
802 803
262 264
400 872
93 455
21 58
80 107
277 801
423 855
224 417
132 154
532 533
255 899
657 942
4 5
831 1095
234 467
77 1041
18 168
133 155
469 1007
684 932
317 730
590 888
331 399
37 38
688 1051
22 58
574 800
672 1043
559 757
251 412
612 683
487 997
274 395
70 745
607 833
156 897
952 953
29 304
830 847
157 898
901 907
240 258
420 454
216 804
683 684
753 1008
234 300
430 1029
144 635
130 508
63 418
270 631
1077 1105
386 1071
134 478
458 951
716 717
840 1049
955 999
16 751
165 465
915 963
188 189
805 911
170 171
796 862
161 351
7 293
749 750
221 222
64 418
577 674
397 564
203 204
1017 1095
413 837
244 879
288 922
125 141
512 550
483 752
236 237
192 954
854 924
815 816
482 527
614 683
539 540
398 564
718 920
1 748
410 538
576 836
637 666
881 1063
528 530
995 1048
0 2
940 969
277 768
691 902
530 576
354 908
670 699
694 827
849 850
145 734
639 977
107 213
577 916
833 842
321 322
560 604
483 729
117 263
354 355
66 68
214 1098
645 647
172 723
311 1067
20 366
305 844
638 1053
98 514
387 388
726 757
179 884
562 914
548 750
522 698
740 920
132 134
440 924
229 332
314 519
962 969
598 1101
3 663
532 598
48 814
165 167
512 540
538 678
396 594
242 536
331 873
174 401
56 754
618 1052
886 1095
632 721
151 268
486 487
918 935
457 460
304 367
162 283
789 790
526 825
102 906
282 1102
12 195
551 589
229 309
15 120
822 823
337 1074
820 1042
779 861
232 234
918 1056
404 426
324 811
166 374
553 554
395 871
750 919
631 739
382 672
467 896
60 392
547 596
223 764
243 593
282 850
542 926
771 898
802 1002
58 59
648 907
246 784
329 373
19 476
407 472
364 510
61 738
430 721
172 1063
751 776
100 815
91 92
1 198
548 596
579 1078
266 618
490 1000
323 743
201 754
983 1018
300 467
955 956
350 962
987 988
460 605
4 325
500 641
178 361
197 374
624 856
645 650
718 720
157 158
167 617
392 964
492 673
139 140
66 156
703 856
247 991
580 1051
257 281
695 1001
646 996
319 601
90 778
241 273
6 290
370 1061
626 758
154 799
638 732
76 205
373 986
158 769
525 971
794 1016
587 1031
822 934
256 257
72 585
30 439
559 560
783 942
605 676
257 258
447 764
15 316
327 582
96 161
636 663
560 561
20 22
134 798
377 668
244 404
101 355
923 958
856 968
840 960
1034 1054
490 990
593 594
78 228
589 969
320 1073
94 581
267 689
323 324
454 515
514 566
596 864
170 347
623 701
534 1038
421 603
356 357
659 660
310 506
691 692
48 506
831 852
199 904
452 855
149 1083
422 424
619 852
183 816
600 610
121 841
1011 1084
349 619
983 985
455 457
572 1042
544 794
52 103
376 838
54 787
832 852
725 726
73 800
487 934
956 1004
425 879
280 461
586 796
291 470
357 415
957 968
230 231
456 457
348 366
495 1059
160 660
950 965
448 718
550 586
788 903
263 264
797 872
227 341
255 260
81 107
792 793
128 713
252 254
763 995
295 332
667 878
62 130
267 499
166 596
296 297
474 483
835 1020
680 817
312 421
565 601
470 1007
26 27
1012 1061
72 323
612 682
890 892
329 330
934 998
560 757
113 971
118 146
227 727
310 316
461 485
157 897
427 492
526 651
60 61
860 905
240 257
583 1005
119 1050
891 892
531 586
25 714
363 364
395 396
54 103
232 289
183 662
698 699
582 896
924 925
108 110
614 885
393 508
165 464
1014 1084
126 127
118 797
429 430
588 832
691 695
711 902
930 977
722 948
630 950
108 496
520 1078
83 323
671 722
591 613
422 921
1010 1091
4 524
98 451
993 1038
55 718
51 339
226 228
798 799
121 929
32 1000
883 986
290 392
496 497
431 1005
528 529
385 480
0 1
13 120
51 375
243 396
831 832
638 666
390 415
5 753
936 1034
968 1066
529 530
694 826
774 935
996 1048
1100 1105
553 972
176 1022
525 761
34 35
878 1028
66 67
885 924
710 1072
897 898
221 764
595 596
55 57
815 828
70 482
103 808
67 68
4 357
983 1086
930 931
329 562
617 620
796 851
482 575
214 495
936 1011
888 934
989 1017
749 919
1007 1071
252 607
100 101
411 780
132 133
986 1097
391 393
723 903
49 135
47 354
728 981
180 475
105 710
701 735
133 134
1032 1100
222 700
512 539
441 924
174 809
163 242
315 519
122 124
331 872
694 695
1013 1086
311 814
915 929
533 598
11 144
166 167
151 267
438 626
603 693
997 998
690 810
527 932
987 1033
732 1072
262 894
819 848
317 601
199 200
209 888
643 1000
199 874
802 1024
649 665
252 620
326 506
13 195
380 397
232 233
5 1008
223 1087
535 536
260 331
215 1083
325 726
780 861
298 443
233 234
80 858
268 829
139 944
265 266
375 812
133 641
488 689
895 927
695 902
618 1064
861 934
584 922
282 849
771 897
178 648
299 300
689 980
590 592
247 784
175 350
580 1073
146 552
826 985
678 970
918 1068
364 365
771 789
474 911
559 726
394 1067
645 649
668 898
46 506
668 669
959 961
44 1070
190 370
212 1032
694 1035
129 131
124 919
701 702
67 156
26 1021
205 206
350 444
249 541
464 466
690 692
71 800
246 652
162 164
606 815
604 625
303 368
755 794
634 733
106 119
583 1096
1058 1060
457 462
447 763
635 734
306 787
720 921
79 516
383 778
328 991
891 1068
531 533
456 731
382 553
514 709
318 654
452 468
99 1104
305 306
245 404
228 760
473 936
3 4
560 1090
35 36
346 752
772 1089
866 867
758 925
625 661
338 339
631 741
10 128
189 359
249 410
629 631
599 788
899 900
597 864
371 372
238 257
322 516
401 809
69 70
101 102
220 468
328 330
600 609
376 752
311 506
605 724
621 1077
756 893
119 830
761 971
569 621
511 1025
197 749
86 244
905 1101
57 446
984 985
135 136
352 479
966 967
233 299
600 730
944 1065
145 186
777 1037
46 738
113 499
10 635
96 824
551 581
381 398
566 709
779 853
183 828
491 715
212 217
146 797
127 518
315 489
674 916
610 788
343 673
496 915
383 480
562 860
9 10
241 396
681 817
471 858
840 841
146 918
570 571
447 995
125 715
289 292
426 563
89 383
31 33
228 727
314 501
290 293
335 444
719 1044
75 76
77 1052
334 336
215 644
115 148
628 782
108 109
107 293
171 723
659 1035
367 369
680 829
8 845
904 982
364 443
717 747
40 648
583 896
97 99
637 638
78 760
109 110
70 527
326 453
826 919
301 954
16 147
670 671
358 1079
151 829
404 1046
129 173
515 617
167 465
598 1060
433 435
411 825
110 568
917 1042
446 1048
175 176
613 667
779 928
919 1088
109 496
622 981
196 464
697 895
449 644
162 242
208 209
1014 1096
935 1068
241 242
53 191
224 418
577 685
488 1022
36 367
789 870
775 935
61 131
274 275
303 976
217 644
906 1046
684 933
331 400
153 888
37 39
909 1051
31 782
22 59
202 255
847 1076
32 518
103 807
566 568
384 677
690 1012
415 664
989 1016
231 992
274 396
340 341
251 678
599 601
411 779
416 745
30 35
71 73
984 1086
63 69
414 1050
579 1037
840 929
581 589
258 573
920 921
392 393
104 106
293 759
348 466
702 735
122 123
11 143
953 954
425 426
856 1058
425 1100
25 343
407 408
317 600
343 509
170 172
458 459
314 445
7 294
375 461
47 101
131 738
842 979
57 560
173 326
440 441
218 477
666 753
158 463
768 801
577 675
913 1039
200 874
421 693
650 665
44 706
515 620
486 822
50 786
10 713
665 1053
27 128
371 692
52 301
34 927
776 777
975 986
498 1061
567 752
765 767
291 439
140 944
891 992
231 308
616 644
489 689
875 904
114 1071
380 553
79 296
464 632
270 272
548 1003
202 1040
557 1088
793 807
44 45
591 592
181 428
827 985
200 298
253 978
311 394
362 476
1043 1103
234 327
75 1057
485 812
773 870
236 516
128 803
263 619
537 593
983 1088
129 130
960 961
905 1025
111 112
397 555
490 517
49 137
440 925
690 691
180 477
668 789
71 570
162 163
73 85
144 145
139 933
795 1009
614 854
311 816
103 787
497 943
534 565
106 118
177 178
386 1075
304 368
669 789
359 420
203 581
472 626
1066 1099
1059 1060
999 1009
210 211
531 532
968 1058
226 341
135 976
237 844
262 1017
362 1104
553 555
508 1078
88 492
205 748
347 752
60 393
773 1089
131 453
445 500
570 989
432 530
190 359
630 631
705 1070
40 42
392 759
328 329
586 624
659 694
132 799
958 990
25 673
829 876
929 963
371 901
499 592
707 770
323 744
74 305
955 957
424 912
937 939
117 797
193 261
460 462
190 372
334 911
399 1040
241 274
980 1022
493 675
67 158
76 206
587 947
315 488
763 764
475 477
527 1045
606 1046
228 340
728 806
208 1036
567 709
960 1049
69 612
398 522
963 1054
442 565
381 698
466 922
23 581
484 976
179 1094
250 251
951 1085
286 811
506 814
0 225
168 181
204 778
647 710
558 632
292 482
629 921
342 748
289 327
12 693
875 982
628 696
320 580
261 265
334 335
90 383
32 33
682 932
720 1044
146 400
860 975
413 664
367 368
764 1087
80 863
214 1092
590 934
904 981
269 470
189 361
608 610
356 358
635 713
59 288
368 369
794 886
205 342
308 992
365 443
97 134
98 99
624 703
586 856
401 402
213 1105
656 1037
979 1016
309 813
17 147
369 449
140 626
2 18
221 700
364 1008
188 523
674 676
529 587
774 992
1050 1076
434 435
713 753
57 448
817 990
426 1105
909 1073
108 121
662 707
995 996
352 481
128 1002
722 1103
38 965
823 926
133 708
389 405
1015 1096
56 604
500 501
946 996
937 1027
495 1060
123 285
930 988
830 1050
155 503
855 994
448 719
662 828
136 224
634 846
275 419
83 743
359 498
670 948
578 685
689 818
54 307
650 710
669 723
41 337
62 131
622 728
32 517
72 324
606 640
566 567
356 757
38 39
150 280
790 869
869 870
117 1006
262 1095
551 969
567 568
90 494
806 850
599 600
106 847
71 72
402 580
496 773
427 673
539 851
167 454
540 550
1053 1072
600 601
60 62
104 105
363 365
481 729
541 780
874 1069
56 702
509 1093
633 634
684 945
598 905
345 347
897 1089
963 1034
105 106
665 666
443 510
140 472
535 593
365 819
677 942
399 552
138 139
236 296
497 566
177 884
314 444
429 431
532 703
947 1031
967 1009
733 842
773 915
350 403
171 172
340 618
480 778
8 294
391 1078
48 101
50 785
412 643
379 466
806 948
104 118
424 882
18 194
53 301
58 416
564 1042
765 766
690 1001
328 914
794 1095
512 851
385 481
126 141
766 767
238 239
270 271
454 617
231 837
438 758
811 1003
271 272
683 854
92 795
303 304
186 951
641 708
427 748
387 712
115 1007
827 984
1 2
16 656
449 1032
764 1044
34 36
739 871
125 154
462 971
865 867
810 931
663 732
1056 1072
595 597
23 551
254 978
743 877
37 980
337 338
182 809
100 102
225 362
154 747
374 750
370 371
47 355
217 1032
247 795
402 403
728 982
398 698
705 706
422 912
50 137
333 834
199 754
554 573
471 804
497 942
351 479
451 566
896 1096
336 350
436 437
654 925
188 372
669 788
20 379
159 574
186 820
112 462
739 740
199 201
387 1075
199 875
723 881
469 470
528 556
459 951
390 1080
74 206
620 639
313 488
239 273
227 973
226 340
772 773
470 471
636 732
123 1001
767 923
535 537
464 922
171 669
139 945
169 479
503 504
271 1021
472 1011
7 8
