14.252088 12.038888 0.024994
16.885366 8.730462 2.150567
17.980103 5.887976 0.054172
-4.182072 26.596733 124.043068
-4.129545 20.161837 123.955452
0.707191 23.686159 121.080193
-27.593035 46.730309 101.422478
-27.132763 45.725109 107.134171
-23.156498 49.78558 106.006241
-4.427888 36.745224 0.054174
-3.878777 36.640678 2.559187
-1.561419 37.509571 0.054174
-7.671344 -51.554893 20.382147
-11.189681 -51.729416 15.32128
-4.654284 -54.196663 14.577726
7.899809 -54.829453 7.96664
1.655652 -55.333462 11.286654
1.898244 -56.064407 5.885852
9.646976 41.30389 112.622787
3.909458 45.859947 115.993141
5.071557 39.045708 118.287308
-26.967688 33.206234 114.395012
-23.852722 36.954224 117.189941
-26.898634 38.080109 113.659561
-31.729082 28.841438 101.988922
-33.517376 32.391479 97.052025
-31.725769 24.732407 96.673523
-14.702214 13.840819 121.939171
-10.431376 9.450957 117.811188
-12.29338 9.457185 124.631409
-26.13903 46.364609 94.227661
-30.980871 40.296719 97.435722
-1.042477 10.823626 96.001633
1.598712 7.212803 90.464958
4.851786 10.219319 95.369476
11.05697 46.612816 87.28949
16.483614 44.044487 87.812721
16.15844 44.977234 83.175323
-29.270802 -1.623874 28.388205
-29.106531 -0.024523 19.537041
-32.908024 -6.635195 24.060444
-28.912264 20.820395 100.122955
-30.446289 24.241547 102.073952
-19.716301 -31.084831 34.541233
-25.01565 -30.344151 30.344219
-20.337709 -35.537369 30.657791
-15.578309 -49.138458 15.670031
-13.43785 -48.837498 20.134295
-18.475811 -46.062965 18.567451
16.147724 38.723946 101.537094
12.06219 43.512157 102.154541
13.258008 39.838177 106.850967
19.4998 21.413473 96.683754
16.080402 18.368519 98.846489
18.1409 16.364418 94.627167
6.886359 -53.817612 14.32851
1.662038 -54.004456 17.031876
-7.352835 17.44223 126.98275
-9.255436 12.900872 129.037979
-5.906263 13.476673 123.160164
-16.427675 19.691076 125.846077
-14.491467 13.935411 127.584183
0.034721 47.638176 82.431435
6.427288 47.646805 81.947609
2.745174 47.076263 76.989296
-12.429661 56.493698 123.318024
-15.141537 51.942673 118.221016
-15.94461 51.545776 125.200394
-12.697161 45.803886 126.376877
-9.678675 41.41003 124.416618
-6.333513 46.308716 123.511261
-10.238312 51.283897 125.655045
-12.349326 56.15432 111.310577
-10.519938 56.429626 117.926735
-5.591381 54.30497 115.04715
-31.39226 34.947155 102.933273
-30.230591 41.275112 105.077881
-29.609735 35.749462 109.352058
-3.659038 11.464264 102.309166
2.583029 12.283991 100.540199
-8.079947 11.669951 96.322639
-31.771467 32.923172 85.476425
-29.755402 37.678398 86.764183
-25.893515 35.420708 83.218636
-21.606651 40.541481 84.011681
-19.271 35.471287 81.333282
-5.981087 5.738357 82.139717
-9.92897 9.827413 80.414566
-8.92522 4.740788 77.546402
-26.254999 40.191986 86.144531
-11.882612 -27.136747 48.455757
-12.841803 -20.366982 52.820663
-15.868258 -21.651535 46.32185
-15.132037 19.858576 81.391647
-15.48882 20.192894 74.600899
-13.044515 14.635228 78.088753
-19.675159 16.675686 52.456947
-17.824051 12.894576 59.581467
-19.221386 20.72389 58.348976
-18.501759 10.395686 2.631079
-19.811411 7.640909 3.006202
-17.146484 11.074807 7.308434
6.935177 40.093128 25.681208
7.849313 39.474483 18.028879
2.826399 37.885437 21.359678
-9.666621 34.264996 11.387954
-13.446451 33.534657 7.498119
-14.393564 32.246613 12.027653
28.469973 36.64296 44.990707
30.09919 32.94022 48.467655
29.629536 31.950886 42.512699
9.252693 46.396774 97.512856
14.734076 42.858509 96.270569
20.032932 43.368969 80.066383
21.664934 43.297131 74.941696
15.611469 45.965488 76.837914
-19.750027 7.033955 5.399987
-19.906641 7.09676 11.616489
-35.217537 -16.032173 0.054174
-34.465626 -15.016304 2.714426
-33.910908 -10.925929 0.054174
-35.170998 -17.033342 16.119438
-34.369633 -22.286484 18.280899
-34.457436 -18.558823 22.308674
-15.085279 34.205933 62.728535
-13.394484 37.811634 58.475563
-16.983526 32.951355 57.66246
-12.060916 38.250263 63.364025
-16.341316 -40.642963 30.292141
-15.774659 -36.387093 34.785309
30.144983 19.020741 72.656403
29.749741 25.245836 76.563782
28.964865 18.922096 77.794678
-0.280502 42.950699 120.773476
-23.364431 31.455158 118.209808
23.042749 -8.259804 69.612488
24.040882 -2.413843 72.912338
19.551071 -6.937381 75.083778
31.377916 23.389267 62.460033
30.957729 16.324345 59.771519
31.18417 22.740067 56.025318
30.321672 12.310633 49.091702
30.352724 5.229842 49.459663
29.755192 10.135247 43.988453
30.115362 -1.647206 46.175087
29.933626 -6.937564 42.695404
29.949501 -1.752944 40.868977
29.827824 3.603929 42.506062
30.838959 -5.462282 36.884594
31.673187 -3.153045 30.490515
29.355364 1.659141 36.036179
34.028904 -26.388323 25.269163
34.679108 -21.538582 28.649492
32.368572 -26.044113 31.828178
27.464611 0.128717 10.506711
31.190228 -4.353274 12.364692
28.343716 -4.290322 6.642659
20.748009 4.67911 4.596159
20.386492 8.67577 12.082702
23.026541 3.910821 8.383486
-34.434601 28.893034 90.516685
-7.699635 10.142615 84.634621
-11.460574 14.897621 84.708633
-24.544186 -37.509232 23.577307
-28.637438 -32.154247 23.227104
-26.249348 -38.295433 18.862347
7.239837 47.462074 103.269775
10.023727 44.246464 107.021454
-0.056472 -35.761501 53.020115
5.8671 -34.779884 55.521591
0.703478 -32.180004 57.864521
16.824392 22.490957 101.637497
-20.378572 22.879013 83.600197
-22.01948 29.196299 81.73526
-17.212791 25.159275 79.018585
5.502398 27.806637 118.705475
9.23473 26.400049 114.411865
9.338317 33.247608 115.558014
-4.219328 12.964138 116.868347
0.633033 14.858913 113.203743
-1.021993 17.448801 119.198822
21.106667 42.214478 38.477161
19.487093 40.521202 30.841558
14.486078 43.08894 34.579887
-18.801758 30.592815 52.316071
-15.196398 36.275879 52.638142
-20.302151 27.582567 46.676575
-21.21843 20.731058 46.547466
-20.518482 23.993658 52.453529
24.920441 37.111538 33.339062
22.87496 36.117603 26.521685
-16.743998 33.675526 46.584595
26.992668 37.267025 39.853607
28.467312 31.704224 36.152187
27.83127 25.455376 33.128113
26.630209 31.185886 29.604868
26.200108 20.634619 30.508751
25.608889 14.731852 29.954504
24.0853 19.240496 25.915094
0.002954 1.006136 83.863113
-5.230738 1.292212 79.263443
-34.614544 -22.770863 12.162442
-31.861391 -32.932671 2.247352
-30.6269 -35.438122 2.457995
-32.234638 -31.566879 6.146247
-16.507338 -44.594769 24.744028
-10.300393 -48.299873 25.403484
-12.56433 -44.889023 29.428051
11.833703 17.741102 103.577309
30.013357 3.715528 56.950439
30.510658 10.638885 54.824799
28.516014 -3.116577 59.751175
27.879017 -8.979702 55.331329
29.739662 -2.156553 52.767754
31.169317 -12.095206 38.834457
16.929586 -37.858219 41.621632
22.483482 -34.965153 37.289421
20.74202 -32.85091 42.420589
-23.845722 46.489304 111.320587
-24.031773 42.001312 114.957535
-20.037266 46.53336 116.278931
-14.768412 12.191748 98.809189
-14.473966 14.228447 92.133965
-17.285509 53.659988 105.087173
-15.017308 53.458641 99.665825
-21.161779 51.15556 98.738533
8.234118 13.16151 99.225266
6.086239 14.422957 103.888039
-10.928438 11.13789 103.969727
-5.813138 11.653001 110.308617
-14.568146 8.039625 69.961647
-14.217957 2.328178 67.658646
-11.670388 3.508335 72.76255
-27.39299 -39.772102 6.785591
-30.058907 -36.243084 4.276038
-29.056467 -38.013565 2.572179
-5.832873 -11.663431 69.569572
-6.765949 -5.705152 72.429054
-9.497331 -6.743125 68.227791
13.593624 41.37466 28.21607
13.617955 39.819897 21.52949
-24.516359 3.696353 25.578823
11.362872 45.811935 92.982407
14.593294 44.412735 91.2276
19.280397 14.950472 14.825144
21.664442 17.24642 20.737318
22.453568 10.216257 19.512863
-7.75304 -41.379704 39.559914
-11.583384 -37.133018 39.432274
-11.199428 -42.178486 34.713566
-18.719515 13.315705 37.474022
-19.757534 8.989724 34.836586
-20.301802 7.419656 39.981667
-24.562811 -14.28186 38.534252
-24.407343 -8.072593 39.754673
-27.869514 -10.231001 36.132328
-27.379162 -4.230956 35.190739
-33.878727 -26.239737 6.856096
-32.63612 -29.746756 11.309332
-25.197897 -42.773373 3.428352
-22.246223 -45.917408 3.073357
-23.195696 -44.134579 8.960468
-1.727934 36.73912 4.911299
-0.143379 37.618084 2.914023
-21.143923 -46.569729 4.102968
-11.118908 17.96772 129.533066
20.323759 30.150492 12.249656
19.949726 24.73222 12.696481
17.962482 25.087036 6.925549
30.64081 17.155611 52.474125
24.764656 -20.402756 51.218876
27.371569 -14.043343 50.617016
24.943611 -15.842122 56.956299
19.395472 -46.374214 21.86524
13.646448 -49.152199 22.726763
16.729675 -49.650005 16.855928
34.646816 -22.838039 12.185822
32.717712 -21.410595 6.000817
33.887653 -18.129652 9.673182
-19.294195 29.292591 121.194763
-22.465912 26.526447 118.449783
1.114117 13.268284 106.628441
-7.570041 35.429253 5.257843
-3.366733 35.610527 10.046578
-1.932686 49.510223 118.677238
-4.936382 39.388893 123.227074
-4.455575 33.068768 123.606812
0.345019 36.400845 121.738083
-28.698599 21.025236 105.157906
-17.590849 18.293129 87.043549
-23.943254 20.079535 88.083595
-10.545565 54.580376 103.474907
-11.018475 49.227676 89.549385
-12.16084 44.821636 83.817413
-17.489643 45.271263 86.015282
-19.563406 49.00222 91.383995
-4.789649 54.149937 108.008217
-3.816324 7.86176 86.903633
-7.940878 11.924689 89.358688
-3.753328 10.148101 91.730392
-14.889991 26.267952 123.801628
-19.522778 23.378376 121.101646
-14.767018 13.742738 72.359131
-16.277863 17.730646 69.350258
-6.195083 42.609116 72.341415
-9.183909 40.391941 67.139412
-10.898211 38.16814 72.773071
-12.958197 35.61182 67.675125
-27.34347 -40.977913 0.050808
-19.13632 12.987987 45.099983
-12.373785 8.995959 75.304451
-3.567854 44.525967 66.03083
5.323246 47.372673 71.556252
-0.567455 45.688114 71.984932
-3.458297 45.400986 77.549957
0.663372 45.049889 50.694237
5.418612 45.475693 47.340519
0.681155 42.688637 43.697796
-18.28797 30.231876 40.123455
-13.625015 33.31749 34.215702
-18.432724 29.0383 34.118473
4.605753 42.025471 37.527966
7.578106 44.47184 42.275379
9.80865 43.511951 37.509785
-2.456314 35.521408 21.405035
-8.881719 33.964176 22.110825
-5.556444 35.035873 26.932753
29.439228 25.449543 39.762131
-11.430586 33.429348 27.801357
-14.79125 31.474491 23.209805
-26.52725 0.994625 0.047384
-26.425945 0.906638 4.566267
-22.081551 5.026763 3.31084
12.154666 37.064007 4.286172
15.00249 36.593548 8.441695
15.825223 33.261471 3.876863
-18.070944 17.779236 118.976143
18.216217 39.277523 24.956154
20.121853 35.347221 18.677414
18.079515 34.923607 12.161791
14.131155 38.185726 14.738505
22.255142 27.528431 17.189983
24.472942 29.995148 23.105343
13.988074 44.81789 40.945683
19.376213 45.265083 46.698597
19.380932 37.676151 96.273315
30.424185 26.58423 46.362717
30.927935 28.114904 52.467056
28.040403 38.550022 49.611317
-3.800585 51.211266 93.979141
2.845055 49.972675 97.848328
1.474504 49.698631 91.843803
-16.873129 31.078506 3.560665
-17.742395 24.543026 5.864394
-17.493921 29.674965 9.317018
11.70117 46.746529 81.184677
-1.370775 -39.456295 47.555351
6.4006 -38.858574 49.471584
25.994781 41.532513 65.705582
26.821079 38.831383 72.349152
29.442831 35.952419 65.992325
30.097404 34.839207 55.021564
7.462319 2.892999 88.025726
7.368731 7.401344 91.743935
-17.956322 -5.625337 53.56971
-14.615047 -8.342443 59.07901
-17.083313 -1.732798 58.852386
-21.274019 -17.522326 40.887028
-20.9685 -12.795172 43.374763
-22.817022 -0.305699 40.267662
-29.326626 -16.182966 33.593327
-31.127577 -8.524868 31.301746
-33.570293 -13.768081 27.034529
-15.820697 -12.560173 53.634968
-17.358154 -15.821857 48.17551
-32.462074 -24.890772 23.021135
-31.840017 -20.820099 28.053497
-32.745167 -27.879326 17.38344
-30.105005 -34.077057 15.602551
-29.539909 -26.62999 27.687077
26.7596 41.187649 54.77277
28.447607 38.899639 60.424484
-19.149532 -9.386613 48.46891
-15.458475 -31.684311 38.930874
-11.479129 -32.485069 43.999435
-2.884069 -42.874451 42.004539
3.810581 -42.97929 43.636349
2.717234 -6.761421 80.236588
-3.12552 -4.253387 77.498535
-0.33748 -9.352095 76.69561
-18.4491 -48.454395 7.411023
-14.873788 -50.626919 11.001523
-19.163712 -47.217064 12.945731
8.157498 -44.856323 38.61058
1.566887 -46.022732 38.055809
16.773838 -50.741745 4.008428
20.878929 -47.74435 4.745597
12.97046 -52.558411 12.261203
-11.341573 38.405991 47.367641
-9.984892 40.617271 53.717587
-5.300493 42.087601 48.682472
-8.248854 41.997086 60.57151
-15.579123 13.30479 116.67672
-13.871055 11.382748 111.180046
4.583006 33.376099 119.790154
12.500651 6.790287 90.011093
10.399663 10.472251 94.431747
31.252308 28.795885 58.61002
29.857946 18.275381 44.720222
30.70388 22.574751 50.401821
18.551043 32.138863 7.344189
8.005814 -28.466057 62.882694
4.434686 -23.90328 67.667984
1.775052 -28.473305 62.437439
9.814204 -14.71738 75.060768
11.530445 -20.050869 70.345551
14.664096 -15.193687 72.578033
15.765325 11.486267 92.464188
20.894442 13.738441 89.940926
-9.73785 36.017441 123.914482
13.455551 14.523053 97.258316
18.889471 32.947319 100.607613
15.932812 34.130096 105.983589
18.526045 8.059814 87.632652
23.697193 11.222846 84.74118
21.497511 -13.093393 67.323807
25.443674 -10.214053 62.900909
13.031856 -37.621021 47.259106
11.984664 -34.850464 52.53331
30.944242 24.505306 69.076912
30.044226 31.409054 71.260765
30.999771 29.68914 64.758652
30.87911 18.263153 66.50956
30.406343 13.048293 64.951515
29.209333 -7.806311 48.747829
30.257751 9.100526 61.231823
29.011351 2.835779 63.67033
27.413548 2.763873 70.058449
26.63065 -3.205136 66.617493
30.68845 -32.128033 27.838173
27.887321 -31.017548 34.609299
27.166147 -17.9025 46.495964
29.261858 -18.350645 41.257561
28.998114 -12.852472 44.768486
29.145697 -24.699045 38.079586
25.6071 -23.874699 44.748825
27.430037 -41.513268 3.392383
28.251112 -40.303711 9.03307
24.673864 -44.687782 6.464301
28.255999 -38.435001 22.713137
32.716911 -31.743475 20.686911
18.649729 -41.05946 33.782642
25.458706 -37.045708 30.692337
22.306152 -42.372051 26.44005
10.770639 -51.790154 18.110903
35.247021 -15.643424 27.620728
34.614933 -8.359831 24.732878
33.514549 -10.415098 32.401997
33.654625 -9.388442 14.01952
34.799244 -10.272549 18.834393
34.905235 -14.13309 15.973693
32.978592 -18.498873 34.444668
35.553135 -20.499779 23.221359
29.31892 -8.88278 3.908532
25.770594 -4.445636 0.054174
31.371397 -8.953312 8.927517
35.003582 -25.245995 18.774961
33.759491 -30.025297 13.791291
30.952568 -36.560543 15.180142
32.909286 -28.118862 7.639772
32.003288 -27.416307 3.019397
31.449423 -34.29586 8.610703
29.734013 -37.756195 3.870833
31.415457 -32.939976 3.622858
25.072842 -44.193268 2.634745
12.834047 -52.926495 5.767963
19.937725 -49.228424 9.430595
15.484592 16.748507 4.065335
16.007116 11.311694 3.100805
-33.238758 36.311363 90.972633
-15.704959 40.713573 82.000534
-9.868238 42.097233 78.512207
-13.99905 36.37043 77.933853
-9.59304 29.613199 124.378304
-14.780129 32.736015 123.107422
-3.738707 -27.908403 59.193493
-8.014963 -22.10465 59.201511
-8.106455 -27.316088 54.28635
2.301364 -52.363201 22.230249
-2.3736 -52.99477 20.141766
-26.377525 24.722898 84.327461
8.597437 41.985874 32.486271
25.18889 30.175261 89.743149
22.864744 25.455797 93.714417
25.747921 23.545721 88.292007
0.541514 51.364292 112.380379
-17.213949 29.183033 14.597335
-18.335436 24.085844 11.866882
-18.705599 24.523312 17.744457
24.422482 39.611637 79.457039
21.069145 41.256313 85.546967
-16.352953 13.022393 66.682541
-16.53455 7.120184 64.368538
-17.618496 18.816679 15.407345
-4.923423 -45.176125 36.55468
-17.802656 14.980837 24.616215
-18.597303 19.583271 21.432598
-17.283201 14.019174 19.425112
-19.334488 19.483614 27.485897
-19.956474 24.895653 30.775854
-19.000814 25.951679 24.048733
-17.80847 12.830162 30.492094
-19.146795 9.06911 23.814541
-12.878846 32.719681 17.010138
-17.128792 29.207312 19.308306
29.350761 8.235763 67.204681
-23.173136 21.259768 115.622566
-25.984545 27.448454 115.077789
22.628666 36.570694 90.808105
22.051708 31.708866 95.320389
3.144372 38.516315 2.783558
2.467444 37.990223 7.718083
7.389153 39.308689 3.507266
8.731473 39.367321 10.121825
-16.804832 30.234608 28.948263
6.151648 47.591873 109.656242
-21.127493 6.759293 30.504982
-21.7171 4.905885 35.657215
28.276709 3.854058 28.943806
-20.775942 16.771536 91.677582
10.541533 22.0208 110.220016
6.253655 16.667458 109.139488
11.393289 48.255821 59.252117
15.010669 47.45351 53.182968
7.151632 47.265343 53.294098
-16.623413 17.882334 8.508949
-12.830379 34.1455 2.666116
-33.457813 -10.902311 2.605859
-33.909904 -12.549301 4.15797
-33.26136 -10.116249 6.327754
16.568163 -22.077623 64.918648
11.149836 -24.837366 65.841446
-34.777317 -20.80246 5.959918
-34.554783 -14.941723 9.102888
-11.582584 -15.229158 58.965721
5.376042 -31.572107 59.73439
9.11475 -9.432267 79.248024
8.229336 -3.384806 83.654022
-20.160246 18.953186 33.818211
26.170134 9.411827 79.052292
25.001177 3.542844 76.201279
28.081161 8.468077 73.14167
31.804306 -14.208636 6.229707
-18.48864 9.244956 17.364857
-22.577084 5.120735 18.349421
7.836514 -51.117935 23.058641
22.293709 19.510809 91.845932
25.042145 17.267649 86.680466
-7.504921 36.40844 36.451378
-3.178045 36.781647 31.879997
-8.280126 35.059036 31.446341
5.926569 -52.780445 18.99729
22.312132 -46.362675 16.12953
5.073555 20.872398 115.620346
23.495611 14.130659 24.567356
-2.825 45.006004 60.167313
1.188376 46.321827 56.795048
-4.264918 43.891869 55.047802
15.11085 21.088902 2.19247
15.871576 24.397413 2.10283
16.395374 22.213322 4.903092
31.312771 -1.043267 23.475983
-7.267214 52.9543 121.109535
-18.990582 27.295382 57.689774
-18.130274 24.951899 63.099266
-13.526822 -3.72798 64.611061
-6.661331 -33.509708 49.809647
-7.211114 -38.0863 43.969791
24.650377 -29.430641 40.374859
-30.668222 31.027679 106.312065
-33.313931 -28.718124 3.003219
-20.794991 -39.368027 26.457762
-24.088318 -35.156677 27.033417
25.599459 35.166481 84.793503
-17.650173 18.709303 64.341736
-16.879084 23.058439 68.711197
-3.99788 -55.712017 7.353576
-9.367467 -54.917702 3.507898
-5.424691 -55.939369 2.681819
-20.542534 14.428352 97.18589
-19.08996 12.864858 105.045006
-25.500223 16.67481 101.877876
-15.477037 51.813763 94.954475
-0.692631 -56.118248 3.680166
33.217854 -5.254403 18.276842
-23.740505 44.384792 88.181274
24.159586 -43.491173 20.748501
20.401131 21.322329 16.47896
10.581863 -41.316971 43.473595
4.555007 -55.634499 3.154932
11.394301 46.47031 47.128162
-28.919632 41.391476 90.321922
-10.377698 -10.484917 64.165634
17.680679 -16.867182 68.598328
20.421459 -1.061587 78.879524
21.86735 5.163586 82.213394
-32.89122 -6.65622 16.713745
-30.129673 -2.441819 11.462271
-17.804295 46.395058 122.186211
-24.821482 1.793966 32.713993
-34.483677 -23.550482 3.138152
6.710117 47.978542 92.458847
33.744339 -13.872772 11.187637
-9.532371 22.771311 126.28537
14.378531 23.615465 106.233086
1.459263 37.194206 14.982838
-5.90544 34.668972 16.153688
-16.695436 12.789618 13.33571
24.879379 -44.966312 11.403527
26.933935 -42.087238 15.948589
27.695351 28.185051 83.553818
31.603174 -22.655228 1.989401
-19.512915 15.174773 112.971733
-30.143234 26.233908 106.26091
-27.808949 23.464025 110.705238
17.248079 30.411356 0.054174
16.856804 27.777378 3.546251
16.177013 27.343164 0.054174
18.548128 41.54351 91.494896
3.973769 -12.353707 76.863205
4.350593 -17.754358 72.868523
-20.645294 24.614759 36.781631
-20.872768 19.074986 40.245972
-21.080715 24.585543 42.031307
-2.496351 -56.447933 1.591938
5.985205 -47.817074 33.25172
-0.767612 -48.487263 32.320847
10.151999 -54.123589 3.115967
-20.469452 41.283588 119.457832
-19.635319 35.277405 120.634346
-29.043842 29.462746 110.592834
19.81431 26.963909 98.857872
-1.407839 39.212711 37.39872
23.207869 23.385033 21.741314
25.744356 24.96736 27.212837
0.753477 30.142559 122.140602
29.826399 13.46418 70.065498
27.779987 21.345535 82.48999
28.686871 14.018013 75.736252
27.893465 18.538206 36.095497
-7.805854 -0.432252 75.004272
-23.008957 -43.152107 15.689429
-30.210855 -35.298203 9.491386
10.564754 -31.718836 58.202583
16.42985 -29.826601 54.877178
-27.062796 -39.407551 12.633958
8.950951 47.3736 76.600555
26.789249 9.311565 30.785477
28.004421 6.890953 33.872192
17.67865 -32.859844 47.837215
25.311724 9.361473 25.990622
-27.666061 41.878277 110.660088
-21.841946 -41.744743 21.461208
-21.583216 -6.6496 43.93829
-20.384127 -2.666981 47.710094
1.510394 46.752064 62.503624
5.659262 47.700447 59.386654
35.477646 -19.169065 17.422863
-19.176048 1.405641 53.074749
-20.333366 4.665742 46.490307
24.912153 4.528582 14.839907
29.689678 0.135181 16.733219
-2.803694 -23.394995 64.173775
-17.964533 5.028879 58.652744
-16.266556 1.707103 62.993427
1.929319 46.760841 67.466766
-30.373171 22.647709 89.337868
-31.354029 27.21715 85.418648
20.840574 -47.945026 0.054174
24.28121 -44.869797 0.054174
11.758474 47.576256 71.036743
-29.457542 -3.120239 2.529571
-31.896723 -7.245337 2.767465
-31.153509 -5.344445 5.540168
-30.374077 -36.667419 0.054172
-7.823617 35.518021 3.58653
22.974131 43.338013 69.816345
14.647564 -10.910887 75.946831
25.315977 41.036972 44.76981
7.423789 47.996658 65.214691
24.620611 42.713737 49.8839
14.182177 -52.437759 2.41336
26.829731 4.400328 21.618889
13.562806 -42.472019 38.378033
12.299322 -45.447464 33.482018
14.804665 47.770386 65.175041
16.663548 12.906408 7.5652
17.80706 19.649055 10.922526
18.093056 45.861763 70.544914
18.731508 -12.062551 71.728027
24.725685 -0.052053 4.925476
13.407524 28.901024 110.046165
17.061634 28.090445 104.198761
-18.876348 -17.923805 44.058762
-18.825367 50.966515 111.455704
21.499886 -17.136351 63.293137
20.44825 -23.09903 57.774601
18.087877 8.620097 5.180163
3.900048 48.47929 87.269791
-2.662277 49.200962 87.918503
30.874659 -19.812597 1.135626
31.088047 -17.406199 2.448296
-26.52478 18.717175 94.812866
-17.348368 29.930079 61.738995
-25.320269 2.735793 12.110265
-17.309782 22.626097 3.921254
34.735779 -17.614367 13.249156
14.265957 -27.244123 61.195709
24.200535 43.87088 59.937378
-3.875403 -31.690701 55.139164
1.740414 51.304646 105.316223
-15.422585 -26.84428 42.880619
27.033758 15.277496 81.209633
15.125297 1.432616 84.906624
14.77857 -5.396924 80.073372
-24.962946 17.396687 109.012657
-10.712056 -1.868315 70.208603
-33.067791 -8.397936 10.586233
21.02047 45.455479 65.176048
-23.46751 -20.967495 37.18502
-19.245478 -26.439999 38.208065
-23.079639 -26.5842 34.638973
-3.30302 -50.751751 25.81517
-7.440446 -47.241879 31.024412
35.56831 -14.645874 21.302055
28.784405 7.908701 38.512569
28.769737 13.33707 39.641472
0.372772 37.087994 26.600639
0.854391 -56.347118 1.667298
-6.291361 39.179497 42.401062
10.916832 38.286121 0.054174
5.332622 39.371853 0.054174
3.756253 -50.364719 27.654322
21.375612 -26.694368 50.360722
10.089508 -48.615517 28.130798
-27.854013 29.826714 83.150177
-17.284595 19.791168 2.698147
-17.393438 14.721156 3.414552
-3.489132 -8.960712 74.064079
12.961123 35.621246 110.626045
-16.907223 30.956636 77.880226
-3.957172 52.82798 100.82148
2.678702 39.474697 31.946684
-22.568958 4.343138 7.242801
-14.971585 39.823853 122.90992
-9.951489 52.692997 96.898872
-6.552603 46.496784 83.247246
18.285671 47.105114 59.443867
27.461498 11.776981 34.864906
21.796846 45.366802 53.916073
-0.855187 -13.413477 73.673042
-34.841896 -19.217995 3.419502
-14.333598 32.889557 72.837578
-35.325165 -20.211838 0.054174
-35.322716 -20.231306 0.054174
-17.278915 26.780722 2.321032
30.071411 -12.752144 2.433678
-16.172525 29.77339 67.225296
30.448523 33.744022 60.972881
-19.969273 -48.080563 2.7886
-17.36731 -51.144024 0.052467
-12.286524 -54.450027 0.054174
-14.037498 -52.080307 4.875517
-18.920456 8.942562 52.551579
22.022509 -29.151855 45.150612
-18.865273 -21.815771 41.472088
-7.016558 -17.046347 64.445541
-12.571513 35.621883 41.062832
-1.737865 -18.319891 69.292999
-9.844653 -53.581593 9.510109
-16.118881 27.002771 73.391197
28.395525 -39.851994 0.054174
26.863358 -42.051247 0.054174
-34.579815 -12.263661 20.18099
-34.320034 -11.786922 14.527921
-17.735775 -49.904259 2.93619
-32.685566 -32.118916 0.054174
-34.633095 -25.658236 0.054174
28.318508 33.376957 78.220192
-17.409842 23.937656 1.544936
16.210167 -45.747494 27.844568
-27.548265 -23.839172 32.39032
-20.069227 -48.781319 0.054174
-20.736765 6.448357 0.054174
-17.734299 12.584129 0.054174
29.903082 -16.046604 0.054174
30.895092 -23.121626 0.054174
-23.807285 -45.101482 0.054174
16.776936 -50.947857 0.054174
12.191138 -53.506214 0.054174
3.50435 -56.255489 0.054174
7.257744 -55.353428 0.054174
22.712641 -0.04314 0.054174
31.171703 -27.04731 0.054174
30.982473 -32.648666 0.054174
-17.631926 22.558197 0.054174
-17.334303 27.738571 0.054174
-16.757215 30.537231 0.054174
28.382013 -10.416279 0.054174
29.801899 -37.469833 0.054174
-6.367047 -56.520748 0.054174
-9.703711 -55.537029 0.054174
13.319927 18.860073 0.054174
15.223835 24.572613 0.054174
-30.834482 -4.764534 0.054174
-33.400669 -9.788273 0.054174
14.877935 35.185276 0.054174
-17.333633 17.063005 0.054174
0.882547 38.307346 0.054174
-1.075827 -56.841301 0.054174
-9.620769 35.211151 2.737824
-14.494648 34.48127 0.054174
-9.396057 36.084698 0.054172
