-85.049797 15.5818405 0.0
-75.155586 13.148488 0.0
-78.707512 22.869137 0.0
-137.54512 0.0 0.0
-134.0251615 -11.6232435 -0.0
-129.554825 -2.963266 -0.0
74.8934095 -80.95636 -0.0
75.1078415 -88.7090835 -0.0
81.4191435 -83.846565 -0.0
93.221962 84.5928575 0.0
84.3524245 84.666382 0.0
87.8909075 75.617752 0.0
83.61277 93.0329055 0.0
74.8961335 87.5979845 0.0
11.0138055 114.0444945 0.0
13.7922925 105.1516725 0.0
19.278145 113.733162 0.0
-88.4348375 80.5795595 0.0
-85.9483565 69.1602095 0.0
-78.615883 77.219246 0.0
-18.26548 116.425293 0.0
-8.7762805 121.720764 0.0
-14.280139 126.9852065 0.0
-11.314164 112.4374925 0.0
-2.604842 100.901123 0.0
-13.299342 102.3313905 0.0
-8.4268695 93.032524 0.0
-91.5090025 -79.66098 -0.0
-83.3235245 -82.1023405 -0.0
-86.4853745 -71.915642 -0.0
-8.1280545 -118.910553 -0.0
-4.903653 -128.730942 -0.0
0.5256745 -121.532921 -0.0
-18.26548 -116.425293 -0.0
-14.280139 -126.9852065 -0.0
-55.9337275 -56.2438355 -0.0
-64.4527205 -52.962837 -0.0
-62.188698 -62.843174 -0.0
-31.0491485 -68.9040525 -0.0
-22.947813 -72.5695955 -0.0
-24.7856195 -63.576889 -0.0
1.26342 58.7518045 0.0
-5.6057 64.9240035 0.0
-8.224578 55.7150345 0.0
8.091322 -124.0914385 -0.0
15.6085775 -123.4652555 -0.0
12.7760085 -116.8761825 -0.0
-76.2661895 98.340042 0.0
-86.1362305 92.153984 0.0
-78.364891 88.076172 0.0
-88.009102 -53.4105455 -0.0
-91.6249315 -61.4100265 -0.0
-81.8633955 -63.8083685 -0.0
38.895855 -53.73407 -0.0
35.3797265 -61.0608635 -0.0
43.4465295 -61.184555 -0.0
-24.46488 99.9987795 0.0
-21.109703 93.073601 0.0
8.590481 32.55402 0.0
15.3355235 44.759941 0.0
1.756315 46.926712 0.0
97.259102 97.259102 0.0
86.5512315 102.988983 0.0
90.3275605 94.857216 0.0
83.846924 7.9651125 0.0
91.4702375 15.253008 0.0
81.8653185 17.01618 0.0
-71.9171525 -64.71402 -0.0
-69.885887 -57.419422 -0.0
92.4954375 42.581505 0.0
88.009102 53.4105455 0.0
82.4039765 44.199032 0.0
-73.2948 -9.1500485 -0.0
-82.9127425 -13.695489 -0.0
-75.952965 -18.1086025 -0.0
62.964138 18.865206 0.0
67.007286 11.2582835 0.0
72.3156205 18.4226835 0.0
70.1821215 5.0867185 0.0
76.620224 2.0701485 0.0
75.3541565 10.13984 0.0
130.904846 -2.9453625 -0.0
126.735245 -7.800202 -0.0
137.54512 -10.294799 -0.0
-27.335251 16.6189175 0.0
-38.526478 19.083208 0.0
-33.793373 6.957618 0.0
-73.5377655 31.7399485 0.0
-63.9976465 32.2703705 0.0
-68.2093125 42.236603 0.0
-90.241165 -93.378525 -0.0
-83.28347 -91.8273545 -0.0
-88.745247 -86.968033 -0.0
-83.1393815 -3.973375 -0.0
43.318184 -46.3074075 -0.0
52.9861185 -46.7809525 -0.0
47.877369 -38.9507675 -0.0
63.459919 -18.8295785 -0.0
70.0090865 -23.4452325 -0.0
72.680313 -16.2500895 -0.0
-19.850706 54.266018 0.0
-15.6145285 64.407707 0.0
-26.9169615 63.9505005 0.0
-103.2640685 12.9625035 0.0
-92.9799805 9.4176845 0.0
-93.092232 18.8654745 0.0
-65.0502395 14.9381125 0.0
-68.260727 7.3519825 0.0
-83.912361 6.0478685 0.0
-33.103775 -85.9507215 -0.0
-23.188381 -88.217659 -0.0
-28.2502195 -78.4698335 -0.0
62.964504 -66.3027575 -0.0
54.005329 -73.1022875 -0.0
62.9655265 -75.762886 -0.0
10.294799 -137.54512 -0.0
27.7864075 -71.9832765 -0.0
33.2567255 -67.546921 -0.0
27.497717 -62.667473 -0.0
-75.336548 -75.0056 -0.0
-74.5672455 -87.1374055 -0.0
-2.2987585 117.3019715 0.0
-3.9769545 108.645195 0.0
-86.1001585 23.0888025 0.0
5.98329 -106.996979 -0.0
13.5900185 -109.8445815 -0.0
13.9956905 -102.370636 -0.0
54.1607435 19.347046 0.0
58.068241 11.6292 0.0
-21.365179 108.212036 0.0
41.125412 69.6081315 0.0
48.810341 75.5268325 0.0
39.7640115 78.5553055 0.0
-99.9987795 24.46488 0.0
82.770401 -92.4139555 -0.0
89.75338 -93.5059435 -0.0
87.521797 -87.214531 -0.0
86.7375795 -20.824011 -0.0
82.6124345 -29.295578 -0.0
92.4332045 -26.7507915 -0.0
94.9269865 91.2822645 0.0
89.287857 89.6959765 0.0
85.047241 -67.9814375 -0.0
91.6249315 -61.4100265 -0.0
80.6775055 -57.0220945 -0.0
79.22184 -75.3104325 -0.0
-53.526821 -63.993023 -0.0
-54.9304925 -71.396126 -0.0
-46.574772 -69.1873625 -0.0
92.4614715 -4.5622635 -0.0
85.1825485 -8.2042715 -0.0
90.1255645 -12.9009705 -0.0
46.5506365 12.340864 0.0
30.74708 7.1648855 0.0
46.4315185 -2.081818 -0.0
41.070896 -83.370468 -0.0
44.5426405 -74.7407915 -0.0
36.1952895 -74.793831 -0.0
108.212036 21.365179 0.0
99.9987795 24.46488 0.0
100.945984 12.724738 0.0
-91.6249315 61.4100265 0.0
-88.009102 53.4105455 0.0
-83.6534195 58.8930015 0.0
1.4015785 65.964699 0.0
-70.116516 84.331009 0.0
-77.996208 67.3143465 0.0
57.671112 -38.5516815 -0.0
68.0492555 -38.3927305 -0.0
62.5191115 -28.9575845 -0.0
-1.730696 -56.6323435 -0.0
-9.2100725 -61.3403205 -0.0
0.1894035 -65.978508 -0.0
94.6610795 -87.716095 -0.0
89.000458 -78.7131575 -0.0
-18.3926925 -57.546974 -0.0
-10.128048 -49.5690575 -0.0
-77.1337435 60.088558 0.0
108.7433855 -9.14789 -0.0
102.650406 0.459161 0.0
98.9216005 -10.2620925 -0.0
2.794983 -129.885559 -0.0
-0.0 -137.54512 -0.0
-85.475189 47.7813225 0.0
-80.852623 45.1174395 0.0
-79.148926 52.8260195 0.0
77.882698 -22.5469515 -0.0
-10.294799 137.54512 0.0
-6.6476605 130.1630095 0.0
-0.0 137.54512 0.0
-70.3014375 -34.758972 -0.0
-60.953232 -37.247898 -0.0
-64.2512895 -27.814972 -0.0
68.9731065 69.9966585 0.0
77.2203825 77.3718415 0.0
66.2025145 80.315132 0.0
2.922217 -88.0455625 -0.0
11.576849 -82.5919115 -0.0
1.5969225 -76.9331665 -0.0
137.54512 -0.0 -0.0
31.701296 -97.001358 -0.0
21.982023 -88.9985505 -0.0
24.46488 -99.9987795 -0.0
123.4652555 -15.6085775 -0.0
19.5433825 97.6339265 0.0
22.250805 105.8653945 0.0
-111.4757845 20.1369325 0.0
-67.918442 -18.6759225 -0.0
-58.1989975 -20.27722 -0.0
137.54512 10.294799 0.0
126.9852065 14.280139 0.0
129.3961485 4.657496 0.0
10.390233 55.240452 0.0
104.5386275 89.9795835 0.0
98.340042 76.2661895 0.0
46.1741295 91.006523 0.0
46.972065 83.6958925 0.0
53.4105455 88.009102 0.0
-109.776596 4.1469065 0.0
-106.696556 -3.841539 -0.0
-100.5297165 3.009631 0.0
52.3843955 25.304205 0.0
49.0030135 28.7032145 0.0
46.6716005 23.2366865 0.0
-99.8896865 79.694542 0.0
-94.776375 88.267929 0.0
-104.5386275 89.9795835 0.0
110.404907 10.0108195 0.0
113.963768 -0.22294 -0.0
49.7122955 -82.0877455 -0.0
58.5119705 72.920677 0.0
60.6303675 63.3061525 0.0
68.2724305 -82.7232515 -0.0
67.032921 -94.1646345 -0.0
-42.573414 71.7090225 0.0
-33.4097595 72.4459915 0.0
-39.8163605 80.156273 0.0
-6.719388 -82.491234 -0.0
-14.9614745 -86.74942 -0.0
-6.2216055 -94.916481 -0.0
77.980667 -38.1363985 -0.0
73.636833 -47.2776145 -0.0
83.082466 -46.5093575 -0.0
38.6227265 -38.447403 -0.0
33.7401655 -45.930004 -0.0
-9.275115 -26.4471055 -0.0
-3.5019475 -38.172493 -0.0
6.4960575 -28.201931 -0.0
59.218048 -82.592682 -0.0
23.4879285 33.9404295 0.0
79.3055115 54.228901 0.0
19.028824 -66.173996 -0.0
8.9167575 -58.66803 -0.0
10.135686 -71.1956865 -0.0
46.739498 -67.8492585 -0.0
39.851879 -67.7576675 -0.0
59.120266 -2.909655 -0.0
54.6645965 4.524689 0.0
31.0718555 -83.8837965 -0.0
-38.9377135 -94.0039445 -0.0
-45.928093 -80.3395385 -0.0
-35.4402845 86.847656 0.0
-31.381611 79.8043745 0.0
-91.81546 0.1175275 0.0
58.483406 25.615484 0.0
68.662468 -1.585172 -0.0
66.08078 -9.93198 -0.0
-73.362419 -25.79545 -0.0
-79.4217605 -32.079571 -0.0
88.009102 -53.4105455 -0.0
35.047306 23.5191995 0.0
19.75346 20.811182 0.0
105.8653945 -22.250805 -0.0
99.5204695 -21.728058 -0.0
99.9987795 -24.46488 -0.0
-10.7094375 72.841591 0.0
-1.94996 71.738762 0.0
-31.701296 97.001358 0.0
91.006523 -46.1741295 -0.0
87.1193235 -37.061245 -0.0
-10.541977 -107.473549 -0.0
-21.365179 -108.212036 -0.0
46.1741295 -91.006523 -0.0
90.5918425 59.1244545 0.0
92.737602 5.054673 0.0
84.656639 -0.9513175 -0.0
-16.843323 -97.5866775 -0.0
6.604554 -115.272522 -0.0
-1.2100805 -112.349724 -0.0
-50.1282885 21.586481 0.0
-56.770893 15.30993 0.0
-48.174904 9.287428 0.0
43.3591345 -32.664524 -0.0
35.1679495 -29.8336145 -0.0
-81.9261625 -47.648941 -0.0
-77.7718885 -56.2152785 -0.0
-72.950119 -49.976158 -0.0
-95.364212 -87.827217 -0.0
-99.8896865 -79.694542 -0.0
-60.013321 23.199646 0.0
-16.9287455 -37.6382715 -0.0
-3.3035025 10.6200675 0.0
-3.66694 25.4898775 0.0
-16.149019 20.4243985 0.0
-90.963173 27.6471215 0.0
-82.4165115 30.354986 0.0
81.058525 65.895294 0.0
70.3375015 59.964741 0.0
-95.240753 -69.409508 -0.0
52.1549375 -62.973381 -0.0
48.0777895 -54.351841 -0.0
-59.929569 7.3864675 0.0
-37.1971205 64.08313 0.0
-41.6663705 57.975708 0.0
-32.885311 53.579071 0.0
70.463295 -74.4734345 -0.0
74.524086 -66.2126615 -0.0
29.826107 -54.1256905 -0.0
123.2708665 -1.269679 -0.0
15.6054525 62.7810595 0.0
20.57181 54.5380705 0.0
24.257412 63.2381975 0.0
116.425293 18.26548 0.0
53.5748215 -21.84569 -0.0
55.58144 -11.8698895 -0.0
-32.265976 -50.340294 -0.0
-40.873863 -44.311657 -0.0
-40.446678 -54.8828775 -0.0
-54.269356 -29.7624605 -0.0
17.6368655 80.2296755 0.0
23.8688125 83.6571425 0.0
18.0796965 88.8016435 0.0
-7.7818805 -71.726036 -0.0
-30.582245 91.158684 0.0
-25.7624495 84.7865755 0.0
95.240753 -69.409508 -0.0
43.9432945 39.760128 0.0
47.3494795 48.435665 0.0
37.628605 47.4213525 0.0
-86.5512315 102.988983 0.0
73.0188215 45.032444 0.0
64.432297 46.1598475 0.0
66.588539 37.9249955 0.0
-113.7057875 -10.3247835 -0.0
-101.8591535 -13.05107 -0.0
-32.5307505 -59.664158 -0.0
-86.974716 37.2875365 0.0
-72.879921 56.510174 0.0
-66.592865 60.4303855 0.0
-71.6825335 64.543228 0.0
-52.7773285 49.4901085 0.0
-43.5703775 50.1720085 0.0
-48.8715745 57.2175065 0.0
-1.439608 -15.2752935 -0.0
-14.554528 -15.3745525 -0.0
55.932926 82.0661085 0.0
61.7433585 91.775749 0.0
8.687149 85.2332915 0.0
10.8812885 75.651039 0.0
73.21962 -30.183014 -0.0
76.584427 -7.237226 -0.0
81.619339 -14.770732 -0.0
-76.251724 -41.237419 -0.0
-67.2392045 -43.9227675 -0.0
-64.339508 -72.631859 -0.0
-56.2872695 70.728401 0.0
-64.411171 68.734482 0.0
-59.910885 62.9914625 0.0
-11.443574 44.930313 0.0
-3.8351935 36.613415 0.0
-41.57518 -30.981207 -0.0
-39.462734 -16.8176005 -0.0
-49.038677 -22.0817585 -0.0
-61.966007 -10.5740335 -0.0
-65.671173 -0.8032115 -0.0
20.176941 -77.3945925 -0.0
-115.712425 -2.0786495 -0.0
-123.799568 7.6670665 0.0
-129.6396025 3.3601545 0.0
-123.2553865 0.510052 0.0
-95.240753 69.409508 0.0
-92.395355 94.6434095 0.0
23.648773 -46.22221 -0.0
20.249243 -55.7800215 -0.0
2.6591005 77.783722 0.0
-2.2457965 85.1625445 0.0
-74.9863435 2.0847185 0.0
-56.4061165 56.8223955 0.0
-21.0227145 -80.557495 -0.0
-15.137662 -76.844734 -0.0
-70.669876 73.662262 0.0
63.180332 -47.1639215 -0.0
95.322235 -18.2616805 -0.0
-39.416294 -64.5541535 -0.0
-82.0025255 -22.915375 -0.0
49.295349 34.2982905 0.0
53.891979 30.285383 0.0
-51.1208 -12.5410025 -0.0
-42.4258615 -3.6497995 -0.0
7.010359 19.558546 0.0
13.3713475 8.432501 0.0
-26.2583105 -55.823639 -0.0
-5.1378495 78.15329 0.0
-46.1741295 91.006523 0.0
22.7321245 -25.976284 -0.0
28.4435845 -37.2263185 -0.0
-45.4935455 64.247696 0.0
-49.4585535 69.9654085 0.0
-52.816551 63.7953795 0.0
-98.520897 -4.5906885 -0.0
-22.4845505 -48.2826805 -0.0
-104.5386275 -89.9795835 -0.0
68.8175125 -56.5456505 -0.0
-69.512779 23.076397 0.0
-49.8361395 78.7851105 0.0
2.1248505 93.540718 0.0
5.6934735 101.5279235 0.0
51.641258 40.954468 0.0
120.087982 7.609829 0.0
5.4395905 70.6257095 0.0
7.670471 63.704029 0.0
69.855934 51.9389915 0.0
57.9963265 -55.6167945 -0.0
-9.956644 -3.7750185 -0.0
-26.501278 -7.098802 -0.0
32.8258665 73.6786955 0.0
26.827778 70.0214385 0.0
32.925316 65.1467055 0.0
0.092281 127.0247955 0.0
-58.11438 41.18729 0.0
-61.0471955 49.935978 0.0
44.5309755 -14.861616 -0.0
3.4583165 112.6016695 0.0
6.597964 121.407234 0.0
30.710764 55.718609 0.0
41.8938215 58.420891 0.0
-134.0251615 11.6232435 0.0
-10.294799 -137.54512 -0.0
51.4559935 -31.034523 -0.0
2.0009085 106.316635 0.0
7.227713 107.924988 0.0
-60.9176635 79.4666215 0.0
-42.7404825 30.669569 0.0
-36.704876 41.273365 0.0
-48.066635 40.843708 0.0
20.03673 -111.73201 -0.0
22.250803 -105.8653945 -0.0
-53.948044 31.701641 0.0
-91.6073685 -9.0211775 -0.0
-91.2374725 -18.6913565 -0.0
54.6502 35.6263505 0.0
58.8484575 40.154457 0.0
33.5273285 -8.120887 -0.0
37.767048 86.8675765 0.0
11.6232435 134.0251615 0.0
4.665634 -98.251953 -0.0
-1.516984 -103.980606 -0.0
50.652172 66.0702745 0.0
43.11092 30.961424 0.0
-67.7120515 52.4396555 0.0
-74.522812 48.150482 0.0
-97.259102 -97.259102 -0.0
6.985802 -39.768612 -0.0
16.875767 -37.3775785 -0.0
-25.5539035 -24.7316265 -0.0
-123.4652555 15.6085775 0.0
95.4600295 -35.419201 -0.0
-64.79953 -82.4874115 -0.0
11.73106 68.7917405 0.0
-97.2437745 92.5386125 0.0
-97.259102 97.259102 0.0
99.8896865 -79.694542 -0.0
13.0796585 -47.5443495 -0.0
2.185567 -48.2492525 -0.0
103.83432 -16.805416 -0.0
86.5512315 -102.988983 -0.0
38.9377135 -94.0039445 -0.0
20.220627 -4.2629405 -0.0
-62.4334525 56.659649 0.0
-50.945339 -39.9659805 -0.0
-13.663393 83.1100845 0.0
76.2661895 -98.340042 -0.0
118.4493025 -8.8564655 -0.0
-123.2911225 -7.0258045 -0.0
43.7170485 -25.036024 -0.0
-77.8293455 39.2202225 0.0
-56.7085035 -79.012192 -0.0
-28.608938 29.185669 0.0
-24.0274945 42.7810555 0.0
67.8123095 27.858341 0.0
-117.4950255 4.185875 0.0
31.113369 81.724312 0.0
25.2112905 76.7704925 0.0
-97.001358 31.701296 0.0
97.001358 31.701296 0.0
85.938118 34.187916 0.0
-85.501053 -38.619854 -0.0
5.392717 -3.203314 -0.0
-54.9876175 -1.8174595 -0.0
27.18725 90.612694 0.0
18.899927 71.096596 0.0
34.113987 -19.7585585 -0.0
-47.6147425 -59.933304 -0.0
-19.500759 7.3233425 0.0
-37.4902 -74.5940705 -0.0
-22.482237 74.5266645 0.0
62.387642 54.2657965 0.0
62.992893 4.480624 0.0
114.419121 -19.018751 -0.0
76.2661895 98.340042 0.0
15.6085775 123.4652555 0.0
24.791565 -14.6487635 -0.0
13.0842325 -15.200431 -0.0
53.1388435 56.3930055 0.0
-99.9987795 -24.46488 -0.0
-111.174118 -20.2486325 -0.0
53.4105455 -88.009102 -0.0
27.1132395 45.503681 0.0
13.2085305 -93.3459395 -0.0
-91.006523 -46.1741295 -0.0
-14.6019125 33.2412185 0.0
-53.4105455 88.009102 0.0
-61.4521445 91.6396025 0.0
-114.886757 10.7731065 0.0
-58.1945765 -46.864544 -0.0
-94.0039445 38.9377135 0.0
-95.3961715 -35.5799065 -0.0
-88.938553 -28.762533 -0.0
56.232231 47.719654 0.0
78.8126295 26.2592525 0.0
75.7398455 35.854946 0.0
11.360009 95.3245925 0.0
-30.0725975 -39.316368 -0.0
35.023693 36.794758 0.0
89.194481 24.757387 0.0
-38.9377135 94.0039445 0.0
-16.536499 -67.204773 -0.0
-76.2661895 -98.340042 -0.0
-86.5512315 -102.988983 -0.0
-24.46488 -99.9987795 -0.0
24.46488 99.9987795 0.0
-64.375168 -92.9678955 -0.0
-53.4105455 -88.009102 -0.0
97.259102 -97.259102 -0.0
59.980713 32.820507 0.0
-70.552284 95.757309 0.0
-49.119526 -50.412922 -0.0
35.3737375 95.483101 0.0
-123.4652555 -15.6085775 -0.0
93.174576 64.8383635 0.0
104.5386275 -89.9795835 -0.0
