70.267326 -61.451309 150.049988
78.276695 -59.584877 150.049988
70.831795 -53.865292 150.049988
-77.5597 -18.889664 0.049998
-83.393044 -20.236219 0.049998
-80.582016 -14.519581 0.049998
-126.058556 96.622925 46.722816
-136.808685 96.622925 51.956486
-127.354134 96.622925 58.511677
-51.670082 -19.283449 150.049988
-53.259274 -14.493512 150.049988
-58.115917 -20.135944 150.049988
-119.875595 42.740345 0.049998
-116.510315 36.00502 0.049998
-120.21022 43.425076 5.073567
-100.676819 1.365282 51.375935
-94.479057 -8.55677 54.685059
-98.931931 -1.737556 66.658081
-96.456612 -5.582438 42.619499
-93.747025 -7.160158 30.131712
-88.4683 -13.520854 42.198788
100.813705 25.094141 39.178516
104.153267 34.507561 28.735479
98.902946 19.663071 23.446569
79.88723 -98.021645 19.046446
81.246811 -99.244164 6.297409
85.353302 -90.200294 9.646915
52.600792 -17.662352 119.620804
57.634361 -31.589911 122.330559
56.21101 -28.100878 108.479187
53.802471 -20.029026 60.636719
58.847908 -34.35503 56.469189
54.769333 -23.682226 43.338959
58.886414 -35.511818 85.509087
54.89389 -23.695168 78.054466
55.374584 -25.757629 93.498703
95.896866 11.151809 37.108761
-76.443665 14.084562 7.306783
-82.318916 23.76338 9.492828
-76.556915 14.724798 17.925726
59.803757 -37.095356 39.639359
65.007492 -45.174603 54.335812
65.257675 -46.309376 41.480652
131.344406 40.660915 150.049988
133.535843 46.878918 150.049988
125.978798 46.51585 150.049988
68.792023 -51.99593 33.015133
71.500458 -48.007351 33.505867
66.823128 -50.774273 24.948765
50.723507 -9.868527 73.152573
45.381088 0.180041 84.116432
51.286819 -12.551746 88.474281
45.227097 -0.886453 100.222298
-88.837807 -13.516125 96.251305
-88.553413 -14.617855 82.551071
-79.547966 -19.172318 87.769569
46.345814 -3.135012 116.548668
51.617474 -14.396733 104.366821
26.822529 -5.299248 150.049988
34.625946 -3.917871 150.049988
32.217968 4.435821 150.049988
48.418442 -7.56513 132.639038
54.339745 -22.947695 132.494873
49.890087 -9.219697 45.495529
42.922977 3.798798 47.494583
48.067055 -3.795086 59.682919
58.639191 -34.248177 71.401482
64.087173 -43.963226 68.315811
-75.723343 -19.637703 44.158756
-80.680092 -16.715742 26.763895
-64.554008 -20.694115 32.027466
-106.142952 13.877174 87.17067
-111.280594 25.078775 88.073395
-107.877533 17.748976 74.333733
141.926071 70.68531 64.930099
141.731735 70.133919 78.904465
137.952011 59.409336 66.488411
49.49036 -85.391052 71.669495
56.984554 -96.577438 74.877518
49.66552 -85.543526 84.139252
-79.542168 -18.446653 123.04789
-89.701355 -12.277868 128.79808
-88.971848 -12.669883 113.104202
67.801285 -102.271439 97.275467
79.64183 -98.612709 95.337418
75.847198 -101.130585 106.1772
-78.998741 -18.791845 104.227676
122.747513 16.263597 122.295395
117.864197 2.402575 112.361023
123.467995 18.30757 107.376038
95.024628 -64.675423 105.07563
97.529839 -56.146175 118.207893
91.972923 -73.460487 120.937996
145.165665 79.877411 69.271515
-84.685455 -16.9284 137.208115
-87.741058 -15.883778 145.046219
-91.02932 -11.824736 141.235046
119.695366 7.591837 96.013588
107.378075 -27.170992 39.936428
110.92202 -17.220284 47.992989
106.748764 -28.894753 57.090237
82.132195 -29.376345 35.682316
79.855614 -35.337566 48.988514
84.603035 -22.722927 48.857079
49.2099 -80.166412 0.049998
56.843727 -80.312325 0.049998
52.288269 -88.544899 0.049998
-91.364235 -9.21856 14.513755
-80.416534 -18.072611 9.736494
138.567383 96.622925 0.049998
147.780212 87.295921 0.049998
135.314499 87.507477 0.049998
-76.396614 -20.278019 137.871994
124.827118 22.165106 92.256332
126.491768 26.890631 77.773293
130.061081 37.020756 89.222725
-82.857864 -19.012056 145.408432
69.645714 -49.477661 40.996201
68.250946 -49.3074 48.303722
71.977272 -52.743309 46.825737
139.01445 62.42392 0.049998
142.301605 71.750923 0.049998
139.851395 64.798706 10.063352
104.238991 34.763668 101.770088
107.285759 43.363525 91.128334
102.959358 31.13615 90.302521
-67.651146 -21.034605 111.740341
-108.782364 35.480507 0.049998
-104.8591 30.340048 0.049998
-113.145035 29.269699 0.049998
-67.415985 -20.933559 127.784088
-81.887894 -18.501106 72.510704
-69.086792 -21.361702 76.454727
63.516289 -44.754128 30.103058
134.182678 48.714966 101.671616
132.041779 42.640305 120.336624
128.625381 32.946697 104.657822
48.643036 -7.588701 150.049988
51.303703 -14.830339 150.049988
48.408562 -6.973136 144.72699
-71.405678 -13.265275 150.049988
-61.250366 -13.19826 150.049988
-64.310379 -4.9294 150.049988
-140.624496 96.622925 21.864094
-138.854477 96.622925 14.0967
-146.797852 96.622925 18.799994
74.231613 -102.580017 84.261734
75.93045 -104.051659 8.64292
79.497673 -105.118309 0.049998
53.297119 -47.183517 0.049998
45.054485 -49.675468 0.049998
45.741974 -42.892986 0.049998
151.067368 96.622925 75.050003
142.608612 96.622925 77.919838
151.067368 96.622925 84.424995
-65.636398 -21.268532 93.833794
-85.008087 -16.589338 57.178749
100.664223 -46.39109 0.049998
100.988556 -45.415874 8.558529
98.472771 -52.609093 0.049998
112.142937 -13.775958 86.722717
109.96904 -19.874527 100.225441
107.033943 -28.075531 87.441521
127.279282 29.126438 131.513962
125.508553 24.10232 142.811813
122.649811 15.988691 135.786926
44.73938 -71.32943 107.70974
50.251755 -85.385529 115.959534
44.773975 -70.289268 126.057457
14.814386 13.674103 23.840124
8.693869 13.471403 41.019657
23.719706 13.885443 38.171089
-66.992096 7.164495 24.831989
-77.027756 15.09001 31.7855
-67.313286 7.03176 39.448509
108.860214 47.829311 128.731842
106.460548 41.027374 140.944321
111.196411 54.451321 140.022751
-4.396158 -12.314968 12.13214
-8.108891 -12.544827 25.025194
-14.961014 -13.945894 14.929659
92.994179 -68.154099 150.049988
84.747368 -54.609257 150.049988
126.067375 96.622925 121.925003
126.067375 96.622925 112.549995
121.821289 84.582756 119.063484
151.067368 96.622925 93.799995
148.527466 89.416229 88.140465
16.087866 -13.525833 29.42157
4.680132 -11.35098 20.545425
14.542372 -12.011158 13.520993
71.337715 -52.308205 55.590286
75.133728 -45.648319 48.220219
93.949173 -66.13073 9.12581
97.800423 -54.62397 9.749287
96.409897 -59.125057 21.400833
124.770073 22.006914 150.049988
112.722031 23.074989 150.049988
122.578636 15.788911 150.049988
-118.950462 54.810688 0.049998
-126.606155 56.210987 0.049998
-121.540993 63.614342 0.049998
-29.208204 -15.994278 69.761459
-21.821928 -14.58799 55.714851
-12.6049 -12.86716 67.726303
-129.971436 62.946308 0.049998
122.948936 87.780632 74.820618
121.843102 84.644859 86.281372
124.100677 91.046303 81.806839
39.859272 -53.517567 44.329266
38.334911 -48.284519 32.921051
42.168015 -61.895943 33.705074
-143.432571 89.887604 150.049988
-136.491455 91.598976 150.049988
-146.797852 96.622925 150.049988
24.582972 -13.13848 150.049988
28.646624 -11.304405 150.049988
23.12771 -11.274336 150.049988
59.862751 -38.128616 22.997374
63.70961 -45.274734 18.765858
61.318062 -41.456085 12.075435
21.63744 -17.251741 119.330444
17.367744 -13.266979 106.103806
25.949083 -20.015059 103.165405
24.94907 13.795615 82.160088
13.934707 14.152932 71.333145
11.093658 13.986114 87.534386
-94.907585 -6.557951 135.982285
-42.548531 -18.765171 105.059715
-31.264595 -16.417768 93.697678
-24.498177 -15.117313 106.166061
45.324093 -73.936394 76.476723
44.895958 -72.380501 91.416145
88.766037 -9.388873 8.329145
85.85173 -17.966892 10.319096
88.90007 -9.356535 20.787546
-135.865585 96.622925 130.587769
-128.389862 96.622925 141.13887
-125.567337 96.622925 133.931839
92.243317 -72.528137 22.231207
-120.521645 44.180744 69.91674
-116.538918 36.065845 54.926476
-113.994713 30.878975 72.279922
-106.479332 73.324539 37.452675
-105.121765 70.659309 53.260303
-100.145248 60.678699 42.686047
77.86171 -38.332779 8.506754
73.608215 -44.591557 13.646661
78.865875 -35.953209 21.617319
24.232389 -18.424686 15.653967
27.349129 -21.813143 30.317125
74.027054 -101.621597 33.295345
68.341446 -103.001663 18.81039
-100.133034 60.51178 136.340958
-104.140297 68.557236 143.302078
-99.151619 58.559311 145.36261
104.320877 34.977428 79.589622
100.433998 24.01762 82.538368
-88.910011 -13.957178 4.721232
128.215393 53.423115 150.049988
42.308838 -13.324803 0.049998
45.673489 -21.266809 0.049998
36.179928 -19.297802 0.049998
-68.335197 7.40697 53.156925
-76.333138 14.683155 64.863487
-62.049736 5.404939 65.747429
19.499102 -14.238464 94.206917
21.945822 -15.666214 137.759262
11.275897 -12.435062 130.792633
144.493057 77.968918 0.049998
20.642044 -16.303102 54.220573
17.69676 -15.827784 70.351738
5.423516 -12.151066 62.334759
61.604916 -40.187859 113.009209
59.67453 -37.181782 99.296745
-14.706631 -13.451484 39.974991
-5.186747 -12.016715 52.473068
-71.068344 3.567463 0.049998
-72.389175 4.982225 0.049998
-69.878731 4.180149 1.912833
20.494402 -9.917463 150.049988
23.798435 1.29776 150.049988
-71.416962 9.809306 133.672348
-71.579384 7.609848 144.723465
-65.182693 4.733413 142.408966
68.653389 -50.634716 6.828296
73.458801 -46.680191 4.907534
68.509262 -54.050465 0.049998
-67.601677 6.891273 11.933499
-53.626102 4.204439 16.33007
128.797791 33.435772 29.58848
132.809586 44.818733 39.733986
127.670799 30.237078 43.796745
-66.710373 -21.272596 150.049988
-75.829468 -21.804102 150.049988
-108.303253 56.966209 150.049988
-102.437538 65.121437 150.049988
-112.954994 64.928917 150.049988
-118.177155 96.622925 150.049988
-126.350937 90.182388 150.049988
-114.599968 89.463493 150.049988
79.834641 -97.308067 130.008987
68.955536 -102.321693 128.774551
77.561752 -99.18956 117.580795
29.320955 12.545763 23.462101
40.61837 5.436837 19.386686
33.963268 11.643428 11.319564
90.890221 -75.618759 135.37294
86.626709 -86.909904 131.610535
68.654831 -103.205208 72.857445
62.738155 -100.902046 60.337811
74.404366 -102.149658 61.067093
95.42215 -62.250843 131.677063
67.467377 -101.978714 113.204689
99.193619 -50.708347 32.965393
100.493988 -46.812595 19.634047
64.602921 -47.051247 8.695652
129.560242 35.599075 15.375216
132.999359 45.357044 23.837078
83.950577 -58.393002 0.049998
94.089897 -65.045097 0.049998
80.823692 -67.148354 0.049998
89.707008 -77.48111 150.049988
86.419853 -86.808098 150.049988
90.093712 -77.007896 144.845078
-125.116783 53.333092 80.571915
-118.686272 40.429329 87.78318
68.425354 -102.648003 46.874245
24.687735 -8.220545 0.049998
19.311213 -0.813469 0.049998
28.959948 -1.625519 0.049998
42.689796 3.966495 142.242111
39.751099 5.805099 128.205826
33.968605 11.690544 138.197464
-99.230186 0.648976 137.766403
-96.861305 -3.358487 122.640053
26.897371 12.793541 125.017479
41.515495 -60.047283 82.407127
40.929356 -57.932877 98.342468
-137.156448 96.622925 62.046383
-137.417557 96.622925 71.478477
-127.750572 96.622925 68.3582
35.595932 -42.58493 144.497391
38.45787 -50.635323 141.807022
36.896435 -46.652447 150.049988
114.800995 64.671562 106.901016
109.621979 49.987965 104.283829
111.642807 55.716072 117.672653
108.192146 -24.954445 25.425417
104.609291 -35.107639 15.693868
108.796501 -23.300844 13.275752
49.151367 -55.385391 0.049998
58.13258 -53.190449 0.049998
54.528652 -62.112328 0.049998
74.015671 -50.977024 0.049998
72.781448 -59.52153 0.049998
120.679581 10.384842 78.926743
77.045998 -107.779243 0.049998
104.80938 -34.38052 102.125847
99.717453 -49.371265 103.389465
101.826859 -42.937672 88.735741
-72.248337 -20.941771 60.361195
-132.487503 96.622925 0.049998
-136.258774 89.333855 0.049998
-146.797852 96.622925 0.049998
29.953421 13.75666 4.9803
24.419815 13.817762 12.373288
-143.432571 89.887604 0.049998
23.890127 14.183144 150.049988
29.967331 14.978073 150.049988
23.393116 14.150174 145.813797
109.901642 15.242849 150.049988
120.387199 9.570908 150.049988
106.892021 6.601278 150.049988
-118.177155 96.622925 131.300003
-127.092644 96.622925 125.26577
32.630009 -10.371346 0.049998
62.300678 -103.211365 10.616055
56.656677 -97.754204 7.100449
63.839718 -109.513184 0.049998
-106.730156 73.712746 150.049988
141.713913 96.622925 87.053711
-71.429504 -3.070438 150.049988
59.285713 -36.555225 0.049998
58.03373 -33.450287 11.853433
61.946377 -43.796856 0.049998
117.100037 0.243908 150.049988
-118.177155 96.622925 65.674995
-115.090302 90.440193 59.154888
-118.177155 96.622925 56.299999
-76.681808 13.573546 0.049998
-80.974419 22.164858 0.049998
34.021835 5.536614 0.049998
29.967331 14.978073 0.049998
37.111057 12.514916 0.049998
39.974796 -55.030941 0.049998
43.053169 -63.409435 0.049998
-57.3041 3.960942 6.858469
-71.856506 7.417726 4.425976
49.071857 -83.619743 47.201885
57.166084 -96.590912 46.414867
52.833702 -91.199295 60.569633
59.187843 -35.321682 134.147003
56.229912 -28.329523 142.322632
-68.182808 -20.270031 17.161459
-60.733051 4.664206 133.444656
25.651592 -18.296453 4.800539
29.874226 -27.354191 7.928342
29.384237 -25.609324 58.668236
29.91004 -26.313755 72.52404
76.618622 -41.404812 36.270519
-67.267906 2.259262 0.049998
-65.711311 4.137182 4.424382
-58.152111 3.451653 0.049998
-91.817383 -11.637638 69.823143
71.057854 -51.511723 67.130951
-130.183136 81.096024 0.049998
-140.067291 83.152275 0.049998
-108.099236 18.602102 136.19548
-113.594978 29.904835 125.916702
-108.342827 18.613848 118.195686
122.672676 60.672462 150.049988
119.692604 52.655994 150.049988
-75.266571 -9.375256 0.049998
-83.785088 -6.803045 0.049998
-96.223396 -5.548106 84.758636
-103.259506 8.17102 127.807678
108.334259 -24.628086 150.049988
100.200356 -24.466328 150.049988
105.047096 -33.955097 150.049988
-127.534767 96.622925 102.625587
-137.021286 96.622925 108.436394
-127.46331 96.622925 114.287094
76.876205 -40.053894 74.460663
79.243019 -35.446377 88.507141
83.484352 -25.035831 80.317696
151.067368 96.622925 0.049998
11.070495 -12.264738 46.81044
103.379944 -38.651779 6.266561
143.978806 76.509758 13.490118
147.788193 87.318573 10.752246
80.941246 -102.353096 0.049998
101.312981 -14.699416 150.049988
112.717148 -12.192094 150.049988
103.639931 -3.420948 150.049988
64.607048 -51.038486 0.049998
-101.935738 64.128998 10.405079
-104.180382 68.691139 22.509783
-98.360313 56.9063 20.612516
-115.241196 33.293598 21.177986
-121.465065 45.974247 28.158136
-120.684738 44.382008 14.653885
-123.17025 82.246017 150.049988
45.667389 1.341338 71.166809
-146.797852 96.622925 75.050003
-144.215576 91.45282 80.587852
-146.797852 96.622925 84.424995
100.664223 -46.39109 150.049988
102.855659 -40.1731 150.049988
96.487984 -45.546627 150.049988
36.896435 -46.652447 0.049998
13.767097 -11.519908 143.819473
93.604782 -30.413006 150.049988
126.067375 96.622925 140.675003
132.794098 96.622925 139.891235
126.067375 96.622925 131.300003
94.920433 8.313626 120.271614
94.681252 7.586139 105.296349
91.357368 -2.145994 113.5299
138.889938 96.622925 4.328807
102.13282 28.760311 6.616542
100.041527 22.822948 0.049998
99.392204 21.010761 9.478899
23.890127 14.183144 0.049998
25.130884 7.610862 0.049998
-109.591911 79.440292 0.049998
-105.299286 70.848976 0.049998
-115.68058 71.639839 0.049998
-123.240883 49.475662 0.049998
90.168259 -39.852383 150.049988
-63.022427 -6.540746 0.049998
135.727295 53.096916 150.049988
74.015671 -50.977024 150.049988
-118.177155 96.622925 107.862495
-118.177155 96.622925 121.925003
-70.881447 -20.849567 5.882516
-59.233715 -20.400658 7.852495
82.337662 -95.870216 140.891418
-91.607353 42.07222 60.211197
-91.6576 42.196739 75.330917
-85.865807 29.481075 70.823204
56.292458 -28.4084 0.049998
52.301456 -17.54595 0.049998
55.195305 -25.246473 5.901937
-41.960964 -18.180262 141.631897
-32.297119 -16.784132 130.745117
-30.53746 -16.482775 142.026642
39.509106 -53.461231 130.376587
40.37344 -56.069431 115.138252
16.839777 -0.284411 150.049988
13.50452 -10.663779 150.049988
18.580536 -6.263135 150.049988
37.199261 -44.032066 88.21386
-61.190712 3.054193 150.049988
-52.074909 4.246583 150.049988
-57.805656 3.784477 142.747391
84.639183 -22.195799 97.88768
79.229172 -35.991985 102.444794
82.588882 -28.059095 114.200653
63.921101 -44.526031 92.619354
63.682163 -43.988373 80.687401
-126.449814 96.622925 24.359798
-136.829727 96.622925 29.514452
-127.061844 96.622925 34.574959
139.93306 65.030464 96.844856
144.941971 79.242683 92.070831
143.804199 76.014412 109.747307
-36.674786 -17.590572 117.662422
-53.954121 -20.334202 118.206535
34.375912 9.862471 94.423721
90.162201 -80.133446 106.45829
83.765938 -93.535179 106.713432
87.516899 -87.510445 94.074654
96.281334 -58.827099 0.049998
65.308975 -46.42762 104.821831
32.386078 -32.518009 137.912506
35.369732 -40.15601 123.890373
35.796574 -42.274487 136.956085
14.774323 12.990752 0.049998
14.349562 13.323443 8.614583
-60.99139 -21.256851 48.110184
-57.981213 -21.216621 64.259506
-116.302017 35.516151 37.276909
126.067375 96.622925 37.549999
124.081284 90.991287 36.005581
126.067375 96.622925 46.924995
-106.985168 74.274681 133.333801
-113.393028 87.058212 137.72438
-109.483444 79.237442 144.134003
-127.831474 58.676525 7.773049
-124.240181 51.497871 7.50246
31.433208 -29.965282 18.814524
-114.3256 31.329351 106.393372
-119.15329 41.319172 120.023827
-143.680557 90.381271 88.735512
90.488083 -48.821465 150.049988
98.472771 -52.609093 150.049988
33.806145 -34.182304 32.019161
143.504974 96.622925 137.885361
136.314255 96.622925 128.604874
60.017574 -103.590126 144.184433
66.058731 -105.564331 141.542236
62.941315 -108.984673 150.049988
85.76738 -89.024628 119.151253
-77.1838 1.733448 150.049988
-84.392937 -1.4098 150.049988
-78.586472 -8.189289 150.049988
121.654823 84.111046 61.993725
126.067375 96.622925 65.674995
116.599449 69.773338 119.345642
118.738441 75.840347 131.545792
46.564445 -77.500908 62.196125
-67.201294 -21.169504 140.940048
45.622608 -1.002877 32.6493
117.871391 44.701302 150.049988
124.911461 40.588226 150.049988
102.536255 -40.994366 117.077621
108.253357 -24.722134 116.119713
105.126305 -33.617756 130.182922
-29.313833 6.899536 131.570129
-29.988819 6.990226 142.242874
-21.64793 8.22594 139.897598
151.067368 96.622925 121.925003
138.197861 96.622925 117.664444
-146.797852 96.622925 93.799995
27.661337 -21.516975 150.049988
25.609093 -15.931312 0.049998
73.160439 -47.73138 41.243504
113.708298 61.57357 129.651535
115.261368 65.97995 140.471848
40.837818 -57.110271 21.269926
-65.656227 6.376357 121.017662
-112.137642 62.868465 0.049998
-109.458946 52.857128 0.049998
62.810501 -87.950638 150.049988
73.821274 -80.377396 150.049988
61.939629 -79.422684 150.049988
56.39275 -99.716225 0.049998
60.169449 -88.930328 0.049998
120.194794 36.624893 150.049988
118.34494 74.724937 142.326218
119.560921 78.172935 150.049988
121.554817 83.827087 140.681839
102.879883 30.891848 15.645378
100.342743 23.769096 68.029152
96.44577 12.702361 79.128349
-135.019363 73.049294 0.049998
15.025992 13.380502 142.334579
14.774323 12.990752 150.049988
-77.219009 14.905087 47.155319
-136.715805 96.622925 41.207455
-45.224243 -18.430954 150.049988
92.700981 -18.635147 150.049988
-107.349785 74.975159 11.753718
-135.515488 74.037674 86.036186
-139.879089 82.768753 94.082855
-140.666229 84.343788 82.129097
122.946953 87.77494 47.30024
22.816856 -10.831184 0.049998
20.260323 -12.738921 6.001771
37.083755 -46.494675 6.173576
40.12645 -55.018688 9.686165
36.646488 -43.969814 18.513494
-136.263275 75.542175 28.733599
-131.638351 66.294235 14.080212
-128.283691 59.617855 32.95784
62.317757 -100.505814 32.567268
100.229973 23.438774 113.329361
7.118874 -10.990569 100.355179
10.026113 -12.077789 85.889778
-42.24004 3.993384 83.422394
-29.157293 6.355643 77.217506
-43.840775 4.178023 66.380157
-19.133564 -14.62273 135.8358
53.584835 -20.432642 16.850342
29.713579 -27.102638 0.049998
129.152954 34.442917 150.049988
126.961525 28.224911 150.049988
115.746796 30.540964 150.049988
109.801216 50.497936 150.049988
106.547981 41.272942 150.049988
-49.40015 4.277215 137.932922
42.926384 -63.455421 11.935392
44.358585 -68.620331 20.801567
-9.590966 -12.325696 93.507545
122.814148 87.397926 150.049988
30.151031 14.141394 144.478928
24.496302 13.947832 137.949402
-102.084999 5.130682 94.547958
-102.680702 6.181126 78.183853
-4.194408 -12.274793 127.593742
-6.704097 -12.001616 110.098511
8.429016 -11.752606 115.468781
86.46447 -50.644753 0.049998
74.874443 -104.218788 0.049998
75.038521 -103.1819 140.316391
89.573402 -42.642899 0.049998
67.014236 -53.667355 150.049988
109.801216 50.497936 0.049998
115.151299 43.853645 0.049998
106.547981 41.272942 0.049998
36.728294 8.145051 112.374123
55.246483 -96.132896 143.097305
50.889496 -85.959084 144.628159
51.570953 -87.65345 132.843231
-116.251419 35.450974 8.312208
-128.198853 96.622925 77.399338
-129.907867 96.622925 84.72319
-118.177155 96.622925 84.424995
40.253746 7.334208 62.1297
51.63224 -14.523974 30.64415
48.55397 -7.216925 19.040384
-56.52663 -20.992691 104.136932
-132.976013 96.622925 19.275492
94.647339 -32.931152 0.049998
-76.108032 14.211894 119.751457
87.515572 -83.699104 0.049998
78.202782 -77.487549 0.049998
90.802727 -74.372108 0.049998
91.78685 -0.674199 10.545039
90.28183 -4.852037 0.049998
36.411682 9.335614 35.198414
-143.71347 90.446861 97.40258
122.590652 15.822604 145.30632
103.951385 -37.064091 0.049998
133.231476 96.622925 88.576195
138.250244 96.622925 96.781631
23.752502 -18.237146 82.502693
135.437576 52.275375 82.370911
-9.593071 -13.718554 150.049988
-8.233843 -9.301235 150.049988
-15.233181 -14.464478 150.049988
78.289825 -69.415802 150.049988
66.828491 -70.790634 150.049988
115.33316 35.575459 0.049998
74.590019 -44.187817 94.187546
103.470062 -38.384773 142.492386
-75.52198 12.5422 94.247849
-70.725937 8.764272 107.437057
-63.9748 5.27605 94.623756
35.810162 -12.894968 150.049988
29.161581 -25.712854 129.248245
28.124731 -22.721415 142.72612
36.707554 -43.188671 105.753784
31.07852 -29.201874 112.9468
68.465042 -110.131233 0.049998
69.051064 -106.734894 6.603679
103.294754 32.047947 150.049988
45.982365 -0.347072 150.049988
42.065315 -5.243731 150.049988
111.108223 54.20211 9.28023
112.876427 59.214752 21.355246
115.051231 65.384201 10.234328
-67.267906 2.259262 150.049988
-111.022781 82.304062 150.049988
63.592781 -43.08073 125.662704
151.067368 96.622925 46.924995
148.37677 88.988632 48.517994
151.067368 96.622925 37.549999
-98.455711 0.158261 7.656493
-93.940254 -7.77326 5.081085
-54.360298 -20.756311 79.784637
-43.794868 -19.086458 68.111069
97.524963 -55.51609 142.613663
100.302826 -47.537216 133.051117
-142.178284 87.373917 120.393669
-136.72139 76.451874 118.902725
-138.57608 80.16407 130.726196
94.793549 -64.844254 34.905361
-51.133404 -19.589596 139.81926
50.992821 -13.421346 8.115163
58.370644 -97.151764 122.304382
59.365818 -99.857635 135.624664
130.248688 37.551918 0.049998
126.961525 28.224911 0.049998
123.7715 41.016525 0.049998
22.440632 -16.316998 41.363861
-75.62896 -1.31074 0.049998
37.635281 9.021634 77.014183
28.584726 13.262698 66.444946
65.260071 -69.802223 0.049998
122.536682 86.611511 106.669388
118.954933 76.453827 96.885582
118.950943 76.442894 110.195915
123.448074 89.195717 130.711273
90.04792 -5.926243 127.342896
90.934631 -3.078707 142.138138
94.543823 7.245933 133.841705
-146.797852 96.622925 37.549999
-143.482956 89.985512 42.14674
-146.797852 96.622925 46.924995
-90.965752 0.117025 0.049998
-81.421898 3.748942 0.049998
134.544098 96.622925 71.686096
134.039291 96.622925 80.785248
87.028603 -14.07704 150.049988
90.28183 -4.852037 150.049988
136.798203 56.135578 30.350111
137.181259 57.22242 42.50462
-43.019005 -11.274607 150.049988
-37.345993 -17.389019 150.049988
-37.342411 -5.907028 150.049988
-85.161453 29.752619 140.853714
-80.748779 21.252384 132.387283
-87.623528 34.120255 129.356339
-97.159943 -2.723081 0.049998
-101.366547 5.696066 0.049998
-85.267044 30.756176 0.049998
125.454857 23.95019 20.128963
126.429512 26.715881 7.718046
87.028603 -14.07704 0.049998
77.268906 -41.752026 0.049998
5.248244 -11.335617 8.000465
-3.326283 -12.889738 0.049998
18.376648 14.319816 54.452908
0.930609 12.351961 58.914337
117.677856 72.83252 22.020596
19.234154 -9.905999 0.049998
83.775368 -23.302032 150.049988
80.522133 -32.527035 150.049988
116.271614 27.037531 0.049998
46.040886 -1.735055 8.665116
70.514191 -51.88232 128.668915
71.69133 -51.479725 140.197708
75.240479 -44.457104 128.629089
-101.121758 3.093095 37.069546
-86.764359 30.87463 103.936523
-84.046394 26.098005 117.900246
-80.043137 18.370003 106.310287
38.478432 -3.966515 0.049998
96.281334 -58.827099 150.049988
119.390594 6.740168 142.187668
32.410564 11.956222 50.6758
-79.543549 19.301086 150.049988
-83.836166 27.892403 150.049988
-92.812325 18.39683 150.049988
-104.355736 9.562886 62.469883
12.385511 13.629642 117.941582
1.168173 12.004966 127.749611
14.450107 13.56254 131.618927
60.693962 -39.055485 143.46788
-84.706848 27.768225 23.042477
-92.097992 43.569229 21.042597
-90.05027 38.796486 34.341431
-20.873289 -15.210412 150.049988
-16.03466 -14.40692 145.353729
-73.453247 -16.522663 0.049998
-72.440002 -22.030376 0.049998
69.806931 -52.270027 118.368561
73.01815 -47.815292 117.660553
-118.177155 96.622925 93.799995
-114.236862 88.75956 85.042503
-68.134628 -13.036046 0.049998
-60.264534 -20.420101 0.049998
-38.554089 4.976621 22.241819
-39.668514 5.22637 9.209073
43.321693 6.894557 150.049988
103.294754 32.047947 0.049998
-48.614758 -10.710323 150.049988
-46.523693 -3.949332 150.049988
-55.191872 -5.624141 150.049988
52.208439 -17.014891 142.25235
74.206734 -45.378227 105.964966
69.661186 -52.050545 108.43203
126.067375 96.622925 93.799995
126.067375 96.622925 103.174995
100.041527 22.822948 150.049988
57.833328 -97.743996 18.833281
-48.835098 -19.907122 93.122391
-95.859749 51.728546 32.229286
151.067368 96.622925 56.299999
144.767883 96.622925 58.632576
151.067368 96.622925 65.674995
29.566732 -24.588432 44.050522
-54.23634 -7.420406 0.049998
-108.606224 19.461206 20.141695
-106.648834 14.902888 32.972309
-111.598755 25.625729 30.88592
116.469154 -1.556606 22.464281
115.448807 -4.448862 10.174183
119.024261 5.699976 11.142206
126.067375 96.622925 84.424995
126.067375 96.622925 75.050003
-137.903015 78.819672 12.235364
-142.035126 87.088638 21.692673
-142.792725 88.605827 10.230936
-20.873289 -15.210412 0.049998
-15.859859 -14.547358 0.049998
-19.00746 -14.839079 6.791228
56.003246 -27.794558 27.402407
96.788292 13.597956 150.049988
-37.745983 5.75547 139.711456
-50.595772 -19.141367 0.049998
-54.490517 3.857832 31.336727
93.535065 4.372955 150.049988
-96.437401 -4.506192 103.954041
113.054443 59.722935 150.049988
41.000923 -57.823765 150.049988
33.608635 -36.74593 143.922134
-5.407879 -0.767808 0.049998
3.124363 -2.541468 0.049998
-2.301025 -8.11633 0.049998
5.658519 11.79837 150.049988
-14.516281 9.257451 30.824902
-22.142563 7.780483 20.062
-29.149857 6.349048 33.561996
13.17622 -10.915213 4.197455
13.50452 -10.663779 0.049998
132.089523 42.775375 138.80719
136.243469 54.561703 131.834167
-11.362346 -13.701859 5.60181
-77.916527 -21.133299 0.049998
138.470917 96.622925 107.718201
-122.049492 47.196102 44.034946
96.788292 13.597956 0.049998
95.664467 10.444146 11.095352
107.687141 44.503101 17.78927
-12.298656 -2.033694 150.049988
94.924759 8.373089 64.245796
97.965111 17.065903 51.798508
93.128357 3.158741 49.80632
-142.719971 88.456787 50.828957
-94.130798 47.917847 45.42028
-70.063652 -4.072733 0.049998
128.706558 33.176525 143.835663
-84.252068 26.084858 39.415901
-111.410622 25.550413 9.377433
-10.846429 -13.884312 0.049998
-81.407097 22.487804 143.107681
110.525711 -18.410091 0.049998
109.578743 -21.098665 4.683583
107.238548 -27.737093 0.049998
130.748001 38.969936 76.351265
128.682159 33.107937 65.787415
-90.063805 -15.298553 0.049998
-92.953346 -11.142237 0.049998
77.268906 -41.752026 150.049988
77.381859 -40.596588 140.971375
-134.392715 71.799683 102.877914
-129.617844 62.27916 90.498619
76.317863 -42.460697 59.823402
-146.797852 96.622925 131.300003
-146.797852 96.622925 121.925003
-142.905426 88.831329 130.601074
77.711281 -39.60268 116.058434
130.803284 60.060551 150.049988
126.887215 68.346367 150.049988
82.034981 -28.548609 10.483768
-113.304283 86.909569 100.20977
-113.001709 86.29998 114.109406
103.718056 -37.524651 29.725313
136.67775 55.793751 17.392813
133.442963 46.615437 10.682192
136.693024 55.837097 7.576215
72.919952 -45.365086 24.253977
148.073135 88.127106 99.467278
-113.884529 88.031609 0.049998
-113.158455 86.578773 13.092723
-133.727325 84.740456 150.049988
-90.57003 39.8806 115.863197
-94.482185 48.766098 128.92601
148.009125 87.945488 34.989002
140.451614 66.501724 22.623253
42.340401 -63.058872 66.939552
39.351452 -51.473961 57.663601
43.446434 -66.799782 49.464333
135.339188 51.995995 53.646481
130.779938 39.060341 54.195023
78.087898 -101.051857 73.312141
109.654251 -20.831213 130.699081
111.068962 -16.861629 141.061218
107.061928 -28.19507 140.906952
64.444099 -102.497505 84.006012
123.223686 88.559563 96.181259
124.156921 91.205742 88.601883
-146.797852 96.622925 65.674995
90.234428 -79.589867 35.502262
87.377609 -86.034103 21.886112
19.234154 -9.905999 150.049988
-72.389175 4.982225 150.049988
48.183781 -77.373573 150.049988
45.105412 -68.995094 150.049988
46.911362 -75.440796 140.671387
-114.188622 88.646011 71.166801
-36.221035 5.078784 48.328606
-20.849606 8.037981 45.014965
115.307831 -4.846344 141.128754
117.892868 2.48686 129.929138
61.975697 -63.059391 150.049988
57.053757 -73.302124 150.049988
145.12912 79.773689 124.772354
142.496643 72.304253 138.972733
140.806854 67.509674 127.772087
8.716887 -2.873974 150.049988
126.067375 96.622925 28.174994
126.067375 96.622925 18.799994
122.343811 86.064331 22.556
80.522133 -32.527035 0.049998
138.567368 96.622925 150.049988
135.765411 88.779251 150.049988
151.067368 96.622925 150.049988
52.06657 -38.146847 150.049988
57.955376 -32.934414 150.049988
50.609455 -29.486076 150.049988
53.964375 -22.071968 150.049988
46.131531 -71.78791 0.049998
-32.552959 5.793512 96.617493
-49.707783 3.453913 95.928421
-44.1763 4.149537 111.171944
122.251717 14.851131 49.185551
115.839333 -3.344643 48.287483
118.706291 4.789227 35.507996
-44.348061 -6.51142 0.049998
-86.110252 -10.878869 150.049988
-92.026657 -12.647422 150.049988
-88.023239 -17.306419 150.049988
93.0793 -71.122299 49.368454
36.606148 13.98194 150.049988
-7.825275 10.034624 150.049988
-7.528447 10.318329 140.289474
147.045258 85.210541 137.140182
148.814896 90.231735 123.594872
149.102097 91.046669 79.911308
146.360138 83.266563 80.032486
148.44603 89.185097 72.02565
140.309509 66.098427 52.196938
144.694962 78.541786 56.974239
116.467445 -1.572636 86.81427
-25.614487 -15.840526 6.006252
4.910067 -11.80044 150.049988
147.870499 87.552078 22.551432
-146.797852 96.622925 140.675003
-33.8433 6.631356 150.049988
4.910067 -11.80044 0.049998
79.684311 -98.628578 48.356964
83.880775 -93.235435 34.529278
87.808449 -86.465088 49.767143
148.094421 88.187439 61.704712
-42.959106 5.438965 150.049988
148.048981 88.058502 111.744194
-96.130524 31.487272 150.049988
126.77211 27.686684 55.508411
69.470566 -51.256283 98.324348
40.76923 6.847586 7.586502
-90.99054 42.211262 0.049998
-95.283165 50.802578 0.049998
-95.413818 50.831844 8.625338
123.674355 18.897913 0.049998
-57.539845 -20.538195 133.552017
-45.697517 -19.012243 129.869629
112.094307 20.441439 0.049998
-146.797852 96.622925 9.424995
138.093506 59.810966 115.28537
89.696541 -82.385284 79.783615
92.690468 -73.039856 92.333618
-99.683914 2.328404 150.049988
-92.551918 6.039535 150.049988
-104.731827 12.431391 150.049988
-133.381897 96.622925 150.049988
112.203064 -13.65703 7.866644
112.212303 -13.626724 19.036514
84.533058 -93.047729 65.74852
91.316101 -77.203415 64.5112
83.40625 -95.276703 82.353363
144.493057 77.968918 150.049988
109.584824 49.879642 35.050407
108.016449 45.431892 51.475742
113.277405 60.348579 49.61758
-137.780594 96.622925 80.358986
-137.660156 96.622925 89.031616
122.675735 16.064165 10.424418
120.387199 9.570908 0.049998
-105.152496 13.273306 0.049998
-89.762688 11.631332 0.049998
-136.868652 96.622925 118.934013
-20.169594 8.419932 150.049988
-127.984055 96.622925 92.243912
73.758774 -91.354675 150.049988
-109.779755 22.534374 0.049998
-101.490692 24.085373 0.049998
93.880348 -66.228394 142.148727
37.904915 -22.040602 150.049988
69.695503 -51.937988 78.151215
102.494179 -40.973587 44.609871
94.370178 -67.154816 77.758003
124.053772 19.971264 33.804951
121.069481 11.502226 22.629667
126.893974 28.03319 117.119209
144.409653 77.732231 28.909182
140.671066 67.124374 36.61166
64.140259 -58.282787 0.049998
-2.341502 -12.759498 150.049988
-1.680152 -3.438565 150.049988
97.045723 -57.936157 90.409073
98.895576 -51.835621 75.650002
113.32299 -10.453132 122.093887
133.140305 45.75732 66.504448
43.815731 -14.076488 150.049988
112.842415 -11.806285 109.965302
139.562302 63.97842 150.049988
114.953041 -5.851132 74.399261
118.365257 3.816617 62.315727
-89.048737 36.270447 46.719749
-139.582458 96.622925 140.72554
100.839233 -45.846359 60.270977
97.612923 -55.781025 47.563633
144.495422 77.975655 43.265057
112.708267 -12.201374 34.324299
-29.842758 6.544461 116.065033
-16.547699 9.009317 105.494499
47.730072 -54.998371 150.049988
58.254356 -55.845016 150.049988
54.895145 -47.775421 150.049988
-88.479897 36.222553 10.040844
109.561508 -21.003483 73.143982
104.07386 -36.421535 73.71653
-76.896492 14.917816 142.299973
-58.357384 4.035102 108.859161
123.936646 19.635616 64.706657
-136.336395 75.683456 142.147308
-133.543533 70.09642 132.684158
-54.115005 3.854022 48.680771
114.84185 -6.166562 98.707039
-118.177155 96.622925 18.799994
-118.177155 96.622925 9.424998
118.960861 76.471375 10.453187
131.558105 77.47876 150.049988
68.266113 -50.437565 15.505836
-34.939137 -17.333256 58.018951
9.185943 3.709536 0.049998
-92.863258 22.336706 0.049998
93.284729 3.473163 90.14061
91.786407 -0.896728 75.430779
88.545807 -10.717014 86.040123
112.635391 -12.384606 60.29813
151.067368 96.622925 135.987503
86.779396 -16.018019 59.151157
90.429237 -4.891302 61.565361
88.787605 -9.959228 48.565109
-103.107826 8.430672 140.390442
5.658519 11.79837 0.049998
89.742676 -78.911568 10.496349
115.579506 66.88015 35.118416
120.400818 80.554596 34.951717
-0.406042 11.835063 28.127819
-6.407909 10.937557 42.965145
-32.31638 -16.883545 41.762226
-125.059517 88.646774 0.049998
-119.900909 80.196152 0.049998
113.457474 -10.090727 133.058228
1.171531 -11.601588 36.208965
-20.628933 -3.366656 150.049988
-95.848595 31.518028 0.049998
-146.797852 96.622925 28.174994
-38.062195 -17.483734 0.049998
-13.524963 -2.553319 0.049998
126.067375 96.622925 150.049988
53.955715 -93.083252 150.049988
51.262142 -85.752075 150.049988
-34.279484 -5.490595 0.049998
-29.467745 -16.347082 0.049998
91.146362 -2.766211 35.756016
86.721176 -16.295481 35.388161
64.607048 -51.038486 150.049988
65.781258 -48.303268 145.930267
97.7911 16.485161 140.940598
98.843704 19.498964 129.106628
74.208504 -44.745007 84.307289
105.089828 37.138855 7.852326
108.043678 45.512024 6.977082
80.185822 -33.959347 127.884987
84.886818 -21.242428 127.241524
-23.238865 -5.468129 0.049998
143.219696 96.622925 68.521782
135.264496 96.622925 62.169746
87.356522 -14.180455 71.296486
-27.006447 7.52564 150.049988
118.53717 75.269264 48.622387
118.332153 74.687897 78.487991
116.177086 68.57515 63.039951
113.630287 61.349598 74.936592
93.68174 4.741255 23.080849
82.40564 -28.142765 63.600014
103.003555 31.271526 52.902775
-105.727058 12.540663 47.418846
23.899189 13.534675 108.007889
106.421043 40.932175 115.688385
113.146568 59.977264 90.433479
-96.318634 -4.406912 150.049988
-91.557732 -3.739569 150.049988
101.713707 27.590029 139.716782
103.773262 33.437569 127.813828
90.000114 -6.349532 101.03009
86.744598 -86.577492 142.182709
-143.097107 89.211853 72.661446
30.7397 -29.89546 150.049988
108.896431 12.271394 0.049998
122.628792 86.872398 10.010269
87.338196 -14.329413 113.658707
94.724815 7.774956 143.408936
-75.250923 10.709766 150.049988
-83.409149 9.005414 150.049988
48.643036 -7.588701 0.049998
82.251778 -28.109104 139.439468
95.956367 -61.44553 62.714779
-118.177155 96.622925 0.049998
-86.697922 33.619946 150.049988
49.711132 -85.2724 99.513245
105.973732 39.652916 65.731094
-100.702431 38.894978 0.049998
111.086006 54.131725 63.910362
-95.490494 50.70026 86.366989
-97.163284 54.404713 71.573563
98.787598 19.349409 94.635803
105.106354 37.199684 41.43816
106.275841 -30.452225 6.729396
-123.240883 49.475662 150.049988
-119.875595 42.740345 150.049988
-114.058975 49.577034 150.049988
45.67836 -71.471283 8.200581
-116.510315 36.00502 150.049988
-110.614342 42.256886 150.049988
84.271317 -23.010313 22.364422
-100.991386 4.450948 20.908953
-105.17337 12.905475 7.954756
67.774284 -102.396172 0.049998
75.395538 -97.239281 0.049998
-107.852539 33.889446 150.049988
-139.20134 81.413971 42.551994
47.988548 -79.477142 17.227795
109.251518 48.929085 77.88073
-53.370255 3.881333 123.138069
116.307686 68.947929 150.049988
56.697929 -96.433289 91.048592
-126.606155 56.210987 150.049988
-118.079613 56.827442 150.049988
76.801788 -87.904373 0.049998
67.43161 -93.209686 0.049998
67.570015 -82.877609 0.049998
-137.871704 78.750084 55.406158
-142.470016 87.955391 61.912647
120.302246 50.906719 0.049998
-1.178334 10.904078 0.049998
2.728251 -11.847172 140.616486
119.560921 78.172935 0.049998
122.814148 87.397926 0.049998
-130.681946 64.388992 118.711739
-117.470192 37.950829 134.132599
-113.145035 29.269699 150.049988
20.765318 -11.624989 147.020172
-95.283165 50.802574 150.049988
-100.904114 41.721699 150.049988
-90.99054 42.211262 150.049988
-118.177155 96.622925 140.675003
-127.559586 58.144814 134.922897
132.253571 78.866562 0.049998
-33.381264 -17.022825 8.871852
-80.49662 19.417007 82.118942
-82.825203 22.487003 94.827293
-138.910461 80.837013 150.049988
-142.304565 87.627144 33.31448
-102.641098 6.534365 111.468834
-107.458015 16.633049 101.011787
-146.797852 96.622925 56.299999
-141.45459 85.924232 107.128792
-101.006668 62.257668 0.049998
42.510612 -62.617382 139.760986
-139.970947 82.95816 138.803757
-143.13887 89.299622 140.245865
-127.49662 58.054047 104.588966
-124.81356 52.694031 118.754433
-104.530685 49.618244 150.049988
-23.214022 -15.430888 144.645401
-98.14492 56.530121 150.049988
-137.56813 78.142067 70.70858
-132.264572 67.547714 60.942036
13.831997 5.521196 150.049988
5.520533 5.454056 150.049988
71.68808 -109.718323 150.049988
-8.057355 -13.077328 141.528061
-111.074486 24.483124 43.660278
-8.790264 10.167831 17.645979
126.067375 96.622925 9.424995
-135.440033 73.891212 150.049988
-131.090454 65.208672 75.840164
83.68055 -94.580605 150.049988
80.941246 -102.353096 150.049988
-66.710373 -21.272596 0.049998
-125.867645 54.773449 17.568529
-109.820938 21.875536 59.016571
-126.479645 56.042061 66.156937
-127.43882 57.943836 51.446007
-113.156128 29.198826 140.229294
-121.497215 46.06266 104.775047
-124.426514 51.954033 93.43811
-107.48642 75.326035 119.943924
-101.448555 63.19503 124.400162
-102.881989 66.167641 113.109627
61.946377 -43.796856 150.049988
-28.194883 -4.44603 150.049988
44.652031 3.273742 0.049998
-89.977348 39.699394 140.220734
-122.118835 47.293522 132.00531
-133.425247 69.868179 45.435242
-122.556961 48.239738 57.521519
58.582928 -104.429977 150.049988
-88.23777 34.203278 87.763367
-100.971954 62.332794 30.920349
-123.207268 49.432617 143.175964
-119.348267 41.726048 142.283035
-115.132416 90.525513 26.686213
-109.92981 80.142387 24.837137
-20.309896 -14.53756 120.646294
-84.559517 26.741308 54.802528
-108.001656 76.395927 92.185829
-108.883286 78.137703 77.284874
46.694843 -22.372276 150.049988
-107.653458 75.691299 106.816231
-100.907646 62.112999 99.596077
-29.467745 -16.347082 150.049988
-98.598114 57.430618 56.889332
-103.73217 67.91011 67.718079
-116.054916 35.117935 143.623459
151.067368 96.622925 103.174995
-112.889145 86.06292 126.526794
-109.889984 80.107437 63.437469
86.477394 -16.056276 139.557068
-97.137489 54.274986 113.910919
-113.256226 86.784966 37.367115
-69.846169 8.577798 80.413643
-111.440247 83.176613 49.908451
-118.177155 96.622925 75.050003
-8.015187 10.009785 0.049998
-93.13784 45.393208 101.227684
-58.740452 -20.43877 144.223221
33.898445 -37.239109 8.589594
64.903664 -45.031666 136.619003
3.43741 12.066098 14.040251
151.067368 96.622925 112.549995
-109.779755 22.534374 150.049988
-102.375877 65.178345 82.60569
-55.696617 3.730108 81.062065
33.818069 -38.273952 150.049988
-4.0512 10.677802 6.561559
-42.744255 4.02237 36.666485
-47.96442 4.314257 6.702581
134.631561 49.987915 0.049998
-118.177155 96.622925 28.174994
-1.990949 11.758947 112.459801
-2.579984 11.762424 95.597183
-27.304239 7.040628 9.842071
-1.233595 12.008175 78.306114
-14.777241 9.071227 8.743573
116.307686 68.947929 0.049998
-16.106731 9.045254 87.116333
31.941521 -29.137295 84.483139
27.725662 -21.435011 91.688644
-25.317047 -15.751949 14.239036
-13.253948 9.620227 55.253124
-26.205753 6.973627 60.26403
5.812009 12.365848 138.511795
84.228409 -93.026093 0.049998
21.171997 14.266597 95.059319
57.460888 -96.474091 106.609833
-22.029987 -15.002045 26.396536
-15.28125 9.256582 124.894974
46.249763 -75.533295 33.119144
-40.696243 4.934914 126.572792
10.505816 13.832257 102.739418
-14.169278 9.430275 69.500572
-118.177155 96.622925 46.924995
126.067375 96.622925 0.049998
51.940311 -88.932938 12.193143
52.324127 -89.780746 29.841961
66.087128 -104.269676 150.049988
35.705822 -39.029263 47.637169
32.592693 -30.943043 97.371407
118.195755 3.352915 0.049998
38.689583 -48.955917 72.815605
35.35915 -37.761726 64.299576
-125.363052 72.160881 0.049998
64.492004 -97.124741 150.049988
-38.539257 -17.952904 81.685913
-118.177155 96.622925 37.549999
-45.15015 -18.794668 10.137192
-53.562355 -20.141602 21.002642
129.132187 70.111923 0.049998
-37.076649 -17.7787 22.638502
35.233955 -37.093754 76.519875
133.551682 96.622925 10.747026
34.844189 -41.066784 0.049998
45.012444 -35.391632 0.049998
-48.939632 -19.884979 36.255337
-46.482845 -19.62775 52.744747
113.054443 59.722935 0.049998
-1.635344 -11.944556 77.402573
-137.163849 96.622925 98.329796
-118.800812 73.466583 150.049988
83.775368 -23.302032 0.049998
73.28167 -100.119797 150.049988
-49.036304 4.644044 0.049998
-20.906389 -14.224257 81.543884
-94.949112 50.036755 141.905579
-123.850594 65.031425 150.049988
-146.797852 96.622925 103.174995
42.363338 -31.877825 150.049988
-125.036072 96.622925 16.341644
-128.456512 96.622925 10.610426
-131.654083 66.313972 150.049988
144.263855 96.622925 10.747026
138.792572 96.622925 21.131357
32.791946 -35.481121 0.049998
112.717148 -12.192089 0.049998
93.535065 4.372955 0.049998
126.067375 96.622925 56.299999
53.07222 -65.372116 150.049988
40.999599 -27.817993 0.049998
136.922821 96.622925 52.204006
-135.526093 96.622925 5.600018
-18.270466 8.668354 0.049998
125.404747 60.357353 0.049998
151.067368 96.622925 18.799994
151.067368 96.622925 9.424995
-39.920502 5.836425 0.049998
-30.804697 7.028816 0.049998
-84.438942 -19.868757 150.049988
-146.797852 96.622925 112.549995
151.067368 96.622925 28.174994
69.37896 -51.334141 88.0989
105.871109 3.842652 0.049998
114.908592 -5.974085 0.049998
44.636398 -42.954182 150.049988
138.303268 96.622925 42.271584
138.5952 96.622925 32.475483
135.23465 51.699165 142.882263
-108.534798 42.834156 0.049998
138.376068 60.612568 141.080566
102.901649 -4.563775 0.049998
100.100914 -12.584789 0.049998
97.19368 -21.469618 0.049998
