7.547966 -18.737741 76.226357
18.163353 -17.715017 80.451637
9.812664 -18.527866 86.591278
19.751738 -18.331013 92.147484
28.796896 -17.563875 84.427895
-14.862186 -12.801525 9.306106
-19.866638 -5.760763 8.102884
-17.247965 -11.359631 0.0
-8.035451 21.602003 17.490829
-17.331045 16.292023 20.166985
-12.120799 23.477819 28.175886
-21.434034 2.063422 5.987952
-21.517973 -2.830274 0.000662
0.670025 18.150249 98.176743
-9.666729 19.955164 100.563889
-4.79226 11.183295 104.516693
-18.866373 -8.42133 17.809704
-21.900383 0.165646 15.487041
18.816141 22.568462 67.886337
15.193609 25.169817 58.177303
8.885695 26.729012 67.842094
-12.873886 -17.579748 89.561348
-3.183265 -15.831542 94.827835
-11.636498 -12.132574 99.461525
-4.287377 25.330111 91.533073
18.482433 -11.254411 0.001925
20.049612 -5.211658 7.99214
13.391222 -13.796683 7.806158
33.170677 -15.393743 120.396179
39.598976 -9.305003 128.025986
28.531116 -5.729807 124.605965
-11.608011 -14.937823 19.621101
-22.641703 -2.513061 26.127035
-22.225336 3.940187 0.0
-19.428404 7.983325 0.003961
-6.873252 -17.03632 10.122715
-5.508217 28.856476 36.592628
0.647462 30.228342 46.634018
7.660448 28.32015 35.361557
-25.120489 5.026573 34.1255
-22.663002 7.586511 23.19783
-20.421844 8.623186 12.228996
16.238546 -10.92725 37.781532
18.100237 -9.624125 27.484997
23.855846 -3.666935 35.740101
-17.315119 -11.411466 28.566399
24.31671 -0.756207 25.59285
3.221269 -17.937979 9.890165
-0.313754 -17.269537 21.653307
6.892156 19.278027 7.025472
-4.416371 19.241447 8.04087
2.860791 23.441002 15.450578
-14.191442 -14.498448 39.436306
-22.829491 -5.872085 38.533665
-28.470173 16.510618 61.064327
-25.518017 18.013515 50.766132
-28.898355 7.127017 53.213047
-1.270529 17.595325 0.002989
-12.109416 14.595859 0.009636
10.98419 -14.54844 19.007627
9.151339 -15.033752 29.798208
-21.347404 16.27849 32.432796
-8.006928 -16.502056 30.402391
-13.835316 15.005795 9.567144
14.556486 -14.5822 58.790409
3.338477 -16.684532 51.868858
14.483909 -12.343279 48.128922
23.800058 -11.518497 116.465912
36.09111 28.674068 94.527046
29.105083 23.784094 85.834473
25.069592 24.844013 95.58857
0.905536 -17.060734 32.566063
54.595039 29.926016 107.954132
46.294605 31.558256 100.665833
45.252209 31.904608 110.14756
19.281971 -7.654899 17.210716
23.285137 2.049913 15.828154
-19.442953 25.433004 48.642548
-23.087917 24.80785 57.948505
-25.950176 11.759703 42.526123
-33.155651 3.114061 86.855118
-33.943264 5.979256 76.305176
-33.907433 -2.564767 79.434059
-3.508653 -17.025389 40.734993
49.48597 27.591597 117.907898
-4.629041 -20.223824 -0.004012
-12.343172 -16.838259 -0.005618
-9.616195 -17.010586 50.049385
-22.269817 19.751818 42.445988
13.463119 20.008995 14.503003
-15.298532 30.205633 56.379528
-26.595865 2.707227 43.590843
6.907684 -15.325652 40.150784
-23.610695 -16.530975 82.828705
-12.922141 -19.273521 77.673714
-16.378702 -16.78421 59.133957
-5.484168 -18.675451 60.807541
22.801834 -6.391246 45.499641
-20.054815 -12.575895 49.074486
-30.815334 -7.832231 86.844688
-22.878841 -12.926161 95.224899
24.781414 -19.098341 102.488762
14.719304 -14.941744 102.196213
-15.821612 24.853634 38.907467
10.17456 24.93272 23.528212
-28.784063 -1.638287 97.244919
-26.81855 -4.108678 50.280777
-32.323391 6.928167 65.354111
-33.781269 -2.293898 70.475189
-3.200699 -19.386858 71.886497
-12.287313 -18.889744 67.746185
5.562052 -17.912247 64.807541
-1.030864 26.897961 25.566008
16.849752 21.07609 87.977371
23.314558 21.539673 77.220734
27.55381 7.635746 34.783745
-30.950253 -2.4902 60.360374
-30.399277 -9.532967 66.628212
-10.46368 29.837023 47.005028
69.820366 -7.731346 104.692787
65.011803 -9.915789 92.933182
70.203636 -1.390367 97.394234
-22.615906 -16.201469 69.607994
28.362789 1.810238 44.011608
29.163095 -2.094233 52.936005
22.576628 -9.11558 54.880341
19.114937 19.269537 22.62215
-2.105206 -9.86822 102.619049
-8.986198 -4.945159 104.570419
-25.613338 -11.266669 58.753094
20.426395 -3.555021 0.007017
5.251985 29.60915 57.281555
10.708554 -16.89204 94.405373
4.182706 -17.26973 91.904991
16.549154 24.290192 30.105497
16.553219 13.65193 6.885773
20.855619 12.218872 14.765055
21.359854 4.483579 7.284215
-19.400896 29.689337 64.232155
-11.42502 32.843033 65.315674
-0.497063 0.643445 106.133766
7.299469 -7.723556 105.567268
64.951042 13.393087 122.40435
66.48159 1.813869 124.450508
71.519852 6.818745 116.952744
24.06879 9.993918 23.958878
22.841433 17.747414 31.770844
18.807289 24.594509 39.100029
25.647465 17.025892 41.507759
72.935593 4.459567 105.79155
70.435844 6.226721 96.027756
29.420826 -6.108036 60.270145
67.709114 11.91935 89.303734
70.063004 14.727142 99.591248
-1.533175 -19.001574 84.233681
10.551271 17.190569 96.834084
17.543831 21.185158 98.505791
56.988483 7.023308 129.793518
-25.589973 24.42791 67.954521
33.069901 13.788414 127.473503
35.658737 2.238277 130.518097
44.746483 11.211096 130.832962
-5.3457 32.098679 56.432648
23.950203 -11.766134 64.172966
-31.070698 -10.410183 75.985565
29.669527 10.170518 44.338989
22.801857 23.169537 104.792618
11.851571 27.750751 47.659428
21.296513 22.565397 49.362289
-30.937067 15.719044 72.092445
16.182173 -16.30628 69.657906
40.042183 23.57143 84.163246
35.722111 2.800456 62.638214
11.681311 2.527529 109.740326
5.593239 10.457415 103.229561
-18.426565 30.926653 74.283882
31.594238 7.144761 52.101116
33.66436 20.33522 76.438301
28.375452 15.867125 50.82655
26.578451 -14.412675 74.092659
31.981617 14.034349 59.707409
-26.787397 23.542162 78.889534
33.299011 -8.179325 68.159981
43.225479 -3.49924 71.810715
25.495443 5.595714 124.884537
19.826469 -1.58821 118.0476
-1.021101 31.610962 66.867302
-20.325842 27.977291 84.483948
-15.752323 25.863033 93.039551
-20.74259 17.761993 100.163803
24.273745 20.276562 58.958916
37.23325 14.473371 68.218605
66.874344 1.351791 89.450951
19.061432 9.575843 116.6045
15.629956 14.842793 106.33017
-18.67374 -4.996525 103.998756
-11.697304 3.328749 107.044861
1.918135 27.649454 79.537216
13.068414 23.415766 77.274544
-31.475252 13.993272 83.468529
-25.46887 21.257025 89.957489
59.924519 -4.191061 83.157387
-29.016808 10.800211 94.875717
-7.736852 32.848106 74.273453
-10.757141 30.110867 83.450043
38.398289 -12.931593 78.553558
44.660595 7.580535 71.553421
43.77071 -21.87945 96.607307
38.021099 -18.295931 87.923988
47.311916 -16.278439 86.577675
12.420594 14.716544 0.097753
50.279827 -8.811913 79.375313
56.511295 -12.755494 86.043129
28.384983 19.249832 67.967369
55.592117 -18.530827 93.889183
-22.333685 6.536166 104.571274
47.61166 27.26033 90.8013
31.550236 -20.47191 94.54731
22.927645 19.294226 114.033264
52.757687 1.523109 76.433792
52.474106 12.239511 78.047203
61.048222 6.749808 82.129608
9.337124 23.34325 83.601547
6.042503 22.774302 89.94043
34.764442 -22.491056 104.764839
5.199648 -14.174104 98.846581
43.276325 16.940552 76.485146
21.150274 -15.080159 109.008575
69.766129 15.758356 111.355705
37.003441 -21.41946 114.034958
28.522436 -18.615988 111.670174
-14.101974 12.704429 106.039436
55.734818 23.615587 89.243874
50.120686 20.960806 83.074165
62.445736 -17.265558 103.357437
25.071388 14.839984 121.907257
59.405537 17.050528 84.569206
15.959015 -8.39453 110.649811
53.276035 -22.538467 102.910469
45.128086 -23.493063 108.993835
30.948397 22.053106 120.272987
5.992773 -19.908056 0.001413
65.249458 -13.195559 114.159058
63.475525 21.175402 93.221428
56.049934 27.844973 97.138992
45.522076 -18.230053 120.623817
29.463457 28.141104 102.310257
64.041336 23.844131 104.14827
12.237603 -15.581233 0.001669
55.800938 -20.265278 112.80616
19.16518 6.41895 0.006424
29.518562 26.622332 110.981453
70.818604 -3.290313 115.473083
57.601871 -14.046114 122.51754
37.026436 31.10969 105.858177
47.685745 -1.138043 132.028625
65.288109 -7.732931 122.439583
38.517952 28.555504 115.905609
50.033245 -10.789427 128.314789
60.817551 23.381947 115.94519
41.546211 21.707579 124.598808
58.38419 -4.886018 128.779617
53.799637 18.83592 125.547386
