51.065826 66.093559 117.963966
46.309471 64.992455 121.153267
52.426567 64.892151 123.567932
59.461842 55.999691 90.444069
58.949131 55.847992 98.833282
59.255295 48.870159 94.515648
60.281643 48.846077 87.07309
59.066132 62.654667 85.8069
61.120407 55.564514 82.693314
63.552284 41.718956 77.887512
67.014038 48.462982 75.12941
62.574669 48.493267 79.909431
114.903412 35.012917 18.106295
112.116669 28.672485 18.680326
112.89946 31.112856 13.1317
60.847584 29.627787 72.695297
67.445839 33.038845 72.677574
62.943291 35.291405 75.882248
48.577389 27.905664 69.722641
52.64436 25.202625 67.403969
54.419704 27.952606 72.290695
103.235931 66.745453 82.251472
104.007309 68.567841 74.205391
99.118088 71.770988 78.935287
48.652145 24.493708 62.954887
54.976162 22.198298 62.778057
64.980072 26.644228 68.829941
37.533127 33.996498 62.688183
34.384617 34.76614 57.035221
38.285866 29.683979 57.357838
67.39389 84.070175 62.558216
68.111404 80.101219 67.529518
74.060577 82.576508 64.617203
56.756542 89.650986 48.81522
58.684856 87.58696 55.021042
64.315147 89.642715 50.206886
72.373764 28.972948 70.454758
68.809677 22.867811 64.703667
26.636679 36.413013 39.353237
29.03735 35.802979 45.622437
25.819595 41.702755 43.817257
27.861523 31.589525 34.099258
30.539585 30.54566 41.007339
78.550049 37.94759 78.894432
78.741066 44.128651 83.919922
75.166496 43.307236 77.094849
44.223568 16.515799 35.098923
48.835407 14.180788 31.815042
50.620029 14.687698 37.601219
40.924061 88.697235 8.632097
43.364376 88.101959 4.130743
38.293159 85.647736 4.532614
106.246933 82.661842 2.701535
108.988991 80.94812 6.153412
109.096008 79.157013 2.284241
70.870636 94.308983 24.737928
78.20845 94.226418 20.854416
71.400475 93.733353 17.239052
85.050941 93.938522 16.675634
78.410179 93.159584 13.506504
101.443695 83.379997 52.385731
105.010246 83.597527 46.641277
98.941841 87.566406 46.449604
82.631126 62.668514 96.988342
80.014252 54.606861 96.484634
82.306847 60.028294 104.244125
102.122528 89.607697 34.661694
95.99369 90.791145 39.906616
103.496597 87.057007 40.786495
64.084724 17.062784 6.739799
59.453003 14.574094 13.460575
57.207882 16.156885 7.223968
79.063248 12.884486 26.607738
74.838097 13.323678 19.990767
81.794678 13.196546 19.903788
76.638756 73.166832 74.000847
81.364723 70.878761 79.617462
83.922638 75.356628 75.836563
101.835114 29.764879 57.615273
106.404526 34.723995 56.993607
103.484848 35.770565 64.09127
116.616394 42.213379 34.87788
117.644096 47.295887 38.515659
115.547005 43.169731 42.372257
110.936951 75.909058 2.23286
112.710442 72.095833 2.247382
111.494057 72.966743 0.093001
105.872284 21.39146 25.124813
108.438797 25.164944 31.449711
102.832344 20.351332 32.342571
103.039856 56.678944 106.085411
100.288483 57.98885 112.663589
101.09977 51.275993 110.27964
54.020206 56.37891 145.730362
51.522522 59.962769 142.556564
48.416431 55.836697 144.391785
119.199669 63.873814 23.122635
119.304077 61.516823 29.828911
119.637451 55.798229 23.544697
32.734142 57.009048 96.747589
33.412045 51.276863 102.788826
34.21571 58.756554 104.878387
60.314438 56.868572 121.469139
56.442677 63.215214 117.616814
57.93462 61.680286 126.069946
21.933893 41.035145 17.490847
23.699821 36.178474 14.610683
24.115053 35.21386 20.259659
46.86834 59.56506 139.453506
52.433884 62.290699 137.169052
58.453087 54.887543 143.665421
55.836887 52.011833 146.01796
44.100174 53.698597 139.969315
58.56916 50.124897 141.162796
41.168068 47.777912 128.100159
41.847855 50.840763 134.291794
40.268139 54.82975 129.339386
44.556053 48.23177 138.428223
44.942417 45.268253 132.997604
61.056847 55.876286 129.570221
58.131355 60.688736 133.786499
55.511459 45.394463 136.483231
53.205875 48.105659 143.419617
36.877689 60.951904 111.73185
37.118195 56.532631 117.715408
40.825317 63.163261 117.306992
41.277172 65.444412 111.832108
38.992107 65.089333 105.341309
57.483238 44.854027 120.883369
53.099796 41.317623 116.849335
57.705662 45.355789 113.728951
34.775253 53.477692 110.716789
51.745747 67.92424 96.338516
44.598297 69.582291 94.110863
45.228951 68.182846 101.184059
60.031391 50.889233 117.407677
60.499767 49.989384 125.130013
45.901428 67.330994 108.411888
51.827316 66.452911 112.060699
41.601982 42.270115 114.616737
46.800003 41.089134 119.467743
41.096958 44.901398 121.569466
46.203865 66.473946 114.961975
59.572823 51.63887 110.28756
50.384544 30.595846 76.387825
35.422813 44.618729 99.664085
32.972466 49.535564 95.077278
42.951965 39.797611 107.781731
36.906429 45.206764 108.115135
39.233978 40.753654 102.787445
105.874435 22.052027 11.173959
106.555153 24.247015 4.702115
110.044548 27.219961 9.021465
52.125393 41.821575 123.891571
34.88987 63.515141 93.568375
32.963131 58.76033 89.00457
35.052814 62.796581 99.904907
38.987766 66.937843 97.677086
51.74905 66.992836 104.654663
35.438164 64.655556 86.278107
44.762306 71.111389 87.49675
39.064854 68.160873 90.615028
32.775909 51.687874 69.42157
33.465076 53.133766 77.520828
33.86615 59.965191 74.36026
58.017601 46.094009 107.190025
55.3507 41.55138 103.57029
58.553185 47.613251 101.120087
57.23518 62.88913 93.632149
54.962013 68.170067 88.730927
56.465927 63.242741 101.354958
56.517628 63.386803 109.059731
58.993015 57.823032 106.126152
35.727837 43.659843 92.259071
39.543636 39.817013 96.573822
45.503403 36.725536 94.136559
40.358818 38.794918 89.606949
32.909847 53.425663 84.624542
33.669239 59.531437 81.751938
56.908371 37.366856 87.806671
58.801243 42.611477 91.088837
55.864353 38.430504 93.677979
57.213268 78.286148 71.61274
54.598854 81.559616 66.246078
48.881405 76.886772 72.621758
36.25198 65.961517 78.807877
61.042439 74.122009 74.733673
58.39106 69.210739 80.863945
64.768379 68.196472 75.392799
51.753517 35.626961 91.143921
52.610748 33.576389 83.384552
42.15662 75.159241 68.939751
47.469837 80.134163 65.208038
37.354168 39.840412 71.897301
40.997875 36.2281 76.043327
37.434673 41.531593 78.488266
63.244076 78.036392 70.499847
68.437721 74.352089 72.006195
69.096039 41.164413 74.639938
34.850437 46.168381 74.199036
34.447281 43.357273 67.508064
42.132446 78.07 63.5411
39.908482 34.589901 69.171616
36.621548 38.010262 66.483795
24.820791 38.387344 5.381743
25.947083 38.973408 1.957958
26.979891 35.960613 2.177593
40.50235 81.851578 53.630714
34.928249 76.937752 53.273979
38.833897 77.773758 58.951523
113.860062 32.448051 24.061897
42.545715 85.668182 47.757286
46.953133 85.45916 53.671726
71.150787 67.401146 74.020752
58.195606 25.168604 68.127571
33.135258 66.952957 63.625793
29.780981 60.1581 60.964413
32.460022 60.125534 67.300728
27.449945 60.414845 55.660355
27.022497 64.522453 51.366417
25.33959 57.414688 50.168316
27.40942 54.267914 56.053173
30.169048 53.05143 62.355412
61.697186 81.574257 66.633324
60.080303 84.831673 61.158333
34.131538 39.197445 61.859619
34.7911 31.179924 52.926178
31.648386 45.655479 62.220898
28.691656 47.000778 56.09956
31.55777 35.45908 51.590885
37.66008 26.741028 50.885456
43.86417 24.049566 55.748753
52.794628 87.595764 53.089985
49.597069 88.570198 47.915771
83.069298 29.471441 72.698837
78.04203 27.876789 70.6334
81.623535 25.302275 67.381081
31.185751 40.367542 56.383472
28.321884 41.300373 50.326862
78.200089 32.368252 74.571327
73.599136 36.333282 74.468018
32.977291 30.588362 47.665169
75.420845 24.012157 66.097977
25.568476 48.868446 48.695774
53.800667 91.028053 42.48053
39.213856 87.83197 34.81493
40.524139 89.905853 27.424551
33.968899 85.134682 29.156771
72.633102 19.70446 60.035477
24.516399 62.451824 44.67477
37.884834 84.909935 41.715714
45.576225 89.291023 40.753712
33.287998 82.975929 36.184605
32.417213 79.842331 42.017586
29.510021 78.277908 37.198902
51.4044 92.037483 36.778191
46.187008 91.446739 32.785332
33.054848 24.922766 35.295307
35.607021 25.456057 43.688843
29.112291 79.398369 31.374937
55.629261 16.916224 50.974346
62.785496 16.183201 52.07032
58.582737 18.81506 57.418591
53.710655 93.35173 30.780685
47.977325 92.874153 25.522379
82.588303 93.45752 35.979698
74.536034 93.277382 36.762886
79.162712 92.267227 42.276688
22.897045 66.652695 31.08201
25.280638 73.963448 27.552858
22.677603 68.922783 24.414127
80.134926 64.639679 83.196243
76.937599 60.94416 78.117699
78.295853 57.169643 81.924538
25.50728 33.574097 27.217983
24.388367 38.15995 33.110584
29.397089 27.166546 28.225882
33.369511 22.335302 28.456623
31.659588 23.448545 22.499077
35.474575 87.063492 21.61212
29.038425 80.401352 22.921898
87.671631 88.577988 52.360905
83.725845 90.903481 47.06916
79.976372 89.033768 52.622704
116.380074 68.633797 11.043866
114.260658 70.994087 5.818887
113.068634 76.399742 10.414455
20.714199 50.048054 27.960245
22.266573 45.095104 33.586506
21.601788 52.567413 35.447491
27.475664 29.036173 21.438517
50.068581 93.434715 18.289154
42.491405 91.224365 20.131205
31.839344 83.521774 15.231328
82.015198 38.195301 84.691528
84.0886 33.951275 78.936676
58.679832 90.668777 2.13391
55.10434 90.396721 1.954084
55.090488 91.63298 5.379894
20.516832 47.861473 20.276476
20.13299 55.410278 22.372244
22.285625 41.460026 25.772942
44.963371 91.514046 13.234298
37.993122 88.45726 14.636834
51.505978 13.264571 26.466999
54.723072 13.094831 32.466705
76.918892 17.877541 55.148693
69.87973 16.579142 53.468853
26.952095 77.293449 14.832796
52.348038 92.917053 11.431154
57.719204 93.99044 16.076185
83.319679 66.237091 90.747375
86.908073 67.83799 96.597038
88.145645 70.330254 91.268867
79.425751 21.298016 61.594482
86.106544 23.426346 62.672031
84.790237 70.171013 85.654495
87.206474 73.592461 81.17247
21.148193 46.096653 13.00676
20.38006 52.905479 14.975597
91.184837 16.794573 2.823317
87.778015 15.422992 6.813686
87.35675 16.505041 2.566991
67.276558 14.560198 46.725636
64.643425 13.277086 39.875862
71.971931 13.671848 41.078846
89.217339 31.439833 74.228432
99.579796 87.752022 2.965201
102.873634 85.378525 2.114703
100.095207 86.395851 0.093001
103.935158 86.095894 6.742219
22.008036 66.810844 18.472887
21.051189 62.813911 23.95816
59.436008 92.813354 9.462469
65.026932 93.288231 13.386783
71.112045 88.511879 1.826661
72.445534 90.019989 4.720762
74.068283 88.631187 1.874119
118.991409 48.798206 26.722153
117.481255 42.897789 28.602007
118.052086 44.037598 23.423426
90.43306 94.282814 25.896734
84.992699 94.485916 23.903572
86.682976 94.130424 30.238853
81.533562 16.924479 49.981117
74.421028 15.387887 48.291786
90.303741 75.778145 76.590256
80.279579 59.647419 89.445915
78.917244 52.050194 87.067795
21.576981 50.284859 8.316448
34.999802 85.152176 9.267122
62.832653 94.011345 29.232956
63.955589 94.244965 20.66856
96.643944 92.175278 34.007851
90.628166 72.421753 86.27504
93.364799 73.772453 81.115753
99.676407 91.658806 29.063519
93.419388 93.494064 30.041435
23.80402 70.728531 13.50467
24.445997 73.329887 20.38575
78.296165 94.22744 29.169302
94.981087 86.619095 52.536583
98.211258 81.318184 59.335079
80.842415 41.488422 89.334976
79.659019 46.773575 91.947769
81.960175 42.102573 95.022705
93.876579 30.548714 69.084015
87.833206 27.469635 68.421379
95.480698 74.582451 76.501022
91.406502 70.205391 95.400703
71.912376 92.173225 10.421763
58.33799 12.603174 26.546526
55.344883 13.185178 20.198689
61.808315 13.310789 19.920385
91.423065 34.931915 80.256882
32.702892 80.373001 1.962948
33.477531 82.323753 4.780601
35.581207 82.707741 2.129606
86.971359 65.449333 102.929932
80.381927 47.340557 99.602638
25.301918 34.459084 9.641998
26.265079 31.257818 14.867929
24.189381 68.061058 7.384424
22.305632 63.499069 10.764118
66.01754 91.340981 6.691115
106.401688 87.44957 28.22295
103.828697 75.467133 61.68898
98.880569 76.654434 66.695175
77.0476 13.237581 34.458202
79.298737 14.767488 42.797287
27.138096 33.361286 4.748079
28.770815 29.030247 8.448031
30.073172 25.63446 15.523781
60.902618 91.352348 4.465272
86.207291 42.446636 108.275612
92.788689 42.195503 108.25647
89.814476 43.798485 116.316826
87.439049 63.329624 110.96212
78.090813 91.43895 7.262487
51.639271 90.054504 2.653583
53.00729 89.052475 0.093001
92.21299 68.359756 100.248154
93.54203 65.814819 106.400597
118.425232 47.911747 33.099117
119.440285 54.272072 31.287216
81.402565 46.471947 106.850822
83.650482 42.298561 101.494713
26.08992 73.843575 8.583199
85.164146 92.463058 8.946112
82.412003 90.932526 3.665241
107.798538 85.307747 35.404976
90.940239 94.0597 20.18931
95.706726 93.301651 24.247599
96.917862 92.379204 17.090979
68.163597 13.498566 19.800398
65.557625 15.043972 13.073388
95.195755 34.317581 74.830368
97.608353 38.024609 79.887161
99.572212 37.613621 74.838989
81.375854 57.903866 111.553841
80.04493 53.018173 105.274155
45.838547 15.626264 13.071362
44.013458 17.701077 6.926657
50.244366 16.03367 7.940761
68.729469 18.984093 2.963786
65.583862 19.172836 2.3546
89.130142 40.124226 102.306725
95.100014 41.111519 101.373566
102.329727 41.741623 77.410194
90.825462 62.808033 118.970505
95.41243 62.974667 112.929657
43.862942 85.924973 0.093001
44.63266 87.277527 1.60182
46.766308 87.013351 0.093001
22.694685 44.196289 6.98934
23.305281 47.939075 3.377193
24.572699 42.556511 2.752061
69.763756 16.895552 7.337199
71.637115 14.838889 13.244954
108.792236 82.147888 41.475803
91.511345 38.882004 97.43512
90.228157 37.827316 92.052948
95.97921 40.196056 94.673737
91.451134 16.496002 38.920925
86.407219 16.474224 44.561508
84.463455 14.53999 37.505527
101.3461 42.767998 83.884834
105.209633 47.376366 80.048347
100.072807 24.960894 51.913334
104.989876 29.377886 51.229679
93.126831 18.821651 45.856976
21.411316 56.558228 9.740066
22.79619 53.254826 4.067823
82.972221 45.398861 113.942581
84.131035 44.771832 121.183685
80.012009 48.831947 118.849098
85.813362 13.353643 25.955023
95.219353 38.566853 86.923805
100.91568 43.933483 91.108521
103.072685 39.666748 71.246162
106.034355 45.642532 73.289772
98.865875 19.994514 40.291336
89.061203 14.519138 32.088902
88.844879 13.778451 19.310656
112.154404 79.748756 36.188465
111.738678 81.991737 25.038033
107.658875 86.048546 19.913126
102.903511 88.894554 14.330601
97.522568 90.448914 8.814442
110.154915 45.420746 61.840355
106.832672 42.525688 66.805298
107.589203 39.603756 61.40831
96.775284 46.423035 113.826057
99.101181 34.649742 69.753151
98.187019 30.237114 63.58532
112.853897 75.230118 43.169792
78.132057 14.201146 13.614433
93.741043 49.656013 129.487198
89.779228 45.118141 125.311577
95.181526 48.00787 121.760971
61.631573 18.143011 3.048323
81.448746 15.243761 7.99582
84.902626 14.020983 13.326768
83.857353 45.10939 128.423615
108.332024 69.205635 62.005955
104.124557 71.497368 67.673119
108.00164 65.100563 68.12635
115.573326 75.565323 23.334454
114.399216 77.492874 30.040026
117.612709 69.777824 28.591724
80.200417 47.122551 124.499924
98.447433 66.29921 101.569572
102.912354 24.564718 45.685169
107.975807 29.557047 44.456085
75.463005 16.056379 7.830169
109.391533 35.019295 50.412052
106.603249 59.072235 82.138924
106.103371 55.674923 88.437805
106.672615 52.803612 82.617172
96.672699 69.224869 96.058861
77.584053 55.743675 131.007355
77.926483 57.823353 137.864044
81.89241 60.592243 131.943619
116.34655 68.052574 42.081974
114.48262 67.972412 48.642372
108.483246 83.580208 12.328915
104.357346 51.006386 94.852432
104.709999 48.74448 86.907349
105.67794 24.523645 38.646935
112.193192 66.557983 55.759155
111.251671 61.515602 62.175262
73.485161 18.19235 3.3095
91.698761 14.939322 12.278804
93.714073 16.450672 6.100175
103.122849 61.386936 101.258041
102.079254 65.280243 95.760254
111.670021 75.985947 4.101452
110.208771 40.562515 56.214409
115.617393 73.014626 36.059261
118.064362 65.873093 35.791645
115.643051 48.841106 49.1604
113.034714 41.783665 49.723877
110.54528 30.028368 37.39558
113.267693 48.495708 55.842541
113.741043 57.323658 57.101593
111.802292 53.138187 62.17688
105.059914 58.952061 95.024734
107.182861 61.833344 75.03521
115.360001 60.615196 52.053246
98.906326 52.801529 117.636086
109.822144 57.392315 68.338028
109.193497 49.477345 67.967255
118.336906 66.000954 16.986904
117.884705 60.346027 11.410699
104.67395 55.724213 100.204826
102.938721 50.458778 102.932175
97.89756 18.454967 3.682813
98.7257 17.596828 10.389108
116.923874 62.105518 46.241543
83.559158 59.548927 138.897278
89.369324 56.66555 138.673325
88.548355 60.621914 132.68103
117.473473 50.78236 43.416019
118.239586 57.194313 42.501827
116.884247 55.559734 48.284981
96.857681 59.32896 119.24678
118.088646 62.609268 40.905449
88.79364 46.36924 132.961411
86.824692 48.149441 139.73439
82.62056 46.102009 135.58342
51.698078 37.863682 98.496986
57.165661 42.353485 97.438698
79.71376 52.781948 144.166153
84.470505 55.525623 143.401245
79.5755 57.106861 142.7285
119.059837 59.099159 36.462063
119.326584 59.978962 18.102104
88.404381 52.353661 141.861603
49.593529 38.641804 105.872337
115.401138 54.024254 53.020519
118.912766 53.774429 15.720831
118.743973 52.741943 37.720871
59.428417 57.760036 113.516716
102.183952 20.58712 4.768338
64.489067 90.03315 2.489509
61.79734 90.318253 1.713421
117.193504 41.814468 18.27561
115.309723 38.413105 11.680328
117.643707 46.384487 13.425669
112.566231 32.717682 7.603989
118.840599 48.432167 20.13032
109.784294 28.783379 4.069177
48.043049 39.647182 112.649429
41.070004 37.639778 82.803078
46.13203 35.272308 87.050484
87.167946 92.182709 41.218723
90.470253 93.065804 35.419952
94.144127 76.76915 71.810448
87.728088 78.307251 71.437752
94.052452 71.187256 91.074516
97.015541 71.412163 85.284203
42.795822 60.413963 130.122345
42.728077 57.425156 134.849365
47.024147 62.286106 133.539963
52.959133 63.757488 130.404007
38.569389 51.863678 123.177795
37.278202 48.533485 116.389038
92.996544 60.335835 125.922058
50.858753 42.880058 131.199951
45.807491 42.878975 126.290405
39.898972 69.626053 83.43335
59.108883 36.308231 81.165665
36.409336 67.986748 70.692177
42.777073 29.209173 64.52298
31.273035 75.677353 47.26828
27.313337 69.455666 46.161591
30.384638 71.029091 52.536972
76.604263 66.392593 76.961365
84.7005 81.285271 66.775345
81.057098 78.209656 70.827217
115.712112 64.517502 5.566471
76.839111 50.252541 79.559967
30.773237 78.854553 3.08977
33.022839 23.545595 9.772084
83.857193 61.156731 118.22905
80.47081 58.852673 124.635742
52.207825 84.585411 59.258118
104.626808 62.883209 89.045364
35.526615 22.979471 4.61023
31.713428 26.851978 4.017936
33.942101 25.980003 0.093001
110.556877 26.527866 24.677298
108.302986 23.371031 18.570648
114.951714 57.289276 1.955837
114.859726 61.34885 2.310739
116.227089 57.891327 5.181643
96.457893 54.53936 124.898575
102.755196 18.926329 18.102812
23.311285 47.300934 40.530884
47.79501 90.644112 6.693495
99.577919 73.433723 72.819687
24.117912 41.612789 38.15424
59.359035 51.914654 104.610489
78.323997 52.405846 124.345291
79.706078 55.388515 118.117783
32.293274 53.349087 90.712799
51.413681 71.772446 84.571655
67.519478 61.435322 74.591049
66.17704 87.19281 56.717476
115.042137 46.968376 3.437696
113.955017 48.920361 0.093001
115.374245 52.880173 2.981853
24.023754 62.899719 4.356619
20.703968 59.941334 16.79187
79.984917 51.037914 112.35762
47.540504 88.763702 2.413489
75.932426 52.553284 137.130127
76.44796 54.580601 141.820175
64.7267 55.144226 76.495667
70.042229 55.121063 74.072113
26.276127 70.644531 3.804593
60.389435 42.128674 84.10437
75.063713 55.60088 76.295258
72.558716 49.110943 74.958511
100.118805 68.57737 90.167091
87.687088 36.285847 85.723236
54.084297 41.162933 110.06974
53.921234 74.466866 77.802422
86.439011 62.155899 125.472359
51.437248 20.41873 56.668465
111.511681 32.902889 3.277696
113.408524 37.661568 4.642089
100.355751 44.797882 98.664001
98.796257 45.314674 106.157875
86.505013 39.182945 96.550018
84.443855 38.474167 90.666656
41.257725 71.883667 76.01236
48.364628 14.086733 20.039574
44.516586 38.016819 101.130959
24.852983 67.931061 39.26696
28.263535 74.306641 41.191078
41.030384 59.969742 124.090393
49.142296 45.334686 138.302612
101.791725 90.652046 22.192696
41.649685 21.733257 47.157677
46.07114 17.531527 42.386005
48.464386 18.889734 49.685524
26.262964 73.602013 34.689503
115.778824 43.897457 7.23869
113.969955 41.933975 2.975061
110.965248 34.739189 0.093001
111.748123 38.203777 0.093001
56.937397 44.626087 128.497818
60.244061 49.505924 133.294144
103.825027 78.992973 56.605762
106.633797 79.232376 51.700623
109.160385 79.219505 46.707905
99.827744 62.558884 107.230659
74.486282 78.449066 69.278198
34.495205 47.484634 81.202698
83.551949 16.318521 3.45336
107.952332 74.139725 56.527508
110.913734 74.006111 50.514599
56.790665 31.642366 77.286484
78.628151 16.964949 3.616747
58.293671 92.813087 36.649212
55.986088 94.159973 23.434551
71.638504 20.702269 0.093001
67.059456 20.756519 0.093001
92.471725 26.307133 63.19323
31.01384 77.715553 0.093001
83.894775 19.803404 56.59314
41.238541 16.599258 18.7293
36.282757 81.161362 47.765461
94.67173 21.6264 51.969231
90.565895 22.277985 57.367661
88.445526 19.003647 51.265461
27.341419 37.908432 0.093001
107.774033 53.345692 75.579147
38.077942 19.333847 31.668846
36.854053 19.030565 24.276501
56.791187 59.34885 140.905624
95.934982 15.596165 18.466167
92.73484 14.717206 25.676153
43.910053 15.566499 26.975075
39.459351 20.479406 39.372219
91.892937 80.712349 65.444229
44.596542 31.727209 72.962631
91.494652 90.074509 46.464165
68.857368 12.700698 33.764126
84.439224 50.909008 143.820328
46.386082 73.165192 80.597946
86.75251 83.817558 62.334946
76.091187 18.804195 0.093
116.165092 72.910728 16.831116
33.573864 48.23283 88.0718
37.628529 73.436989 64.284508
57.420891 17.606979 2.69376
62.385384 62.109188 78.776947
49.574337 70.501694 90.406761
96.57338 25.506815 57.610447
91.432869 51.186462 136.626846
112.578949 79.839584 17.870974
41.701969 86.144562 1.9129
41.068844 84.622345 0.093001
38.825943 84.515938 1.688143
36.697201 42.682884 85.263115
23.248981 54.753319 42.935871
110.227036 26.010324 14.035372
74.917625 86.324417 58.539871
61.826038 21.861849 63.479553
38.864365 19.085373 10.546902
34.979031 20.55835 16.882587
70.572411 93.991753 31.379667
66.434097 93.052223 36.993641
22.849886 39.955101 11.042536
39.499798 20.588509 4.117039
73.064377 61.072552 74.762329
91.569771 91.615204 6.340351
94.960991 89.871101 3.218317
91.238419 90.580925 2.425621
77.473396 89.797714 2.880721
44.668224 81.741653 59.254936
65.689545 18.727657 58.523205
53.012417 15.600057 44.277794
25.275694 66.384483 3.130476
96.152458 88.211235 0.093001
92.84993 89.275764 0.093001
29.904217 79.780289 8.402559
20.920055 58.041546 29.785734
70.717682 91.5382 44.327179
28.361925 75.49263 3.894931
68.199921 89.286537 2.58398
67.910805 88.141228 0.076966
61.625252 12.62272 33.074081
60.500488 55.294621 137.590149
57.4893 13.607406 38.858471
42.926388 19.580017 2.848089
47.706989 17.992216 3.446294
96.023254 16.762184 32.543652
45.914745 33.665771 80.090233
114.06559 36.243576 36.329567
115.320885 36.927464 29.609365
87.406097 91.184525 3.41202
93.415489 56.011322 132.027313
98.139778 21.556005 47.235321
83.77346 86.496864 57.848137
80.710129 83.894058 62.888226
52.818291 14.363278 13.782429
90.901253 85.045792 58.344017
79.032135 81.133934 66.925125
117.077705 51.68462 8.282624
65.099091 12.607076 26.675989
72.085655 12.755656 26.945684
112.460281 30.853739 30.49131
83.15799 13.405294 31.459536
76.80368 50.668724 141.474915
77.862869 48.197071 137.736816
91.470543 92.991699 12.883805
28.481611 32.94976 1.792546
99.69838 17.361513 25.419006
29.939016 66.048347 57.510872
113.974335 67.893547 2.514045
61.696671 91.509232 43.350937
60.125637 14.606774 45.490547
78.473869 48.856701 131.068649
26.5994 40.281792 0.093001
25.070742 45.784859 0.093001
110.013817 76.235519 0.093
109.230637 77.581932 0.093
51.507748 52.252792 146.551712
112.130539 35.770115 43.429226
72.892906 87.250763 0.093001
33.912041 72.337517 58.600552
114.37236 64.672318 1.987335
28.428617 72.572411 0.093001
27.072891 67.445381 0.093001
116.33812 38.673679 23.577688
62.028015 89.609787 0.093001
84.257751 17.204506 0.093
81.044342 17.522793 0.093001
53.30925 17.263748 3.474438
97.768982 19.404179 0.093001
100.066437 20.597157 0.093001
23.061108 58.228725 4.715779
113.446617 64.504768 0.093001
113.339676 65.248322 0.093001
22.467478 60.437527 37.296104
80.960152 48.32695 141.543884
72.169357 89.244736 51.893459
51.498432 88.611748 0.093001
112.881264 42.753567 0.093
110.972076 82.84375 30.982321
30.398861 76.74884 0.093001
117.896194 69.767433 21.757893
37.72633 23.270895 0.093001
39.457851 22.365225 0.093
46.909939 63.748249 127.407028
77.096909 90.796524 47.762077
47.627476 49.977455 143.215302
29.437119 30.41777 2.89437
30.709988 30.288918 0.093001
84.32769 90.289398 0.093001
81.157677 89.907112 0.093001
24.839365 58.204468 0.093001
26.050915 63.125187 0.093001
94.840599 17.700535 2.323608
104.776634 82.935272 0.093001
107.254333 80.399414 0.093001
56.852242 89.689026 0.093001
101.387749 85.527061 0.093001
89.411591 17.445919 0.093001
29.636517 32.694908 0.146815
24.224543 51.505962 0.093001
58.721767 18.65126 0.093001
55.245853 18.474569 0.093
76.198494 88.304008 0.093001
109.50441 30.004465 0.093001
93.657852 18.195576 0.093
33.122528 79.72242 0.093
112.469406 69.849327 0.093001
103.21666 22.458757 0.093
62.786671 89.465042 0.093001
106.786316 25.6593 0.093
114.066139 55.217602 0.093001
113.798904 59.705605 0.093
24.324879 54.692856 0.093001
65.639992 20.375246 0.093001
37.224373 82.764694 0.093001
88.563599 90.107796 0.093001
44.709187 20.188063 0.093001
51.067963 18.655724 0.093001
