40.988094 -11.401922 22.012749
42.672352 -6.407768 23.135963
39.131916 -8.845532 26.095442
2.893772 -21.761034 84.836899
0.258498 -21.879799 88.659058
-1.495973 -22.674686 85.777695
3.564362 -19.24832 87.049492
-7.678988 -22.750902 78.669426
-11.656114 -20.305738 79.47113
-11.271554 -22.094776 74.625961
-3.271685 -22.180817 88.681664
-5.443332 -19.750662 85.801727
-5.482751 -23.011131 86.577629
-8.405792 -21.739822 83.371384
-35.171787 40.146873 26.754519
-36.044647 45.301983 24.141323
-39.106808 40.801697 22.477781
-38.415718 45.489899 18.764645
7.185992 -19.747059 82.828758
5.690869 -22.514658 80.644066
-4.282675 -23.006884 82.576309
0.594891 -23.18844 81.903954
43.879505 -9.144743 17.855309
-2.737566 -23.917215 78.194229
-6.098347 -24.855003 73.60614
-10.537231 -24.413616 69.924385
2.592152 -24.143341 77.527199
13.385076 28.956764 82.602341
9.087695 33.652691 81.02018
8.571642 31.39436 86.277435
11.615412 -22.652922 73.579857
10.21039 -21.00839 78.415375
7.593836 -23.881744 76.004082
13.806365 -18.387339 75.202011
-46.648834 4.854446 5.757625
-45.307205 6.769851 2.204076
-44.743935 3.277257 2.190501
-0.776589 -25.182421 74.596886
-13.045134 -34.130707 29.723164
-8.458632 -37.017826 28.851305
-8.780563 -32.951691 32.594624
18.344572 26.655308 52.152164
15.452045 31.211044 54.264942
18.831713 29.058369 57.563686
-13.971819 -18.655018 75.646828
-14.682688 -20.11047 70.29435
8.147662 -25.717894 71.593651
-1.896712 -18.069174 43.326214
-1.180131 -22.986895 39.885715
3.286288 -20.879934 41.146954
3.68419 -25.805546 73.273842
10.391882 -42.534893 12.487099
7.581854 -42.520412 7.604568
13.83335 -40.825024 8.967417
-6.412088 -20.526272 40.222141
-6.59496 37.945515 62.839821
-11.481357 35.89267 61.91687
-10.034093 36.801003 66.0541
6.43845 -33.831863 32.791222
11.748967 -34.54026 30.614122
11.06464 -28.695112 35.131447
8.058933 -25.30378 65.222771
11.027341 -24.245632 68.967896
7.532282 -26.971197 68.229553
-12.496955 -23.121981 65.97171
-9.090153 -26.071636 66.506035
-0.805798 -28.269464 67.340294
-1.077929 -26.893482 71.019501
-5.84519 -26.989544 68.800865
-3.991043 -43.340641 16.016705
1.756944 -43.744762 15.893824
-0.804792 -42.572258 21.00643
-5.012075 -27.239449 65.082764
42.054535 -7.924242 1.753677
42.415806 -9.862158 3.949013
41.133652 -10.001575 1.629572
14.809741 -16.30126 61.175114
18.558741 -12.509472 62.02029
16.591139 -16.409607 65.925865
-12.411291 -20.951899 61.60936
-15.915607 -18.680536 64.630821
-3.420136 -24.424723 61.052635
-8.846467 -24.655369 63.201073
12.410655 -20.913839 64.70739
-17.878902 67.621773 9.839174
-22.100449 66.57299 14.095821
-17.853933 69.667343 17.441517
25.244368 -31.699156 0.104868
26.233202 -30.818254 0.104868
25.901211 -32.406288 2.632238
3.857193 -27.817575 66.081711
-0.418787 -27.589537 64.288765
-19.08218 -13.315061 62.582458
-15.546417 -16.322115 59.501938
-8.396833 -21.924391 59.728703
3.084433 -25.313978 62.407024
1.55511 -20.503372 57.267155
7.550418 -21.874666 61.028885
-0.208123 -27.911591 37.319599
2.973278 -25.062586 38.914146
1.801952 -37.225948 30.062897
-3.395853 -39.722561 26.426683
2.980551 -40.685802 25.249489
-12.643653 -37.673485 25.792004
29.405127 17.288788 32.535336
23.909914 21.029778 33.837135
24.309658 15.186842 34.831505
-17.191772 -34.338531 26.260082
-11.49793 -40.451763 21.419624
-8.617786 -39.829754 25.053619
46.092503 -2.996696 18.858173
46.620823 3.18243 22.729296
43.3293 -1.081516 25.133606
8.219925 -40.808006 24.08338
7.280074 -38.055149 28.454723
13.536626 24.788143 37.238972
6.924903 27.101398 38.21455
11.241876 23.736809 40.177475
48.699165 2.256597 16.922832
-25.989159 -33.121151 12.09786
-23.32375 -34.537445 6.750856
-21.823078 -36.240063 11.970885
4.131177 28.329706 93.518143
8.422585 25.788738 93.049118
7.520809 29.390659 90.514542
-6.440638 -41.909386 21.289062
-9.517221 -42.193161 16.354931
-14.599044 -40.203751 16.787302
-12.647123 -41.233051 11.453389
25.683958 7.007838 54.973862
26.614553 6.747954 60.479156
25.00964 1.657854 57.34383
-7.140815 -42.502335 10.021117
4.866524 -42.692463 20.406668
7.357079 -43.242668 16.082817
12.506146 -41.753689 17.213793
9.845305 -42.023685 20.207111
16.123981 -40.210087 14.862136
16.670025 -39.307411 19.724762
13.507432 -40.733143 20.74328
1.320814 -14.930012 85.623901
-1.374087 -18.921062 87.085014
-15.411842 -39.483131 7.128362
-17.365343 -39.094036 11.914752
-11.42238 -40.745457 6.234887
4.672377 -43.61639 11.402413
2.259611 -42.914093 6.750778
7.267318 -24.153357 38.785221
4.933323 -29.012833 36.467129
40.624428 -12.175115 2.518644
15.271517 -38.600636 23.589661
16.260193 -35.263988 27.427662
11.958226 -38.321735 26.428469
-5.296576 -25.730429 37.783993
-29.274567 -30.361355 12.450109
-27.739136 -31.160986 7.607394
30.535004 -30.051464 9.376837
26.729586 -33.545368 11.640884
27.108601 -32.628807 6.350077
-4.38658 -30.784441 35.130856
41.552067 -13.576936 6.774603
-14.218521 -38.72287 3.135662
25.883329 -33.535461 17.091585
20.98345 -36.838169 18.484726
20.948469 -37.500706 12.49518
-31.567585 -27.733063 10.271813
23.110853 -36.005211 8.003573
47.320179 4.641972 5.052738
49.030956 4.253072 10.87302
46.776836 -0.091714 6.192456
-5.377544 -19.625919 56.415409
-2.287363 -16.967808 52.045525
3.579805 -16.551798 52.214417
7.469598 -17.972206 56.58292
50.227886 9.994006 12.815826
48.445442 9.552587 6.632504
-10.892185 -18.165606 57.181519
-8.35887 -15.837353 52.380745
-5.359044 -15.47445 47.568924
0.586243 -16.025309 47.722786
4.126901 -16.930031 44.245689
8.213243 -18.984535 41.378059
9.320901 -14.797125 44.323181
6.036186 -14.864181 48.052319
13.679631 -11.673223 52.597927
8.83052 -14.626313 52.33276
11.149409 -12.294788 48.07222
-11.788098 -12.871198 47.960575
-8.354975 -15.974313 43.331081
-11.445123 -39.484058 2.535073
-24.494961 21.661175 61.680996
-24.203413 20.827013 66.33979
-22.38636 25.422474 63.730083
-9.406765 -28.317385 35.422878
-26.43495 -0.8889 33.441296
-23.902649 -6.425179 34.929207
-22.103529 -0.603287 36.608452
0.929782 -32.742935 34.196129
50.063622 15.162374 16.184128
50.511227 10.292786 17.281494
-3.720393 -35.455383 31.546556
14.103453 6.289877 87.840111
12.107127 8.883433 91.358932
10.394678 4.550264 90.082741
11.951435 -40.430077 23.087963
-16.225435 -37.790825 21.733316
4.829625 36.298958 78.722687
4.496266 34.403786 84.146698
-20.958393 14.012691 81.402084
-18.081781 16.221165 86.664658
-20.165417 19.603342 81.55722
18.246603 -38.757553 7.255419
14.246017 -39.949268 4.702622
9.719104 -40.892712 3.773219
-1.017676 -43.569141 10.845341
-2.96949 -42.211147 5.374459
20.626431 -36.94416 4.781451
-4.609779 -40.932308 2.155917
-2.310053 -41.1647 2.038389
10.247567 27.202457 44.878239
8.243757 31.300766 48.490501
12.139838 29.646599 48.417801
-30.574661 -27.77947 5.663388
-34.389637 -23.375734 7.556501
-32.345951 -24.768198 3.647093
43.828838 -2.176628 1.405235
43.400238 -3.969149 1.615
42.836285 -2.034484 0.104868
-19.372923 -37.37991 7.264406
-17.261145 -37.386005 3.380603
15.288741 10.202838 88.721619
42.588921 -5.885629 1.386287
43.821564 -6.291575 3.827006
-7.724332 -40.8339 3.686603
4.994284 -41.641174 3.413813
-3.588688 -40.186749 0.104868
29.819929 -27.303946 0.104868
29.319706 -28.999228 2.013409
27.301981 -29.799896 0.104868
25.926683 6.924148 65.994637
25.520433 1.520684 62.919357
3.250717 61.668884 42.470268
3.798137 66.93988 44.936375
-1.477265 65.05822 44.343845
-0.102916 69.1007 45.328823
34.029842 57.853695 21.508165
36.479713 53.703201 21.965061
36.073299 55.6451 17.749483
-25.596247 14.322341 54.164387
-22.974516 18.098145 51.439518
-23.597275 13.593159 49.829357
9.356528 64.418076 42.314713
7.590014 69.233124 44.070824
11.81518 69.298172 41.275429
13.480362 59.896801 39.062016
16.165699 55.831379 36.40041
18.506386 60.262398 37.1451
15.397469 64.862305 39.418385
8.20156 58.327991 39.591831
2.601907 56.064396 38.71471
11.913398 55.67136 37.277813
7.957941 52.627701 36.149708
11.079302 -18.739161 60.079311
13.468279 51.934174 35.076958
49.351933 11.859674 20.75634
49.931908 8.31821 19.532391
18.216553 51.609573 34.292027
20.831678 55.71167 35.056484
48.08519 30.511757 14.2995
47.928169 27.766548 9.142658
46.724632 32.647423 9.824154
45.492161 2.040468 2.521553
39.275253 -15.327972 2.972086
44.700207 -0.738699 2.204731
45.693798 5.234989 2.015469
46.380878 8.218157 2.661942
3.267968 4.781976 93.546631
7.853111 7.097836 93.272728
4.382635 9.742159 95.975754
44.668259 38.631897 19.467806
46.701511 33.075722 19.28463
46.445843 35.559895 14.64387
-0.606929 7.523282 95.741936
-5.51354 5.960828 94.367065
-1.717921 2.753406 92.62558
6.592041 -3.939424 85.559509
2.926019 -0.192075 89.687332
0.663398 -5.46848 86.5532
6.6338 3.136327 91.257111
8.511127 0.615853 87.964485
34.871357 3.092562 31.572166
39.427025 0.770195 29.092077
38.575188 4.845904 30.155615
12.245866 2.572335 86.822853
-25.505852 8.978264 67.515007
-23.423252 5.31147 71.900093
-24.031553 12.626897 72.055244
15.465583 3.580704 83.874542
17.580791 8.985922 84.425797
12.173967 -1.252604 83.451614
8.846368 35.475903 76.493988
17.160748 -14.142793 70.992256
20.545681 -8.416302 68.366104
17.589491 -7.941567 74.067802
10.451497 -12.035728 80.775681
13.704767 -9.014149 78.258507
10.496043 -6.821367 81.693878
16.830626 0.469319 79.736298
18.906324 5.174906 80.148842
15.002726 -4.488343 78.644417
14.354626 -13.308388 76.63047
-13.391401 14.048665 92.178207
-13.03732 7.7258 90.993095
-9.26298 9.487321 94.389854
19.909836 2.250593 76.890518
-45.102711 0.304231 4.135019
-46.486275 0.146595 8.409894
19.006399 -1.942659 75.444107
21.560476 -3.200292 70.685699
16.443279 -12.125622 57.348709
20.416891 -8.092991 58.409782
23.421797 -3.516741 65.50116
12.418248 -21.951704 38.391743
13.182288 -16.283119 40.8965
21.481472 -8.243345 63.320274
-0.607157 33.702423 86.97509
-5.30251 34.468456 83.773384
-6.00107 31.616947 88.897171
20.272268 18.7113 79.225677
21.493259 14.361864 78.080711
22.484043 16.99715 74.330582
23.578953 -3.473835 60.244236
-0.113963 36.079712 81.487953
24.331944 1.580263 68.212212
12.08225 -15.328614 56.701962
18.148649 -7.839194 53.393417
17.736012 -13.15737 39.577694
14.519242 -11.150989 43.527271
22.002556 -3.288302 54.890759
19.688917 -3.42531 49.722069
22.870504 2.203918 51.105267
16.013281 -7.955221 47.973404
18.482529 -3.794825 45.760838
20.436411 0.237996 45.912521
-18.253098 4.437571 82.393646
-20.493238 8.964929 81.377014
-20.853773 4.619231 77.475037
-18.593472 8.245524 84.951241
17.607054 -6.330916 43.317421
18.13859 -8.908034 40.829189
35.469906 -11.224019 28.239317
38.106876 -12.791725 25.01293
35.95277 -6.521031 29.51594
-45.404774 -4.211129 10.684488
-43.556133 -8.378619 13.251641
-45.359665 -4.253147 15.891258
-28.24399 59.650047 9.112457
-25.403912 63.239288 11.473125
-24.275715 61.317265 5.096507
17.028807 -24.816622 34.999271
17.474329 -18.732685 37.599152
22.121799 -15.153272 36.155849
22.143482 -21.148497 33.979393
26.878666 -17.426323 32.283588
23.775766 8.415793 50.010693
23.639915 12.986807 49.74929
25.56377 11.95895 53.32122
16.64332 -30.608204 31.489326
21.788288 -26.834763 31.033945
26.704128 -23.126953 29.656624
21.02532 -31.833542 27.35017
-22.372444 10.391146 76.808151
26.667206 -10.760172 34.271729
31.383537 -14.027131 30.227829
31.886963 -8.66298 31.502874
3.935757 38.477459 66.534416
2.932787 38.297279 60.889935
-1.439411 38.823639 64.524803
19.468483 -35.986652 23.364733
31.217617 -19.393801 27.834629
25.94418 -28.232758 26.304708
-47.600441 20.459528 11.28907
-47.222992 15.299697 6.954945
-48.271561 14.870779 12.915098
41.92704 32.027935 26.825943
44.131226 35.143105 23.643103
40.727253 37.213554 26.862926
30.682865 -24.374027 24.4806
24.016857 -34.590851 4.416959
35.662514 -1.786265 30.701765
39.715839 -4.058973 27.544765
47.605297 -1.567415 12.221161
45.70557 -6.72244 12.807891
45.895344 -4.594595 7.639016
35.163242 -15.787807 26.152609
24.193901 -32.798912 22.498781
27.75935 -30.789286 2.666926
34.943588 -20.149839 22.770224
38.441566 -15.842288 21.880287
29.022449 -29.13084 20.820297
33.938236 -24.667213 17.852448
38.125019 -19.207514 17.36928
30.491648 -29.796049 14.944095
-30.510517 48.620789 28.64337
-32.342255 44.84861 27.915691
-28.14992 45.375664 30.115299
-16.773409 -27.567602 32.803024
-17.256792 -30.653002 30.159237
-13.305755 -30.168619 32.888538
41.305893 -14.28441 17.303881
40.417057 -16.845322 12.004608
43.310795 -11.810513 12.406264
37.171108 -21.82785 11.98264
44.159664 -8.944918 7.810331
-3.205957 -1.682077 88.962021
-33.271004 49.356995 25.672014
38.503334 -18.848045 6.46766
50.157558 6.586625 16.312344
29.437946 33.649044 31.430523
24.915819 32.682274 32.319382
29.201628 28.874311 31.660303
48.185143 8.040515 22.597652
10.963714 35.205021 72.507668
5.455516 37.41626 72.673759
35.612839 -23.520075 6.939572
33.854469 -26.380568 11.314999
32.765083 -27.056604 6.322213
30.005989 -29.5947 4.871289
31.305939 -27.19088 2.661005
21.082636 2.952741 41.433838
19.69846 -2.126043 42.425865
21.980431 -1.284351 38.963169
19.064222 -36.865547 2.244274
17.323046 -38.578293 4.203837
-44.328838 -3.966063 19.950491
-43.116554 -7.571719 18.417864
33.586887 -24.575418 3.09198
-2.333523 37.817108 58.817249
-18.088438 37.734188 32.428596
-14.761761 33.648361 33.310452
-13.973265 38.24258 33.17141
22.206554 -34.998001 2.276845
24.32769 -33.37862 1.933246
44.915085 -3.02858 3.637871
38.986759 -12.747265 0.104868
39.657093 -11.105276 0.104868
42.036045 -4.796147 0.100389
-9.435378 5.244203 92.477699
-11.491401 2.84828 89.139946
-6.790389 1.910211 91.13813
-39.820755 -10.567038 1.96525
-38.270927 -11.651478 0.104868
-38.504929 -13.679052 2.397534
4.885458 24.049749 96.324173
5.18795 19.465681 97.704613
8.805786 21.246361 95.194984
45.985722 29.539562 5.51609
44.382999 34.333946 5.487023
5.081645 14.759109 97.466438
1.241211 17.245131 98.847649
0.476379 12.488169 97.839165
43.800007 30.684694 2.523477
42.64632 33.520744 2.1141
8.377714 17.169819 96.215225
11.687912 17.588621 93.441216
16.952164 13.973319 87.064529
-34.050697 53.298275 11.05578
-31.477831 57.174294 13.022068
-30.905113 56.077744 7.42675
9.361334 12.605225 94.623352
13.829788 13.524117 91.166962
15.027561 23.441166 86.520432
15.061381 18.338547 89.37368
17.868956 18.821875 84.478256
17.68898 23.771687 80.825645
4.977598 -9.917812 84.180672
20.655527 10.037935 79.38871
19.50753 14.195702 82.304688
-16.851419 10.545532 88.105278
36.467537 39.913132 29.01141
37.527107 34.353588 29.148384
4.432119 29.462809 45.255409
5.591946 26.358963 41.240471
0.434953 27.78293 42.182571
21.726599 6.160807 75.965401
16.692848 28.348013 76.502502
22.110657 1.820878 73.062027
22.884188 11.302 74.763405
20.373503 23.193424 74.540794
18.745163 28.105774 71.120071
5.654507 76.113838 24.432564
10.121613 75.369461 27.930635
10.287539 75.198639 22.350658
-10.371774 -23.209505 37.524555
24.07708 6.756217 71.258827
20.210833 27.674082 66.269035
21.338182 24.744839 69.473251
23.125673 20.164145 69.733559
16.983969 31.365824 67.37854
15.169574 31.968409 72.1996
24.732563 13.270763 69.276871
-29.193922 -14.703044 29.959463
-28.744427 -20.425375 27.785933
-25.194653 -18.857227 31.399643
19.334925 -12.240072 66.114189
-23.115078 -0.652291 69.475342
-23.437449 -3.568315 65.623322
-21.045454 -5.558404 70.1968
25.012083 18.086985 64.845596
-32.77219 -16.573923 26.170618
26.469681 12.246222 63.243229
22.864943 23.39756 65.470993
21.405008 26.436192 61.492077
24.111782 21.696304 60.728683
21.95528 24.443224 56.537773
18.229626 30.511095 62.553631
-41.49543 2.640145 25.725195
-45.158127 3.690082 21.939264
-43.395607 -1.179817 22.834578
26.086283 16.597202 59.867596
-10.418475 31.488523 85.122604
-5.948632 74.152199 17.224495
-9.937934 73.855499 23.900242
-3.314887 75.390953 21.841276
24.586893 19.540932 56.089245
37.512348 -18.191059 2.436283
35.879498 -21.287275 3.069618
26.067791 15.355581 55.840881
42.637856 39.348442 23.985577
39.716305 42.148987 26.164555
26.75322 11.66408 58.004486
23.955568 -5.35738 36.848492
20.269188 -5.409312 39.975006
24.312965 16.439238 52.293659
3.859535 -27.618793 69.477257
21.664181 5.629101 45.919361
25.736328 4.038639 35.597073
22.326906 6.803165 38.266014
22.989576 2.352881 37.875595
21.613998 16.814137 48.298851
21.690266 11.468505 46.319958
20.760902 9.280795 42.090008
19.067249 16.297035 43.65971
20.216801 47.204895 32.94178
17.515669 44.435764 32.785706
21.293245 42.277668 32.447018
40.494961 17.624018 28.903389
44.138474 20.803453 26.44558
39.414612 23.176136 28.999985
44.724007 16.095098 26.536028
15.378916 32.850697 59.002422
21.427113 -9.661008 37.977375
20.689177 13.431453 38.529346
25.421957 -0.750669 36.029606
-0.844332 37.372166 34.636772
-6.187868 39.650501 34.080055
-4.998417 33.673363 35.024727
28.493649 -4.89092 34.036308
20.260723 64.739662 35.995781
23.07723 59.965885 34.695099
29.664255 11.578138 33.077351
25.069132 9.439301 35.449921
29.906654 6.122761 33.427895
30.347092 0.271572 33.363373
18.907318 25.401239 34.780685
24.111792 26.944496 32.971825
19.641727 31.224882 33.555687
32.576172 -4.301754 31.939442
25.17594 55.232498 33.432125
29.068985 54.034958 31.460928
27.120159 58.97995 31.980227
35.987705 13.597898 30.812761
42.447586 12.588014 28.139971
30.697102 57.369263 28.984953
-20.337315 -26.49283 31.059458
28.206491 62.208912 28.74012
31.364309 60.104599 25.096645
42.541054 3.910609 27.51268
40.108715 8.445691 29.413986
37.547951 53.016373 13.435802
38.139141 49.968311 8.493328
35.08057 55.083782 9.364521
-33.956455 5.565134 30.142176
-38.876461 6.808326 27.962597
-36.886154 1.206882 28.543251
-19.483568 11.691148 84.722336
28.342367 64.441574 24.093378
31.32217 61.75713 20.45945
46.658459 12.256972 24.827934
44.826614 7.951484 26.246685
40.64521 47.164772 19.696554
39.071171 46.69973 24.340519
41.997486 43.027988 22.031851
16.364983 69.302628 37.02549
11.64437 72.978569 37.980038
-7.487168 24.888632 40.472733
-10.691229 23.214624 41.548035
-8.953102 26.293013 44.164482
47.825962 17.456213 22.558838
8.969302 36.985027 67.972786
38.499966 28.835712 29.073786
43.102871 26.484903 26.631321
-38.765194 35.918766 25.414986
46.882679 24.096916 22.972923
45.625977 29.860785 23.383577
-43.342205 35.715874 10.003551
-44.201653 31.227135 6.107602
-45.505714 30.129852 12.034831
33.86372 55.512653 25.620434
33.652382 59.189011 17.749502
22.967312 64.846756 6.352489
19.884804 65.406273 4.150305
17.67415 68.992302 8.998495
49.191204 5.490983 19.802429
49.251499 21.746098 17.838293
-13.257649 -8.729405 79.60498
-8.221394 -10.958648 83.106125
-10.719357 -5.334227 83.314651
48.216061 27.626257 18.815302
49.146679 25.287731 13.330504
-20.968468 -34.207241 21.901037
49.480755 19.887985 11.545749
48.170643 23.122927 7.599558
46.434246 11.355768 2.556796
49.33028 14.616935 9.263015
47.256294 18.560671 4.895669
46.560898 25.332237 4.650241
15.169706 72.794235 31.843863
20.78314 68.463463 32.415623
20.390997 70.724174 26.9949
42.02179 36.389473 2.727531
44.515095 8.296732 0.104868
41.336582 -6.901287 0.104868
-4.961755 71.561096 7.653231
-9.355372 70.426308 7.624805
-7.823028 72.525154 12.303969
-36.607819 49.774414 14.941039
-36.343124 49.273933 9.040974
-39.050247 45.345573 12.470182
44.982738 23.768785 1.81517
46.011711 21.721439 2.959105
-6.845659 69.660599 4.364581
-10.601569 67.940422 3.372837
12.138595 22.448927 91.43084
44.65456 27.00247 2.306121
-0.473177 38.517597 70.175316
11.223456 27.241814 88.702026
0.030535 37.581322 75.886597
13.265629 34.569508 68.144295
26.806215 51.042366 32.479183
30.39267 48.721409 30.966715
11.704309 34.344555 55.817478
11.820096 32.172699 51.487865
11.446544 36.131058 64.70858
14.722727 33.858089 63.734573
11.580923 35.700432 60.613255
21.877125 21.240999 51.940033
14.781788 29.617121 50.609676
18.532475 21.905016 47.721226
-16.940287 18.419708 43.893093
-16.377811 16.087425 40.032246
-18.905291 13.677639 43.496986
14.947809 26.53021 47.763103
15.021007 22.519077 43.955875
16.387005 18.73118 40.376705
19.342819 19.507242 36.477947
-13.548147 20.328409 40.77879
-13.892612 23.480316 45.101093
24.889341 66.740356 28.119432
24.520723 63.835621 32.373962
3.296706 74.266098 41.126728
7.848827 72.574753 42.100754
7.283041 74.923012 38.664082
8.936572 75.339439 33.899124
3.556941 75.929962 35.898003
-18.199223 15.291742 36.403412
-18.861008 21.424089 33.921539
-22.867872 15.411232 33.324005
32.857212 52.222534 28.879364
13.084728 65.970375 0.104868
11.062067 67.539055 1.725345
14.282522 66.640305 2.04553
36.286777 50.854332 25.566786
-26.62458 9.854338 56.005859
-24.735014 5.561782 52.581024
-26.415024 5.116285 58.246685
-14.674797 20.468918 90.683884
-14.264323 24.976971 89.286476
-17.242668 22.504026 86.105499
-39.347218 26.805004 27.029961
-35.284462 27.565119 28.669607
-38.782261 30.978188 26.756533
-18.590555 -11.043946 56.973766
-13.924783 -13.88002 54.172108
-33.546337 33.583469 28.570908
-26.516216 33.08651 30.697746
-29.277733 39.59351 29.718065
38.625366 51.354385 18.161005
38.504791 50.094711 22.18317
4.6473 74.956924 16.396614
2.201128 75.834991 20.725149
6.456191 75.648163 20.220663
27.396021 64.785591 13.447399
31.339104 60.143757 10.81408
27.180426 62.793369 8.351737
31.208473 61.813404 15.673412
43.018299 43.261623 16.849558
27.888685 65.371574 18.807098
24.390924 68.344902 22.715105
23.498714 68.579597 17.002716
45.045319 37.524742 10.248095
43.137634 42.2117 11.321183
44.827267 39.687721 14.4996
-3.037261 23.073406 98.023125
-1.99829 19.452538 99.052193
1.187147 21.719856 98.452675
42.836918 39.371841 6.416396
-12.455801 -13.58527 79.599724
40.613136 47.52393 13.532194
34.450157 57.684357 13.935271
-1.276762 30.02026 92.528381
-3.791644 26.627201 95.904518
0.362018 26.028194 96.455109
-31.091532 57.71928 19.062958
-32.683392 53.713448 22.708937
-29.539974 57.303856 24.649912
31.354069 57.222481 5.774809
40.495171 44.444927 6.825148
-6.973271 28.010653 93.144508
22.80566 67.342995 11.367586
35.265057 52.002365 5.078104
-25.278927 0.361888 61.624382
-26.531166 6.31292 63.019062
37.213654 47.403404 3.49448
34.901138 49.664177 2.121207
32.621708 53.021816 2.40122
40.505684 40.150974 2.766213
38.676788 43.576191 2.395498
-15.078192 70.223572 32.971004
-18.142023 69.212662 28.899147
-18.01613 66.172737 33.780247
-10.95737 73.244049 30.818705
-5.574873 75.263008 28.06851
-41.973648 36.326641 21.486216
-41.546898 33.02832 24.298931
-14.469467 72.016823 28.190331
29.311733 56.670658 2.167854
26.15132 59.285534 1.549978
26.855595 60.583057 4.192349
15.371495 67.859711 4.812068
18.112045 64.924156 1.957946
23.603504 62.272438 2.83543
27.592579 56.722492 0.087893
21.502361 62.720852 1.506959
-29.975195 55.105743 3.460177
-33.126362 52.399998 5.530298
35.415981 46.227345 28.341473
-18.880568 29.87842 65.481117
-14.342319 34.051327 66.198883
-16.060146 32.781956 61.3643
19.571606 71.477249 21.022348
-21.900196 64.620644 29.211771
-20.495445 68.319908 23.883085
-15.779115 71.396729 23.547926
-14.476598 30.12837 80.933777
-14.699529 27.439556 85.652786
2.493045 36.496113 55.201027
7.369494 36.723225 57.877762
3.973379 31.796164 89.315186
12.67382 32.611477 77.013481
-9.770735 33.96109 80.224823
-13.463995 32.764729 75.985741
-9.004654 35.698997 75.910454
-10.886587 35.558907 70.991325
7.795657 37.563599 63.041546
-5.859334 38.063587 68.01165
-5.219778 37.485271 73.304054
-46.828831 24.826426 15.210404
-47.645405 19.287621 16.893494
-7.722066 36.31086 57.585579
1.218852 27.604246 38.867977
-9.411035 33.122437 52.612228
-3.084717 34.59483 52.382164
3.059335 33.203602 49.794281
-18.802551 10.349348 39.936272
7.483689 34.521557 52.823421
-34.874908 -4.820677 28.709034
-39.57634 -2.760172 26.00242
-37.870796 -8.095362 25.482092
3.63163 71.186607 44.541214
11.665215 70.880074 8.41997
-1.619417 74.734573 38.271736
-6.550004 74.25695 34.540771
-1.11426 75.993156 32.108746
4.562623 76.327049 29.986683
0.278549 76.207054 25.991959
15.213421 73.651489 24.947523
-43.52182 32.432369 21.710526
-44.834831 28.421364 19.79117
-42.156586 29.228083 24.475737
-2.708893 73.345406 11.788064
-0.221545 71.441963 6.620706
-45.739334 22.174076 20.895393
7.792187 73.339745 12.363694
2.476629 73.504585 11.606659
14.414251 73.549011 19.129248
13.166898 72.552498 13.606802
9.447024 74.597595 17.383596
-0.40341 74.862526 16.424404
18.491762 70.974136 15.166774
-21.855013 64.747581 8.315749
5.980781 71.181129 6.85291
-11.051888 71.218475 36.608173
-13.678316 68.135735 6.253029
-13.034098 70.608559 12.00869
-10.799904 22.591507 38.561249
-14.60647 19.696495 37.241673
-3.650264 70.270638 4.416533
-5.022325 68.716278 2.109881
-8.068441 67.930779 1.941364
-25.826893 17.267683 62.641754
40.550159 -8.914262 0.104868
10.847222 69.009048 4.273004
2.926716 69.49305 3.003686
7.557615 68.75486 2.570693
5.42507 67.699806 0.102275
-1.444278 69.323502 2.56197
-11.209761 24.542021 92.734154
-7.233287 23.829378 96.048119
-40.984604 40.891399 9.182799
-41.624397 37.467278 5.319246
-1.832263 -10.457911 85.173431
-40.507946 -11.676917 5.030915
-41.822083 -7.094548 3.074956
-20.363008 4.72025 38.186672
-23.687643 4.652173 34.692783
-35.570221 49.835049 20.828512
-21.062672 9.958639 35.687584
-12.760047 24.210485 35.670094
-45.648304 13.439419 2.569475
-46.623104 9.91573 4.436038
-10.923358 28.461826 89.532204
-39.896408 40.703461 4.540011
-40.191841 37.972012 2.325867
-18.132654 25.203966 81.295792
-21.34164 23.113451 53.2355
-19.00779 21.077124 48.264755
-4.894204 36.426674 78.547142
-17.968338 28.046009 76.097504
-25.054659 42.236122 31.033602
-21.131935 25.410616 70.193268
-16.566786 31.199003 70.93721
-22.540155 24.624517 58.402645
-19.789154 28.96571 60.150822
-26.623886 11.909269 63.468006
-26.68861 13.787093 58.996765
-27.173973 9.423283 60.069866
-19.063238 27.890905 55.208035
-16.807583 31.366816 57.291759
-14.60897 30.771553 53.305325
-24.788502 19.183508 57.161186
-19.811258 -0.218032 40.582302
-19.83996 4.682069 42.504841
-12.854546 34.014675 57.252705
-16.822989 26.180077 50.326923
-6.360947 30.42235 47.645927
-11.675933 28.733887 48.595291
-0.972722 30.612057 46.45208
-4.377499 27.538687 43.149036
-33.494663 -10.956939 27.995918
-29.267042 -7.410237 31.479918
-7.862061 25.676991 37.429466
-3.540862 26.573803 39.567696
-3.883197 28.71311 36.83403
-5.344597 -6.02083 85.728439
-22.108877 -29.61672 26.716539
-14.159887 67.205872 37.534534
-1.158123 72.183884 43.150494
-6.251435 71.986229 40.216866
-4.636989 68.682243 43.777111
-11.736797 63.604042 40.256153
-9.672089 68.031929 40.932159
-11.680771 -17.908266 39.603493
-16.492275 -14.897162 38.259808
-15.309929 -20.586355 36.502853
-13.50668 -13.058706 42.384945
-15.855932 62.632729 37.258911
-19.661697 61.348412 34.079494
-27.20891 57.977959 3.682962
-27.210552 50.324722 30.143755
-30.326786 52.679325 27.232656
-23.198317 58.877434 31.294395
-10.179645 -38.775623 0.104868
-13.802638 -37.527763 0.104868
-26.800568 55.647842 29.095015
-26.054995 60.825962 26.76935
-27.950108 61.426479 21.208202
-25.524601 64.480209 17.493517
-33.960335 53.849117 17.018272
-11.783853 72.510674 17.82847
-22.43132 67.267296 19.408871
-41.494473 40.149124 16.14233
-2.804381 53.727516 37.190601
2.206347 50.818447 35.531845
-28.632082 60.945816 15.170177
-10.024714 29.765293 34.965984
-44.048355 34.251709 17.073542
-38.203747 44.927982 6.304978
-14.786552 64.554688 0.104868
-21.00131 63.054268 3.650011
-10.20261 36.070007 33.954697
-19.259886 65.264328 5.757782
25.15062 59.025127 0.104868
-22.389296 16.458248 76.689919
-35.377377 48.653248 4.444072
-16.668989 65.813126 4.166087
-30.963005 52.980564 2.066723
-37.971008 42.803986 2.497697
-12.901997 47.837357 34.102108
-7.149186 45.460064 34.09119
-7.666742 51.053364 35.584927
-33.006546 50.524845 2.267139
-16.333815 -15.624839 73.070267
-14.564705 -15.498445 76.785042
-15.65002 -11.871464 76.010452
-18.497593 64.134155 2.740837
-34.533375 48.080837 1.801606
43.237225 25.082901 0.104868
42.504787 28.517832 0.104868
-36.30542 45.767998 2.455218
-11.258167 65.836693 0.104868
-29.18277 54.632568 1.400939
-27.905495 56.152306 1.645888
43.062878 -1.131074 0.104868
-19.574001 62.03014 0.096902
-29.274803 -26.162952 0.111122
-31.187113 -24.975777 1.536631
-31.782816 -23.115473 0.107582
-27.718069 55.271885 0.104868
-29.632143 -27.276995 2.300509
-27.361494 -28.229481 0.104868
-14.009984 -25.764452 35.011349
-20.48694 9.109667 44.577984
-10.531378 19.595993 94.840446
-5.933351 19.4223 97.802345
-45.131767 13.227969 23.260181
-43.328617 8.050663 24.819904
-40.309105 12.76335 27.160433
-46.703098 8.807797 20.396381
-15.721179 5.506139 86.926376
-14.067419 0.024746 84.1101
-14.726702 -4.209236 80.231613
-17.892136 -0.433439 78.874512
-21.021976 22.414555 76.357544
-23.391378 18.965048 71.624023
-20.652185 16.263521 47.060699
-21.779774 4.699874 47.218124
-22.12203 -0.128784 50.484337
-20.886978 -0.662013 73.783089
-25.278919 15.222438 67.437927
14.303807 30.268194 34.975945
-24.998322 2.578423 66.51535
-19.379086 -37.316471 16.980227
-23.933899 -33.948917 16.97456
29.130676 23.179722 32.04752
-18.320704 -23.586988 33.844398
-24.253571 -0.345672 56.135811
-25.290377 10.600387 52.106834
-17.426758 -9.488883 40.585648
-20.20859 -5.360532 38.581161
-20.608194 -11.121617 36.594765
-23.154499 9.333431 48.649704
-18.572062 -4.681462 43.046097
-20.062561 -0.072118 45.268898
-21.453169 12.394068 46.560062
-42.368427 33.827271 3.704126
-47.979134 9.776517 9.178342
-28.664448 4.904879 32.148193
-24.92812 -12.860408 33.242886
-20.561178 -17.828014 34.621449
-25.764004 10.003128 32.851093
-20.093224 56.776875 33.989212
-22.607241 52.654819 32.166431
-31.694946 -0.254118 30.90258
-43.4687 17.987255 24.72641
-46.46888 17.451315 21.282604
-36.487648 -20.547445 16.098555
-33.628445 -23.736471 18.024986
-35.306435 -20.489288 19.743769
-42.001667 23.722689 25.123779
-24.471098 64.936111 23.213749
8.521505 30.447474 35.999077
-43.052933 -8.135918 7.815993
-44.450577 -3.673733 5.808926
-46.932896 -0.11234 13.72859
-47.840931 4.608871 11.414038
-48.258991 9.397341 14.944498
-47.668758 13.96233 18.528811
-41.706646 -5.777261 22.634401
-45.920856 -0.364455 18.790035
-34.476208 -23.992439 13.099486
-16.41357 28.01524 33.496075
-47.380512 4.281592 17.030516
-31.495119 -27.503328 15.235315
-11.069552 41.659424 33.574585
-40.701366 -13.398668 10.600351
-46.593925 25.121601 9.38699
-45.338902 27.49478 6.26383
-45.142834 20.596279 2.947669
-45.670273 23.720842 5.050065
-44.641518 22.406849 2.272854
-46.544987 20.692366 6.46084
-45.581795 17.435726 3.15399
-38.980209 40.192982 1.872179
-12.530195 54.105465 36.267712
-17.317026 52.738316 34.395523
-43.920372 27.857069 2.829767
-42.959404 30.691277 2.45224
-44.543945 24.662518 2.737343
-8.721844 60.421474 40.682327
-12.457631 59.077709 38.558361
-43.188065 -2.658408 2.300397
-43.745144 0.315734 1.648319
18.027073 -36.424122 0.104868
15.744519 -38.46439 2.192464
14.847948 -37.873798 0.104868
-25.334993 57.593815 0.104868
-23.084051 59.471966 0.104868
-45.261211 9.912774 1.701022
-43.973267 7.662533 0.104868
-35.058949 45.862873 0.104868
-42.333431 28.517082 0.104868
-33.627075 -20.298534 0.104868
-33.202354 -22.347727 1.700441
-44.207291 12.109379 0.104868
-21.99791 60.343796 0.104868
0.967584 67.986931 0.104868
-4.480909 10.751942 96.780685
-8.668303 -1.606587 87.192154
-21.002665 -5.498789 53.895229
-16.952417 -9.415033 51.162548
-17.551151 -6.18996 75.608154
-18.554893 -10.929369 71.42907
-20.885248 -9.568723 66.249527
-18.066626 -15.134345 68.00396
-22.366762 -6.478173 60.377193
-3.264489 59.534378 41.055382
-7.984246 56.25502 38.355511
-6.939323 64.212227 42.643402
-19.187725 -4.737736 48.228775
-16.124659 -8.835221 45.511261
-20.0823 -35.680534 3.244741
22.911097 51.129536 33.425968
-16.537943 57.807507 36.126759
-21.99522 -22.311653 32.22477
-24.520658 -24.05246 29.300467
-27.44895 -25.667988 25.030024
-36.565399 -13.149362 24.146122
-32.17268 -21.759127 22.986317
-35.650871 -17.56624 22.166794
-25.68622 -30.373659 21.477591
-38.560669 -14.684071 19.885477
-29.617247 27.70509 30.185715
-37.267395 -18.078537 18.75882
-30.038042 -26.818462 20.136837
-40.113968 -10.314664 21.400616
-38.939014 -16.468271 15.507923
-41.195644 -11.919406 16.535036
-28.054873 -30.626034 16.584949
15.627795 35.641197 33.718571
20.790833 36.852314 32.740791
16.83555 40.570053 32.959023
14.420424 -19.95853 70.061241
-37.453362 -19.349337 11.35642
-37.8615 -17.115404 5.924288
0.734702 -41.626389 2.86903
-27.533401 -29.798311 3.09859
-24.720938 -32.320278 3.280707
-36.756996 -16.837269 2.17309
-35.072392 -20.771402 3.633262
-22.061752 -34.085125 2.592413
34.844986 8.001427 31.582567
-35.058949 -19.257786 1.481643
-25.275496 -30.255848 0.093515
37.696587 42.285698 0.151272
39.088654 41.388332 1.323537
38.985161 39.411121 0.104868
-3.449652 67.713356 0.104868
41.741726 31.455935 0.104868
40.806561 34.472576 0.104868
-31.29014 10.072278 30.900841
47.047337 14.160758 3.7966
-3.208327 15.591206 98.445259
-20.263212 32.816509 32.147652
-8.094432 14.704556 96.328537
-28.956991 15.062277 31.194061
-34.794106 14.326267 29.515314
-35.968773 10.034035 29.360035
34.783916 19.98789 30.777599
-33.135506 19.278877 29.726912
-23.789555 46.614891 31.5145
34.170036 25.805485 30.635824
-26.822752 21.330374 31.303663
-38.67173 18.484953 27.765423
-32.41264 23.711443 29.722679
-36.989193 23.140657 28.286663
-22.957045 27.294529 31.853415
33.664433 31.346281 30.574823
1.621208 31.240492 36.254166
4.861145 35.708324 34.901615
10.411005 35.190014 34.553421
32.635616 36.755569 30.635912
2.665708 40.994202 34.101345
7.423867 39.881596 34.021164
26.639034 38.678726 31.796381
1.910629 45.927898 34.080952
5.468334 43.725082 33.780476
-2.15586 43.137222 34.045197
12.192391 39.900978 33.599888
-29.260954 53.486637 0.104868
-30.858517 51.446686 0.104868
-20.760647 42.223228 31.979868
-23.299355 37.840221 31.35614
9.324639 43.92527 33.591301
-15.881203 42.42231 32.906803
31.368523 42.693249 30.719477
11.031182 48.053818 33.991455
13.72693 44.164391 33.184158
25.741312 45.946564 32.158089
6.287617 47.586407 34.200779
15.650907 47.907127 33.462456
-2.641324 48.512619 34.742271
-18.847183 47.331928 32.840294
-5.810519 -39.816555 0.104868
44.599857 14.020172 0.06899
-4.243051 -15.371317 85.186195
-9.184669 -17.022322 82.429359
6.709212 -15.575365 83.634926
11.016437 -16.936964 79.906868
-12.666582 -17.106581 78.959656
3.37004 -40.431034 0.106883
12.535717 -39.58437 2.124323
-0.554571 -40.413948 0.118134
-37.078728 -14.22423 0.104868
6.604399 -40.053654 0.104868
-42.122932 -1.603061 0.104868
-43.160156 2.314038 0.104868
-41.230801 -4.210425 0.113246
-39.530506 -8.874963 0.104868
9.985823 66.969658 0.101443
44.565414 10.67065 0.122166
43.992844 20.456614 0.104868
-37.49036 41.38295 0.104868
35.673931 -19.247492 0.104868
9.440541 -39.491142 0.104868
44.388378 16.472944 0.104868
43.496063 0.602103 0.104868
35.875294 45.555855 0.104868
44.109802 19.553339 0.104868
-21.920341 -32.924988 0.104868
44.036182 3.752955 0.104868
-43.707325 5.363661 0.105875
-43.360161 23.862692 0.104868
-16.195204 -36.447056 0.104868
-44.1544 16.358252 0.104868
-36.393311 43.644501 0.104868
37.551003 -15.758936 0.104868
21.172733 -34.620895 0.104868
23.836008 -32.81945 0.104868
40.292973 35.835464 0.104868
-6.779069 67.067566 0.104868
-18.053642 -35.447876 0.104868
-19.729803 -34.389072 0.104868
-43.589897 22.126619 0.104868
-36.223331 -15.835271 0.104868
31.647289 -25.094242 0.104868
33.401184 -22.684023 0.104868
30.484522 53.465748 0.104868
-43.967548 18.257515 0.104868
-43.72628 20.910133 0.104868
-15.893662 64.093559 0.104868
17.349344 64.124786 0.090425
23.956232 60.714619 1.053995
20.015205 62.648506 0.104868
-41.066513 35.742554 2.261519
-39.785839 35.933407 0.104868
-38.799057 38.327381 0.104868
-41.338799 31.748697 0.104868
23.102049 60.56937 0.104868
-40.528946 33.93367 0.104868
-32.784641 49.095718 0.104868
35.152576 46.705208 0.104868
33.169662 49.565437 0.104868
