0.23 5.25 0 0 0 1
5.68 5.25 0 0 0 1
5.68 10.55 0 0 0 1
7.58 10.55 0 0 0 1
7.58 6.80 0 0 0 1
5.73 6.80 0 0 0 1
5.73 10.50 0 0 0 1
7.53 10.50 0 0 0 1
7.53 6.85 0 0 0 1
5.78 6.85 0 0 0 1
5.78 10.45 0 0 0 1
7.48 10.45 0 0 0 1
7.48 6.90 0 0 0 1
5.83 6.90 0 0 0 1
5.83 10.40 0 0 0 1
7.43 10.40 0 0 0 1
7.43 6.95 0 0 0 1
5.88 6.95 0 0 0 1
5.88 10.35 0 0 0 1
7.38 10.35 0 0 0 1
7.38 7.00 0 0 0 1
5.93 7.00 0 0 0 1
5.93 10.30 0 0 0 1
7.33 10.30 0 0 0 1
7.33 7.05 0 0 0 1
5.98 7.05 0 0 0 1
5.98 10.25 0 0 0 1
7.28 10.25 0 0 0 1
7.28 7.10 0 0 0 1
6.03 7.10 0 0 0 1
6.03 10.20 0 0 0 1
7.23 10.20 0 0 0 1
7.23 7.15 0 0 0 1
6.08 7.15 0 0 0 1
6.08 10.15 0 0 0 1
7.18 10.15 0 0 0 1
7.18 7.20 0 0 0 1
6.13 7.20 0 0 0 1
6.13 10.10 0 0 0 1
7.13 10.10 0 0 0 1
7.13 7.25 0 0 0 1
6.18 7.25 0 0 0 1
6.18 10.05 0 0 0 1
7.08 10.05 0 0 0 1
7.08 7.30 0 0 0 1
6.23 7.30 0 0 0 1
6.23 10.00 0 0 0 1
7.03 10.00 0 0 0 1
7.03 7.35 0 0 0 1
6.28 7.35 0 0 0 1
6.28 9.95 0 0 0 1
6.98 9.95 0 0 0 1
6.98 7.40 0 0 0 1
6.33 7.40 0 0 0 1
6.33 9.90 0 0 0 1
6.93 9.90 0 0 0 1
6.93 7.45 0 0 0 1
6.38 7.45 0 0 0 1
6.38 9.85 0 0 0 1
6.88 9.85 0 0 0 1
6.88 7.50 0 0 0 1
6.43 7.50 0 0 0 1
6.43 9.80 0 0 0 1
6.83 9.80 0 0 0 1
6.83 7.55 0 0 0 1
6.48 7.55 0 0 0 1
6.48 9.75 0 0 0 1
6.78 9.75 0 0 0 1
6.78 7.60 0 0 0 1
6.53 7.60 0 0 0 1
6.53 9.70 0 0 0 1
6.73 9.70 0 0 0 1
6.73 7.65 0 0 0 1
6.58 7.65 0 0 0 1
6.58 9.65 0 0 0 1
6.68 9.65 0 0 0 1
6.68 7.70 0 0 0 1
6.63 7.70 0 0 0 1
6.63 9.60 0 0 0 1
1.73 0.00 0 0 0 1
4.48 0.00 0 0 0 1
4.48 5.20 0 0 0 1
0.28 5.20 0 0 0 1
0.28 5.15 0 0 0 1
4.43 5.15 0 0 0 1
4.43 0.05 0 0 0 1
1.73 0.05 0 0 0 1
1.73 5.10 0 0 0 1
4.38 5.10 0 0 0 1
4.38 0.10 0 0 0 1
1.78 0.10 0 0 0 1
1.78 5.05 0 0 0 1
4.33 5.05 0 0 0 1
4.33 0.15 0 0 0 1
1.83 0.15 0 0 0 1
1.83 5.00 0 0 0 1
4.28 5.00 0 0 0 1
4.28 0.20 0 0 0 1
1.88 0.20 0 0 0 1
1.88 4.95 0 0 0 1
4.23 4.95 0 0 0 1
4.23 0.25 0 0 0 1
1.93 0.25 0 0 0 1
1.93 4.90 0 0 0 1
4.18 4.90 0 0 0 1
4.18 0.30 0 0 0 1
1.98 0.30 0 0 0 1
1.98 4.85 0 0 0 1
4.13 4.85 0 0 0 1
4.13 0.35 0 0 0 1
2.03 0.35 0 0 0 1
2.03 4.80 0 0 0 1
4.08 4.80 0 0 0 1
4.08 0.40 0 0 0 1
2.08 0.40 0 0 0 1
2.08 4.75 0 0 0 1
4.03 4.75 0 0 0 1
4.03 0.45 0 0 0 1
2.13 0.45 0 0 0 1
2.13 4.70 0 0 0 1
3.98 4.70 0 0 0 1
3.98 0.50 0 0 0 1
2.18 0.50 0 0 0 1
2.18 4.65 0 0 0 1
3.93 4.65 0 0 0 1
3.93 0.55 0 0 0 1
2.23 0.55 0 0 0 1
2.23 4.60 0 0 0 1
3.88 4.60 0 0 0 1
3.88 0.60 0 0 0 1
2.28 0.60 0 0 0 1
2.28 4.55 0 0 0 1
3.83 4.55 0 0 0 1
3.83 0.65 0 0 0 1
2.33 0.65 0 0 0 1
2.33 4.50 0 0 0 1
3.78 4.50 0 0 0 1
3.78 0.70 0 0 0 1
2.38 0.70 0 0 0 1
2.38 4.45 0 0 0 1
3.73 4.45 0 0 0 1
3.73 0.75 0 0 0 1
2.43 0.75 0 0 0 1
2.43 4.40 0 0 0 1
3.68 4.40 0 0 0 1
3.68 0.80 0 0 0 1
2.48 0.80 0 0 0 1
2.48 4.35 0 0 0 1
3.63 4.35 0 0 0 1
3.63 0.85 0 0 0 1
2.53 0.85 0 0 0 1
2.53 4.30 0 0 0 1
3.58 4.30 0 0 0 1
3.58 0.90 0 0 0 1
2.58 0.90 0 0 0 1
2.58 4.25 0 0 0 1
3.53 4.25 0 0 0 1
3.53 0.95 0 0 0 1
2.63 0.95 0 0 0 1
2.63 4.20 0 0 0 1
3.48 4.20 0 0 0 1
3.48 1.00 0 0 0 1
2.68 1.00 0 0 0 1
2.68 4.15 0 0 0 1
3.43 4.15 0 0 0 1
3.43 1.05 0 0 0 1
2.73 1.05 0 0 0 1
2.73 4.10 0 0 0 1
3.38 4.10 0 0 0 1
3.38 1.10 0 0 0 1
2.78 1.10 0 0 0 1
2.78 4.05 0 0 0 1
3.33 4.05 0 0 0 1
3.33 1.15 0 0 0 1
2.83 1.15 0 0 0 1
2.83 4.00 0 0 0 1
3.28 4.00 0 0 0 1
3.28 1.20 0 0 0 1
2.88 1.20 0 0 0 1
2.88 3.95 0 0 0 1
3.23 3.95 0 0 0 1
3.23 1.25 0 0 0 1
2.93 1.25 0 0 0 1
2.93 3.90 0 0 0 1
3.18 3.90 0 0 0 1
3.18 1.30 0 0 0 1
2.98 1.30 0 0 0 1
2.98 3.85 0 0 0 1
3.13 3.85 0 0 0 1
3.13 1.35 0 0 0 1
3.03 1.35 0 0 0 1
3.03 3.80 0 0 0 1
3.08 3.80 0 0 0 1
3.08 1.40 0 0 0 1
8.38 9.90 0 0 0 1
7.63 9.90 0 0 0 1
7.63 6.80 0 0 0 1
7.68 6.80 0 0 0 1
7.68 9.85 0 0 0 1
8.38 9.85 0 0 0 1
8.38 7.25 0 0 0 1
7.73 7.25 0 0 0 1
7.73 6.85 0 0 0 1
8.03 6.85 0 0 0 1
8.03 7.20 0 0 0 1
8.33 7.20 0 0 0 1
1.68 0.20 0 0 0 1
1.68 5.10 0 0 0 1
0.33 5.10 0 0 0 1
8.33 9.95 0 0 0 1
7.63 9.95 0 0 0 1
7.63 10.50 0 0 0 1
7.68 10.50 0 0 0 1
7.68 10.00 0 0 0 1
8.28 10.00 0 0 0 1
1.63 0.90 0 0 0 1
1.63 5.05 0 0 0 1
0.38 5.05 0 0 0 1
8.23 10.05 0 0 0 1
7.73 10.05 0 0 0 1
7.73 10.45 0 0 0 1
1.58 1.45 0 0 0 1
1.58 5.00 0 0 0 1
0.43 5.00 0 0 0 1
0.43 4.95 0 0 0 1
1.53 4.95 0 0 0 1
1.53 1.90 0 0 0 1
8.18 10.10 0 0 0 1
7.78 10.10 0 0 0 1
7.78 10.40 0 0 0 1
7.83 10.40 0 0 0 1
7.83 10.15 0 0 0 1
8.13 10.15 0 0 0 1
1.48 2.25 0 0 0 1
1.48 4.90 0 0 0 1
0.48 4.90 0 0 0 1
8.08 10.20 0 0 0 1
7.88 10.20 0 0 0 1
7.88 10.35 0 0 0 1
1.43 2.60 0 0 0 1
1.43 4.85 0 0 0 1
0.53 4.85 0 0 0 1
8.03 10.25 0 0 0 1
7.93 10.25 0 0 0 1
7.93 10.30 0 0 0 1
1.38 2.80 0 0 0 1
1.38 4.80 0 0 0 1
0.58 4.80 0 0 0 1
0.58 4.75 0 0 0 1
1.33 4.75 0 0 0 1
1.33 3.00 0 0 0 1
8.58 9.65 0 0 0 1
8.58 7.50 0 0 0 1
8.43 7.50 0 0 0 1
8.43 7.30 0 0 0 1
1.28 3.20 0 0 0 1
1.28 4.70 0 0 0 1
0.63 4.70 0 0 0 1
8.53 9.70 0 0 0 1
8.43 9.70 0 0 0 1
8.43 7.55 0 0 0 1
8.53 7.55 0 0 0 1
8.53 9.65 0 0 0 1
8.48 9.65 0 0 0 1
8.48 7.60 0 0 0 1
4.53 0.05 0 0 0 1
4.53 5.20 0 0 0 1
5.63 5.20 0 0 0 1
5.63 5.15 0 0 0 1
4.58 5.15 0 0 0 1
4.58 0.05 0 0 0 1
4.63 0.05 0 0 0 1
4.63 5.10 0 0 0 1
5.58 5.10 0 0 0 1
5.58 5.05 0 0 0 1
4.68 5.05 0 0 0 1
4.68 0.60 0 0 0 1
8.48 9.75 0 0 0 1
8.43 9.75 0 0 0 1
8.43 9.80 0 0 0 1
1.23 3.40 0 0 0 1
1.23 4.65 0 0 0 1
0.68 4.65 0 0 0 1
0.68 4.60 0 0 0 1
1.18 4.60 0 0 0 1
1.18 3.55 0 0 0 1
8.63 9.50 0 0 0 1
8.63 7.60 0 0 0 1
1.13 3.70 0 0 0 1
1.13 4.55 0 0 0 1
0.73 4.55 0 0 0 1
8.33 9.80 0 0 0 1
8.33 7.30 0 0 0 1
7.73 7.30 0 0 0 1
7.73 9.80 0 0 0 1
8.28 9.80 0 0 0 1
8.28 7.35 0 0 0 1
7.78 7.35 0 0 0 1
7.78 9.75 0 0 0 1
8.23 9.75 0 0 0 1
8.23 7.40 0 0 0 1
7.83 7.40 0 0 0 1
7.83 9.70 0 0 0 1
8.18 9.70 0 0 0 1
8.18 7.45 0 0 0 1
7.88 7.45 0 0 0 1
7.88 9.65 0 0 0 1
8.13 9.65 0 0 0 1
8.13 7.50 0 0 0 1
7.93 7.50 0 0 0 1
7.93 9.60 0 0 0 1
8.08 9.60 0 0 0 1
8.08 7.55 0 0 0 1
7.98 7.55 0 0 0 1
7.98 9.55 0 0 0 1
8.03 9.55 0 0 0 1
8.03 7.60 0 0 0 1
1.08 3.85 0 0 0 1
1.08 4.50 0 0 0 1
0.78 4.50 0 0 0 1
8.68 9.40 0 0 0 1
8.68 7.75 0 0 0 1
1.03 3.95 0 0 0 1
1.03 4.45 0 0 0 1
0.83 4.45 0 0 0 1
0.83 4.40 0 0 0 1
0.98 4.40 0 0 0 1
0.98 4.10 0 0 0 1
7.48 10.60 0 0 0 1
5.78 10.60 0 0 0 1
0.93 4.20 0 0 0 1
0.93 4.35 0 0 0 1
0.88 4.35 0 0 0 1
8.73 9.30 0 0 0 1
8.73 7.90 0 0 0 1
0.23 5.30 0 0 0 1
0.23 6.40 0 0 0 1
5.63 6.40 0 0 0 1
5.63 5.30 0 0 0 1
0.28 5.30 0 0 0 1
0.28 6.35 0 0 0 1
5.58 6.35 0 0 0 1
5.58 5.35 0 0 0 1
0.33 5.35 0 0 0 1
0.33 6.30 0 0 0 1
5.53 6.30 0 0 0 1
5.53 5.40 0 0 0 1
0.38 5.40 0 0 0 1
0.38 6.25 0 0 0 1
5.48 6.25 0 0 0 1
5.48 5.45 0 0 0 1
0.43 5.45 0 0 0 1
0.43 6.20 0 0 0 1
5.43 6.20 0 0 0 1
5.43 5.50 0 0 0 1
0.48 5.50 0 0 0 1
0.48 6.15 0 0 0 1
5.38 6.15 0 0 0 1
5.38 5.55 0 0 0 1
0.53 5.55 0 0 0 1
0.53 6.10 0 0 0 1
5.33 6.10 0 0 0 1
5.33 5.60 0 0 0 1
0.58 5.60 0 0 0 1
0.58 6.05 0 0 0 1
5.28 6.05 0 0 0 1
5.28 5.65 0 0 0 1
0.63 5.65 0 0 0 1
0.63 6.00 0 0 0 1
5.23 6.00 0 0 0 1
5.23 5.70 0 0 0 1
0.68 5.70 0 0 0 1
0.68 5.95 0 0 0 1
5.18 5.95 0 0 0 1
5.18 5.75 0 0 0 1
0.73 5.75 0 0 0 1
0.73 5.90 0 0 0 1
5.13 5.90 0 0 0 1
5.13 5.80 0 0 0 1
0.78 5.80 0 0 0 1
0.78 5.85 0 0 0 1
5.08 5.85 0 0 0 1
7.38 10.65 0 0 0 1
5.88 10.65 0 0 0 1
4.73 1.05 0 0 0 1
4.73 5.00 0 0 0 1
5.53 5.00 0 0 0 1
5.53 4.95 0 0 0 1
4.78 4.95 0 0 0 1
4.78 1.50 0 0 0 1
8.78 9.15 0 0 0 1
8.78 8.05 0 0 0 1
4.83 1.90 0 0 0 1
4.83 4.90 0 0 0 1
5.48 4.90 0 0 0 1
5.48 4.80 0 0 0 1
4.88 4.80 0 0 0 1
4.88 2.20 0 0 0 1
7.23 10.70 0 0 0 1
6.03 10.70 0 0 0 1
0.28 6.45 0 0 0 1
5.63 6.45 0 0 0 1
5.63 10.55 0 0 0 1
0.28 6.50 0 0 0 1
5.58 6.50 0 0 0 1
5.58 10.50 0 0 0 1
5.53 10.50 0 0 0 1
5.53 6.55 0 0 0 1
0.28 6.55 0 0 0 1
0.28 6.65 0 0 0 1
5.48 6.65 0 0 0 1
5.48 10.45 0 0 0 1
5.38 10.45 0 0 0 1
5.38 6.70 0 0 0 1
0.33 6.70 0 0 0 1
0.33 6.90 0 0 0 1
5.33 6.90 0 0 0 1
5.33 6.75 0 0 0 1
0.38 6.75 0 0 0 1
0.38 6.85 0 0 0 1
5.28 6.85 0 0 0 1
5.28 6.80 0 0 0 1
0.43 6.80 0 0 0 1
7.03 10.75 0 0 0 1
6.13 10.75 0 0 0 1
0.33 6.60 0 0 0 1
5.48 6.60 0 0 0 1
1.13 8.75 0 0 0 1
1.13 6.95 0 0 0 1
5.33 6.95 0 0 0 1
5.33 10.40 0 0 0 1
5.28 10.40 0 0 0 1
5.28 7.00 0 0 0 1
1.18 7.00 0 0 0 1
1.18 8.75 0 0 0 1
1.48 8.75 0 0 0 1
1.48 7.05 0 0 0 1
1.23 7.05 0 0 0 1
1.23 8.70 0 0 0 1
1.43 8.70 0 0 0 1
1.43 7.10 0 0 0 1
1.28 7.10 0 0 0 1
1.28 8.65 0 0 0 1
1.38 8.65 0 0 0 1
1.38 7.15 0 0 0 1
1.33 7.15 0 0 0 1
1.33 8.60 0 0 0 1
8.83 8.80 0 0 0 1
8.83 8.20 0 0 0 1
0.38 6.95 0 0 0 1
1.08 6.95 0 0 0 1
1.08 8.70 0 0 0 1
4.93 2.55 0 0 0 1
4.93 4.75 0 0 0 1
5.43 4.75 0 0 0 1
5.43 4.70 0 0 0 1
4.98 4.70 0 0 0 1
4.98 2.80 0 0 0 1
1.03 8.65 0 0 0 1
1.03 7.00 0 0 0 1
0.38 7.00 0 0 0 1
0.38 7.15 0 0 0 1
0.98 7.15 0 0 0 1
0.98 7.05 0 0 0 1
0.43 7.05 0 0 0 1
0.43 7.10 0 0 0 1
0.93 7.10 0 0 0 1
8.88 8.45 0 0 0 1
8.88 8.40 0 0 0 1
0.98 8.60 0 0 0 1
0.98 7.20 0 0 0 1
0.43 7.20 0 0 0 1
0.43 7.35 0 0 0 1
0.93 7.35 0 0 0 1
0.93 8.55 0 0 0 1
5.03 3.10 0 0 0 1
5.03 4.65 0 0 0 1
5.38 4.65 0 0 0 1
5.38 4.55 0 0 0 1
5.08 4.55 0 0 0 1
5.08 3.40 0 0 0 1
0.88 8.45 0 0 0 1
0.88 7.40 0 0 0 1
0.48 7.40 0 0 0 1
0.48 7.50 0 0 0 1
0.83 7.50 0 0 0 1
0.83 8.35 0 0 0 1
5.13 3.65 0 0 0 1
5.13 4.50 0 0 0 1
5.33 4.50 0 0 0 1
5.33 4.40 0 0 0 1
5.18 4.40 0 0 0 1
5.18 3.85 0 0 0 1
0.78 8.25 0 0 0 1
0.78 7.55 0 0 0 1
0.53 7.55 0 0 0 1
0.53 7.65 0 0 0 1
0.73 7.65 0 0 0 1
0.73 8.15 0 0 0 1
8.28 7.10 0 0 0 1
8.08 7.10 0 0 0 1
8.08 6.90 0 0 0 1
0.68 8.05 0 0 0 1
0.68 7.70 0 0 0 1
0.58 7.70 0 0 0 1
0.58 7.75 0 0 0 1
0.63 7.75 0 0 0 1
0.63 7.90 0 0 0 1
8.23 7.05 0 0 0 1
8.13 7.05 0 0 0 1
8.13 6.95 0 0 0 1
1.53 8.70 0 0 0 1
1.53 7.05 0 0 0 1
5.23 7.05 0 0 0 1
5.23 10.35 0 0 0 1
0.48 7.25 0 0 0 1
0.93 7.25 0 0 0 1
0.93 7.30 0 0 0 1
0.48 7.30 0 0 0 1
8.53 7.45 0 0 0 1
8.48 7.45 0 0 0 1
8.48 7.35 0 0 0 1
1.58 8.65 0 0 0 1
1.58 7.10 0 0 0 1
5.18 7.10 0 0 0 1
5.18 10.30 0 0 0 1
0.53 7.45 0 0 0 1
0.83 7.45 0 0 0 1
0.58 7.60 0 0 0 1
0.73 7.60 0 0 0 1
5.23 4.05 0 0 0 1
5.23 4.35 0 0 0 1
5.28 4.35 0 0 0 1
5.28 4.25 0 0 0 1
1.63 8.60 0 0 0 1
1.63 7.15 0 0 0 1
5.13 7.15 0 0 0 1
5.13 10.25 0 0 0 1
1.68 8.55 0 0 0 1
1.68 7.20 0 0 0 1
5.08 7.20 0 0 0 1
5.08 10.20 0 0 0 1
1.73 8.45 0 0 0 1
1.73 7.25 0 0 0 1
5.03 7.25 0 0 0 1
5.03 10.15 0 0 0 1
1.78 8.40 0 0 0 1
1.78 7.30 0 0 0 1
4.98 7.30 0 0 0 1
4.98 10.10 0 0 0 1
1.83 8.30 0 0 0 1
1.83 7.35 0 0 0 1
4.93 7.35 0 0 0 1
4.93 10.05 0 0 0 1
1.88 8.25 0 0 0 1
1.88 7.40 0 0 0 1
4.88 7.40 0 0 0 1
4.88 10.00 0 0 0 1
8.28 7.15 0 0 0 1
8.08 7.15 0 0 0 1
1.93 8.15 0 0 0 1
1.93 7.45 0 0 0 1
4.83 7.45 0 0 0 1
4.83 9.95 0 0 0 1
7.98 6.90 0 0 0 1
7.78 6.90 0 0 0 1
7.78 7.20 0 0 0 1
7.98 7.20 0 0 0 1
7.98 6.95 0 0 0 1
7.83 6.95 0 0 0 1
7.83 7.15 0 0 0 1
7.93 7.15 0 0 0 1
7.93 7.00 0 0 0 1
7.88 7.00 0 0 0 1
7.88 7.10 0 0 0 1
1.98 8.10 0 0 0 1
1.98 7.50 0 0 0 1
4.78 7.50 0 0 0 1
4.78 9.90 0 0 0 1
5.28 4.45 0 0 0 1
5.18 4.45 0 0 0 1
2.03 8.05 0 0 0 1
2.03 7.55 0 0 0 1
4.73 7.55 0 0 0 1
4.73 9.85 0 0 0 1
5.33 4.60 0 0 0 1
5.08 4.60 0 0 0 1
2.08 7.95 0 0 0 1
2.08 7.60 0 0 0 1
2.63 7.60 0 0 0 1
5.43 10.40 0 0 0 1
5.43 6.70 0 0 0 1
2.13 7.90 0 0 0 1
2.13 7.65 0 0 0 1
2.53 7.65 0 0 0 1
7.33 6.75 0 0 0 1
5.73 6.75 0 0 0 1
5.73 5.35 0 0 0 1
2.18 7.85 0 0 0 1
2.18 7.70 0 0 0 1
2.48 7.70 0 0 0 1
5.43 4.85 0 0 0 1
4.88 4.85 0 0 0 1
2.23 7.85 0 0 0 1
2.23 7.75 0 0 0 1
2.38 7.75 0 0 0 1
7.23 6.70 0 0 0 1
5.78 6.70 0 0 0 1
5.78 5.40 0 0 0 1
7.08 6.65 0 0 0 1
5.83 6.65 0 0 0 1
5.83 5.50 0 0 0 1
4.68 9.80 0 0 0 1
4.68 7.60 0 0 0 1
2.73 7.60 0 0 0 1
6.93 6.60 0 0 0 1
5.88 6.60 0 0 0 1
5.88 5.60 0 0 0 1
4.63 9.75 0 0 0 1
4.63 7.65 0 0 0 1
2.93 7.65 0 0 0 1
6.83 6.55 0 0 0 1
5.93 6.55 0 0 0 1
5.93 5.65 0 0 0 1
4.58 9.65 0 0 0 1
4.58 7.70 0 0 0 1
3.18 7.70 0 0 0 1
6.73 6.50 0 0 0 1
5.98 6.50 0 0 0 1
5.98 5.75 0 0 0 1
4.53 9.60 0 0 0 1
4.53 9.40 0 0 0 1
6.68 6.45 0 0 0 1
6.03 6.45 0 0 0 1
6.03 5.85 0 0 0 1
3.33 7.80 0 0 0 1
4.53 7.80 0 0 0 1
4.53 8.95 0 0 0 1
6.63 6.40 0 0 0 1
6.08 6.40 0 0 0 1
6.08 5.90 0 0 0 1
3.28 7.75 0 0 0 1
4.53 7.75 0 0 0 1
6.53 6.35 0 0 0 1
6.13 6.35 0 0 0 1
6.13 5.95 0 0 0 1
3.43 7.85 0 0 0 1
4.48 7.85 0 0 0 1
4.48 8.75 0 0 0 1
6.48 6.30 0 0 0 1
6.18 6.30 0 0 0 1
6.18 6.00 0 0 0 1
3.58 7.95 0 0 0 1
4.43 7.95 0 0 0 1
4.43 8.55 0 0 0 1
6.43 6.25 0 0 0 1
6.23 6.25 0 0 0 1
6.23 6.05 0 0 0 1
3.53 7.90 0 0 0 1
4.43 7.90 0 0 0 1
6.38 6.20 0 0 0 1
6.28 6.20 0 0 0 1
6.28 6.10 0 0 0 1
3.68 8.00 0 0 0 1
4.38 8.00 0 0 0 1
4.38 8.50 0 0 0 1
3.78 8.05 0 0 0 1
4.33 8.05 0 0 0 1
4.33 8.45 0 0 0 1
3.88 8.10 0 0 0 1
4.28 8.10 0 0 0 1
4.28 8.40 0 0 0 1
3.93 8.15 0 0 0 1
4.23 8.15 0 0 0 1
4.23 8.35 0 0 0 1
4.03 8.20 0 0 0 1
4.18 8.20 0 0 0 1
4.18 8.30 0 0 0 1
4.08 8.25 0 0 0 1
4.13 8.25 0 0 0 1
