-12.11 	14.60 	0.01 	0.00 	0.00 	1.00 
-10.18 	15.13 	0.01 	0.00 	0.00 	1.00 
-8.25 	15.66 	0.01 	0.00 	0.00 	1.00 
-6.33 	16.20 	0.01 	0.00 	0.00 	1.00 
-4.40 	16.73 	0.00 	0.00 	0.00 	1.00 
-2.47 	17.26 	0.00 	0.00 	0.00 	1.00 
-1.27 	17.60 	0.00 	0.00 	0.00 	1.00 
0.69 	17.18 	0.02 	0.00 	0.00 	1.00 
2.64 	16.77 	0.03 	0.00 	0.00 	1.00 
4.60 	16.36 	0.04 	0.00 	0.00 	1.00 
6.56 	15.95 	0.06 	0.00 	0.00 	1.00 
8.52 	15.54 	0.07 	0.00 	0.00 	1.00 
10.47 	15.13 	0.08 	0.00 	0.00 	1.00 
12.42 	14.72 	0.10 	0.00 	0.00 	1.00 
13.68 	13.16 	0.08 	0.00 	0.00 	1.00 
14.94 	11.61 	0.06 	0.00 	0.00 	1.00 
16.20 	10.06 	0.05 	0.00 	0.00 	1.00 
17.47 	8.51 	0.03 	0.00 	0.00 	1.00 
19.17 	6.42 	0.01 	0.00 	0.00 	1.00 
19.42 	4.43 	0.01 	0.00 	0.00 	1.00 
19.67 	2.45 	0.01 	0.00 	0.00 	1.00 
19.92 	0.47 	0.01 	0.00 	0.00 	1.00 
20.17 	-1.52 	0.01 	0.00 	0.00 	1.00 
20.43 	-3.56 	0.01 	0.00 	0.00 	1.00 
19.94 	-5.49 	0.01 	0.00 	0.00 	1.00 
19.45 	-7.43 	0.00 	0.00 	0.00 	1.00 
18.96 	-9.37 	0.00 	0.00 	0.00 	1.00 
18.48 	-11.25 	0.00 	0.00 	0.00 	1.00 
16.84 	-12.39 	0.00 	0.00 	0.00 	1.00 
15.19 	-13.53 	0.00 	0.00 	0.00 	1.00 
13.55 	-14.67 	0.00 	0.00 	0.00 	1.00 
12.24 	-15.58 	0.00 	0.00 	0.00 	1.00 
10.59 	-16.72 	0.00 	0.00 	0.00 	1.00 
8.95 	-17.86 	0.00 	0.00 	0.00 	1.00 
7.31 	-19.00 	0.00 	0.00 	0.00 	1.00 
5.99 	-19.91 	0.00 	0.00 	0.00 	1.00 
3.99 	-19.97 	0.00 	0.00 	0.00 	1.00 
1.99 	-20.03 	0.00 	0.00 	0.00 	1.00 
0.00 	-20.09 	0.00 	0.00 	0.00 	1.00 
-2.00 	-20.15 	0.00 	0.00 	0.00 	1.00 
-4.63 	-20.22 	0.00 	0.00 	0.00 	1.00 
-6.46 	-19.42 	0.00 	0.00 	0.00 	1.00 
-8.29 	-18.62 	0.00 	0.00 	0.00 	1.00 
-10.12 	-17.81 	-0.01 	0.00 	0.00 	1.00 
-12.34 	-16.84 	-0.01 	0.00 	0.00 	1.00 
-13.68 	-15.35 	0.00 	0.00 	0.00 	1.00 
-15.01 	-13.86 	0.00 	0.00 	0.00 	1.00 
-16.35 	-12.37 	0.00 	0.00 	0.00 	1.00 
-17.25 	-11.36 	0.00 	0.00 	0.00 	1.00 
-18.14 	-9.57 	0.00 	0.00 	0.00 	1.00 
-19.04 	-7.78 	0.00 	0.00 	0.00 	1.00 
-19.93 	-5.99 	0.00 	0.00 	0.00 	1.00 
-20.83 	-4.21 	0.00 	0.00 	0.00 	1.00 
-21.52 	-2.83 	0.00 	0.00 	0.00 	1.00 
-21.73 	-0.84 	0.00 	0.00 	0.00 	1.00 
-21.93 	1.15 	0.00 	0.00 	0.00 	1.00 
-22.23 	3.94 	0.00 	0.00 	0.00 	1.00 
-21.09 	5.58 	0.00 	0.00 	0.00 	1.00 
-19.43 	7.98 	0.00 	0.00 	0.00 	1.00 
-19.89 	6.62 	1.39 	0.00 	0.00 	1.00 
-20.36 	5.25 	2.77 	0.00 	0.00 	1.00 
-20.82 	3.88 	4.15 	0.00 	0.00 	1.00 
-21.43 	2.06 	5.99 	0.00 	0.00 	1.00 
-21.46 	0.80 	4.44 	0.00 	0.00 	1.00 
-21.48 	-0.47 	2.89 	0.00 	0.00 	1.00 
-21.50 	-1.73 	1.34 	0.00 	0.00 	1.00 
-21.52 	-2.83 	0.00 	0.00 	0.00 	1.00 
-21.14 	-3.50 	1.85 	0.00 	0.00 	1.00 
-20.77 	-4.17 	3.69 	0.00 	0.00 	1.00 
-20.39 	-4.83 	5.54 	0.00 	0.00 	1.00 
-19.87 	-5.76 	8.10 	0.00 	0.00 	1.00 
-19.35 	-6.86 	6.51 	0.24 	-0.42 	0.87 
-18.84 	-7.96 	4.92 	0.24 	-0.42 	0.87 
-18.32 	-9.06 	3.33 	0.24 	-0.42 	0.87 
-17.81 	-10.16 	1.74 	0.24 	-0.42 	0.87 
-17.25 	-11.36 	0.00 	0.24 	-0.42 	0.87 
-16.76 	-11.66 	1.92 	0.24 	-0.42 	0.87 
-16.27 	-11.95 	3.83 	0.24 	-0.42 	0.87 
-15.77 	-12.25 	5.75 	0.24 	-0.42 	0.87 
-15.28 	-12.55 	7.66 	0.24 	-0.42 	0.87 
-14.86 	-12.80 	9.31 	0.24 	-0.42 	0.87 
-16.01 	-11.19 	9.03 	0.24 	-0.42 	0.87 
-17.16 	-9.57 	8.75 	0.24 	-0.42 	0.87 
-18.31 	-7.96 	8.48 	0.24 	-0.42 	0.87 
-19.87 	-5.76 	8.10 	0.24 	-0.42 	0.87 
-20.25 	-3.87 	7.59 	0.24 	-0.42 	0.87 
-20.63 	-1.97 	7.08 	0.24 	-0.42 	0.87 
-21.01 	-0.07 	6.57 	0.24 	-0.42 	0.87 
-21.43 	2.06 	5.99 	0.24 	-0.42 	0.87 
-21.43 	2.06 	6.99 	0.40 	-0.29 	0.87 
-21.43 	2.06 	6.19 	0.55 	-0.15 	0.82 
-21.43 	2.06 	5.49 	0.67 	0.00 	0.74 
-21.68 	2.66 	4.09 	0.67 	0.00 	0.74 
-21.93 	3.25 	2.20 	0.67 	0.00 	0.74 
-22.23 	3.94 	0.00 	0.67 	0.00 	0.74 
-21.43 	2.06 	5.99 	0.67 	0.00 	0.74 
-21.21 	3.50 	7.36 	0.67 	0.00 	0.74 
-20.99 	4.94 	8.73 	0.67 	0.00 	0.74 
-20.77 	6.38 	10.10 	0.67 	0.00 	0.74 
-20.55 	7.82 	11.47 	0.67 	0.00 	0.74 
-20.42 	8.62 	12.23 	0.67 	0.00 	0.74 
-20.26 	8.52 	10.24 	0.67 	0.00 	0.74 
-20.10 	8.41 	8.25 	0.67 	0.00 	0.74 
-19.94 	8.31 	6.26 	0.67 	0.00 	0.74 
-19.77 	8.21 	4.27 	0.67 	0.00 	0.74 
-19.61 	8.10 	2.28 	0.67 	0.00 	0.74 
-19.43 	7.98 	0.00 	0.67 	0.00 	0.74 
-17.94 	9.32 	0.01 	0.67 	0.00 	0.74 
-16.46 	10.66 	0.01 	0.67 	0.00 	0.74 
-14.98 	12.01 	0.01 	0.67 	0.00 	0.74 
-13.49 	13.35 	0.01 	0.67 	0.00 	0.74 
-12.11 	14.60 	0.01 	0.67 	0.00 	0.74 
-12.46 	14.68 	1.98 	0.67 	0.00 	0.74 
-12.82 	14.76 	3.94 	0.67 	0.00 	0.74 
-13.17 	14.85 	5.91 	0.67 	0.00 	0.74 
-13.53 	14.93 	7.88 	0.67 	0.00 	0.74 
-13.84 	15.01 	9.57 	0.67 	0.00 	0.74 
-14.69 	13.94 	8.11 	0.58 	-0.33 	0.74 
-15.54 	12.86 	6.65 	0.58 	-0.33 	0.74 
-16.39 	11.79 	5.19 	0.58 	-0.33 	0.74 
-17.25 	10.72 	3.73 	0.58 	-0.33 	0.74 
-18.10 	9.65 	2.28 	0.58 	-0.33 	0.74 
-18.95 	8.58 	0.82 	0.58 	-0.33 	0.74 
-19.43 	7.98 	0.00 	0.58 	-0.33 	0.74 
-21.43 	2.06 	5.99 	0.58 	-0.33 	0.74 
-21.53 	1.67 	7.95 	0.58 	-0.33 	0.74 
-21.63 	1.28 	9.91 	0.58 	-0.33 	0.74 
-21.72 	0.89 	11.86 	0.58 	-0.33 	0.74 
-21.82 	0.50 	13.82 	0.58 	-0.33 	0.74 
-21.90 	0.17 	15.49 	0.58 	-0.33 	0.74 
-21.48 	-1.06 	13.96 	0.58 	-0.33 	0.74 
-21.06 	-2.28 	12.44 	0.58 	-0.33 	0.74 
-20.64 	-3.51 	10.91 	0.58 	-0.33 	0.74 
-20.22 	-4.73 	9.39 	0.58 	-0.33 	0.74 
-19.87 	-5.76 	8.10 	0.58 	-0.33 	0.74 
-19.67 	-6.29 	10.02 	0.58 	-0.33 	0.74 
-19.47 	-6.81 	11.94 	0.58 	-0.33 	0.74 
-19.27 	-7.34 	13.86 	0.58 	-0.33 	0.74 
-19.08 	-7.87 	15.78 	0.58 	-0.33 	0.74 
-18.87 	-8.42 	17.81 	0.58 	-0.33 	0.74 
-18.09 	-9.27 	16.17 	0.58 	-0.33 	0.74 
-17.32 	-10.11 	14.53 	0.58 	-0.33 	0.74 
-16.55 	-10.96 	12.89 	0.58 	-0.33 	0.74 
-15.78 	-11.80 	11.25 	0.58 	-0.33 	0.74 
-14.86 	-12.80 	9.31 	0.58 	-0.33 	0.74 
-14.38 	-13.57 	7.53 	0.58 	-0.33 	0.74 
-13.90 	-14.35 	5.74 	0.58 	-0.33 	0.74 
-13.42 	-15.12 	3.96 	0.58 	-0.33 	0.74 
-12.94 	-15.89 	2.18 	0.58 	-0.33 	0.74 
-12.34 	-16.84 	-0.01 	0.58 	-0.33 	0.74 
-11.39 	-16.87 	1.75 	0.58 	-0.33 	0.74 
-10.44 	-16.91 	3.51 	0.58 	-0.33 	0.74 
-9.49 	-16.94 	5.27 	0.58 	-0.33 	0.74 
-8.54 	-16.98 	7.03 	0.58 	-0.33 	0.74 
-7.59 	-17.01 	8.79 	0.58 	-0.33 	0.74 
-6.87 	-17.04 	10.12 	0.58 	-0.33 	0.74 
-8.63 	-16.10 	9.94 	0.58 	-0.33 	0.74 
-10.39 	-15.17 	9.76 	0.58 	-0.33 	0.74 
-12.15 	-14.24 	9.58 	0.58 	-0.33 	0.74 
-13.91 	-13.30 	9.40 	0.58 	-0.33 	0.74 
-14.86 	-12.80 	9.31 	0.58 	-0.33 	0.74 
-14.27 	-13.19 	11.18 	0.58 	-0.33 	0.74 
-13.68 	-13.58 	13.05 	0.58 	-0.33 	0.74 
-13.09 	-13.96 	14.92 	0.58 	-0.33 	0.74 
-12.50 	-14.35 	16.79 	0.58 	-0.33 	0.74 
-11.91 	-14.74 	18.66 	0.58 	-0.33 	0.74 
-11.61 	-14.94 	19.62 	0.58 	-0.33 	0.74 
-10.73 	-15.33 	17.87 	0.58 	-0.33 	0.74 
-9.86 	-15.71 	16.11 	0.58 	-0.33 	0.74 
-8.98 	-16.10 	14.35 	0.58 	-0.33 	0.74 
-8.11 	-16.49 	12.60 	0.58 	-0.33 	0.74 
-6.87 	-17.04 	10.12 	0.58 	-0.33 	0.74 
-6.46 	-17.62 	8.26 	0.58 	-0.33 	0.74 
-6.05 	-18.21 	6.39 	0.58 	-0.33 	0.74 
-5.63 	-18.80 	4.52 	0.58 	-0.33 	0.74 
-5.22 	-19.39 	2.66 	0.58 	-0.33 	0.74 
-4.63 	-20.22 	0.00 	0.58 	-0.33 	0.74 
-3.41 	-19.87 	1.54 	0.58 	-0.33 	0.74 
-2.18 	-19.51 	3.08 	0.58 	-0.33 	0.74 
-0.96 	-19.16 	4.62 	0.58 	-0.33 	0.74 
0.26 	-18.80 	6.16 	0.58 	-0.33 	0.74 
1.49 	-18.44 	7.70 	0.58 	-0.33 	0.74 
3.22 	-17.94 	9.89 	0.58 	-0.33 	0.74 
1.23 	-17.76 	9.94 	0.58 	-0.33 	0.74 
-0.76 	-17.58 	9.98 	0.58 	-0.33 	0.74 
-2.75 	-17.40 	10.03 	0.58 	-0.33 	0.74 
-4.74 	-17.23 	10.07 	0.58 	-0.33 	0.74 
-6.87 	-17.04 	10.12 	0.58 	-0.33 	0.74 
-5.88 	-17.07 	11.86 	0.58 	-0.33 	0.74 
-4.90 	-17.11 	13.60 	0.58 	-0.33 	0.74 
-3.91 	-17.14 	15.34 	0.58 	-0.33 	0.74 
-2.92 	-17.18 	17.08 	0.58 	-0.33 	0.74 
-1.93 	-17.21 	18.81 	0.58 	-0.33 	0.74 
-0.94 	-17.25 	20.55 	0.58 	-0.33 	0.74 
-0.31 	-17.27 	21.65 	0.58 	-0.33 	0.74 
0.26 	-17.38 	19.74 	0.58 	-0.33 	0.74 
0.84 	-17.49 	17.83 	0.58 	-0.33 	0.74 
1.41 	-17.60 	15.92 	0.58 	-0.33 	0.74 
1.99 	-17.70 	14.00 	0.58 	-0.33 	0.74 
2.56 	-17.81 	12.09 	0.58 	-0.33 	0.74 
3.22 	-17.94 	9.89 	0.58 	-0.33 	0.74 
3.75 	-18.31 	8.00 	0.58 	-0.33 	0.74 
4.28 	-18.69 	6.11 	0.58 	-0.33 	0.74 
4.81 	-19.07 	4.22 	0.58 	-0.33 	0.74 
5.34 	-19.45 	2.32 	0.58 	-0.33 	0.74 
5.99 	-19.91 	0.00 	0.58 	-0.33 	0.74 
7.19 	-18.92 	1.26 	0.58 	-0.33 	0.74 
8.39 	-17.93 	2.53 	0.58 	-0.33 	0.74 
9.58 	-16.94 	3.79 	0.58 	-0.33 	0.74 
10.78 	-15.96 	5.05 	0.58 	-0.33 	0.74 
11.97 	-14.97 	6.31 	0.58 	-0.33 	0.74 
13.39 	-13.80 	7.81 	0.58 	-0.33 	0.74 
14.45 	-13.27 	6.19 	0.58 	-0.33 	0.74 
15.50 	-12.74 	4.57 	0.58 	-0.33 	0.74 
16.55 	-12.22 	2.96 	0.58 	-0.33 	0.74 
17.61 	-11.69 	1.34 	0.58 	-0.33 	0.74 
18.48 	-11.25 	0.00 	0.58 	-0.33 	0.74 
18.79 	-10.06 	1.58 	0.58 	-0.33 	0.74 
19.10 	-8.87 	3.15 	0.58 	-0.33 	0.74 
19.41 	-7.68 	4.73 	0.58 	-0.33 	0.74 
19.72 	-6.49 	6.31 	0.58 	-0.33 	0.74 
20.05 	-5.21 	7.99 	0.58 	-0.33 	0.74 
18.82 	-6.79 	7.96 	0.58 	-0.33 	0.74 
17.60 	-8.37 	7.92 	0.58 	-0.33 	0.74 
16.37 	-9.95 	7.89 	0.58 	-0.33 	0.74 
15.15 	-11.53 	7.86 	0.58 	-0.33 	0.74 
13.39 	-13.80 	7.81 	0.58 	-0.33 	0.74 
13.11 	-14.24 	5.88 	0.58 	-0.33 	0.74 
12.82 	-14.68 	3.95 	0.58 	-0.33 	0.74 
12.54 	-15.12 	2.02 	0.58 	-0.33 	0.74 
12.24 	-15.58 	0.00 	0.58 	-0.33 	0.74 
13.39 	-13.80 	7.81 	0.58 	-0.33 	0.74 
11.57 	-14.54 	8.18 	0.58 	-0.33 	0.74 
9.75 	-15.28 	8.55 	0.58 	-0.33 	0.74 
7.93 	-16.02 	8.92 	0.58 	-0.33 	0.74 
6.11 	-16.76 	9.30 	0.58 	-0.33 	0.74 
4.29 	-17.50 	9.67 	0.58 	-0.33 	0.74 
3.22 	-17.94 	9.89 	0.58 	-0.33 	0.74 
4.47 	-17.39 	11.36 	0.58 	-0.33 	0.74 
5.72 	-16.85 	12.82 	0.58 	-0.33 	0.74 
6.96 	-16.30 	14.29 	0.58 	-0.33 	0.74 
8.21 	-15.76 	15.75 	0.58 	-0.33 	0.74 
9.46 	-15.21 	17.22 	0.58 	-0.33 	0.74 
10.98 	-14.55 	19.01 	0.58 	-0.33 	0.74 
11.40 	-14.42 	17.06 	0.58 	-0.33 	0.74 
11.82 	-14.29 	15.11 	0.58 	-0.33 	0.74 
12.24 	-14.16 	13.15 	0.58 	-0.33 	0.74 
12.66 	-14.02 	11.20 	0.58 	-0.33 	0.74 
13.08 	-13.89 	9.25 	0.58 	-0.33 	0.74 
13.39 	-13.80 	7.81 	0.58 	-0.33 	0.74 
14.32 	-12.83 	9.29 	0.58 	-0.33 	0.74 
15.25 	-11.86 	10.77 	0.58 	-0.33 	0.74 
16.18 	-10.89 	12.26 	0.58 	-0.33 	0.74 
17.11 	-9.92 	13.74 	0.58 	-0.33 	0.74 
18.04 	-8.95 	15.22 	0.58 	-0.33 	0.74 
19.28 	-7.65 	17.21 	0.58 	-0.33 	0.74 
19.44 	-7.14 	15.28 	0.58 	-0.33 	0.74 
19.60 	-6.63 	13.36 	0.58 	-0.33 	0.74 
19.76 	-6.12 	11.43 	0.58 	-0.33 	0.74 
19.92 	-5.61 	9.50 	0.58 	-0.33 	0.74 
20.05 	-5.21 	7.99 	0.58 	-0.33 	0.74 
20.14 	-4.81 	6.04 	0.58 	-0.33 	0.74 
20.23 	-4.40 	4.08 	0.58 	-0.33 	0.74 
20.33 	-3.99 	2.12 	0.58 	-0.33 	0.74 
20.43 	-3.56 	0.01 	0.58 	-0.33 	0.74 
20.60 	-2.08 	1.34 	0.58 	-0.33 	0.74 
20.77 	-0.60 	2.68 	0.58 	-0.33 	0.74 
20.94 	0.88 	4.02 	0.58 	-0.33 	0.74 
21.11 	2.35 	5.36 	0.58 	-0.33 	0.74 
21.36 	4.48 	7.28 	0.58 	-0.33 	0.74 
21.09 	2.51 	7.43 	0.58 	-0.33 	0.74 
20.83 	0.53 	7.57 	0.58 	-0.33 	0.74 
20.56 	-1.45 	7.72 	0.58 	-0.33 	0.74 
20.29 	-3.42 	7.86 	0.58 	-0.33 	0.74 
20.05 	-5.21 	7.99 	0.58 	-0.33 	0.74 
20.63 	-3.91 	9.40 	0.58 	-0.33 	0.74 
21.21 	-2.61 	10.80 	0.58 	-0.33 	0.74 
21.79 	-1.31 	12.20 	0.58 	-0.33 	0.74 
22.37 	-0.01 	13.61 	0.58 	-0.33 	0.74 
22.95 	1.29 	15.01 	0.58 	-0.33 	0.74 
23.29 	2.05 	15.83 	0.58 	-0.33 	0.74 
22.82 	3.99 	15.63 	0.58 	-0.33 	0.74 
22.36 	5.92 	15.42 	0.58 	-0.33 	0.74 
21.90 	7.86 	15.22 	0.58 	-0.33 	0.74 
21.44 	9.79 	15.02 	0.58 	-0.33 	0.74 
20.86 	12.22 	14.77 	0.58 	-0.33 	0.74 
20.86 	12.22 	15.77 	0.67 	-0.09 	0.74 
20.86 	12.22 	14.97 	0.71 	0.17 	0.68 
20.86 	12.22 	14.27 	0.71 	0.41 	0.57 
19.91 	12.53 	13.03 	0.71 	0.41 	0.57 
18.96 	12.85 	11.30 	0.71 	0.41 	0.57 
18.02 	13.16 	9.56 	0.71 	0.41 	0.57 
17.07 	13.48 	7.83 	0.71 	0.41 	0.57 
16.55 	13.65 	6.89 	0.71 	0.41 	0.57 
16.55 	13.65 	7.89 	0.36 	0.34 	0.87 
16.55 	13.65 	7.09 	-0.07 	0.19 	0.98 
16.55 	13.65 	6.39 	-0.48 	0.00 	0.87 
17.48 	11.88 	6.96 	-0.48 	0.00 	0.87 
18.41 	10.11 	7.04 	-0.48 	0.00 	0.87 
19.34 	8.34 	7.12 	-0.48 	0.00 	0.87 
20.27 	6.57 	7.19 	-0.48 	0.00 	0.87 
21.36 	4.48 	7.28 	-0.48 	0.00 	0.87 
21.36 	4.48 	8.28 	-0.07 	0.19 	0.98 
21.36 	4.48 	7.48 	0.36 	0.34 	0.87 
21.36 	4.48 	6.78 	0.71 	0.41 	0.57 
20.80 	4.98 	5.43 	0.71 	0.41 	0.57 
20.24 	5.47 	3.57 	0.71 	0.41 	0.57 
19.68 	5.96 	1.72 	0.71 	0.41 	0.57 
19.17 	6.42 	0.01 	0.71 	0.41 	0.57 
16.55 	13.65 	6.89 	0.00 	0.00 	1.00 
15.52 	13.92 	5.19 	0.41 	0.71 	0.57 
14.49 	14.18 	3.50 	0.41 	0.71 	0.57 
13.46 	14.45 	1.81 	0.41 	0.71 	0.57 
12.42 	14.72 	0.10 	0.41 	0.71 	0.57 
11.31 	15.63 	1.49 	0.41 	0.71 	0.57 
10.20 	16.55 	2.88 	0.41 	0.71 	0.57 
9.09 	17.46 	4.27 	0.41 	0.71 	0.57 
7.98 	18.38 	5.66 	0.41 	0.71 	0.57 
6.89 	19.28 	7.03 	0.41 	0.71 	0.57 
5.39 	18.97 	5.74 	0.41 	0.71 	0.57 
3.90 	18.66 	4.45 	0.41 	0.71 	0.57 
2.40 	18.35 	3.16 	0.41 	0.71 	0.57 
0.90 	18.04 	1.87 	0.41 	0.71 	0.57 
-1.27 	17.60 	0.00 	0.41 	0.71 	0.57 
-1.99 	17.97 	1.83 	0.41 	0.71 	0.57 
-2.70 	18.34 	3.66 	0.41 	0.71 	0.57 
-3.42 	18.72 	5.49 	0.41 	0.71 	0.57 
-4.42 	19.24 	8.04 	0.41 	0.71 	0.57 
-2.42 	19.25 	7.86 	0.41 	0.71 	0.57 
-0.43 	19.25 	7.68 	0.41 	0.71 	0.57 
1.56 	19.26 	7.50 	0.41 	0.71 	0.57 
3.55 	19.27 	7.33 	0.41 	0.71 	0.57 
5.54 	19.27 	7.15 	0.41 	0.71 	0.57 
6.89 	19.28 	7.03 	0.41 	0.71 	0.57 
8.62 	18.27 	7.00 	0.41 	0.71 	0.57 
10.35 	17.27 	6.98 	0.41 	0.71 	0.57 
12.08 	16.26 	6.95 	0.41 	0.71 	0.57 
13.80 	15.25 	6.93 	0.41 	0.71 	0.57 
15.53 	14.25 	6.90 	0.41 	0.71 	0.57 
16.55 	13.65 	6.89 	0.41 	0.71 	0.57 
15.96 	14.88 	8.35 	0.41 	0.71 	0.57 
15.36 	16.10 	9.82 	0.41 	0.71 	0.57 
14.77 	17.32 	11.28 	0.41 	0.71 	0.57 
14.17 	18.55 	12.75 	0.41 	0.71 	0.57 
13.46 	20.01 	14.50 	0.41 	0.71 	0.57 
12.15 	19.86 	13.00 	0.41 	0.71 	0.57 
10.83 	19.72 	11.51 	0.41 	0.71 	0.57 
9.51 	19.57 	10.01 	0.41 	0.71 	0.57 
8.20 	19.42 	8.51 	0.41 	0.71 	0.57 
6.89 	19.28 	7.03 	0.41 	0.71 	0.57 
6.10 	20.09 	8.67 	0.41 	0.71 	0.57 
5.32 	20.91 	10.32 	0.41 	0.71 	0.57 
4.53 	21.72 	11.97 	0.41 	0.71 	0.57 
3.74 	22.53 	13.62 	0.41 	0.71 	0.57 
2.86 	23.44 	15.45 	0.41 	0.71 	0.57 
1.56 	22.69 	14.13 	0.00 	0.82 	0.57 
0.26 	21.94 	12.80 	0.00 	0.82 	0.57 
-1.04 	21.19 	11.48 	0.00 	0.82 	0.57 
-2.34 	20.44 	10.16 	0.00 	0.82 	0.57 
-3.64 	19.69 	8.84 	0.00 	0.82 	0.57 
-4.42 	19.24 	8.04 	0.00 	0.82 	0.57 
-5.69 	18.47 	6.71 	0.00 	0.82 	0.57 
-6.97 	17.70 	5.38 	0.00 	0.82 	0.57 
-8.25 	16.93 	4.04 	0.00 	0.82 	0.57 
-9.52 	16.16 	2.71 	0.00 	0.82 	0.57 
-10.80 	15.39 	1.38 	0.00 	0.82 	0.57 
-12.11 	14.60 	0.01 	0.00 	0.82 	0.57 
-4.42 	19.24 	8.04 	0.00 	0.82 	0.57 
-6.22 	18.43 	8.33 	0.00 	0.82 	0.57 
-8.03 	17.62 	8.63 	0.00 	0.82 	0.57 
-9.83 	16.81 	8.92 	0.00 	0.82 	0.57 
-11.63 	16.00 	9.21 	0.00 	0.82 	0.57 
-13.84 	15.01 	9.57 	0.00 	0.82 	0.57 
-15.21 	13.67 	10.12 	0.00 	0.82 	0.57 
-16.59 	12.33 	10.68 	0.00 	0.82 	0.57 
-17.97 	11.00 	11.24 	0.00 	0.82 	0.57 
-19.35 	9.66 	11.80 	0.00 	0.82 	0.57 
-20.42 	8.62 	12.23 	0.00 	0.82 	0.57 
-20.74 	6.78 	12.94 	0.00 	0.82 	0.57 
-21.07 	4.94 	13.65 	0.00 	0.82 	0.57 
-21.39 	3.10 	14.36 	0.00 	0.82 	0.57 
-21.71 	1.26 	15.07 	0.00 	0.82 	0.57 
-21.90 	0.17 	15.49 	0.00 	0.82 	0.57 
-21.25 	-1.66 	15.98 	0.00 	0.82 	0.57 
-20.61 	-3.49 	16.48 	0.00 	0.82 	0.57 
-19.96 	-5.32 	16.97 	0.00 	0.82 	0.57 
-19.32 	-7.14 	17.46 	0.00 	0.82 	0.57 
-18.87 	-8.42 	17.81 	0.00 	0.82 	0.57 
-17.40 	-9.73 	18.17 	0.00 	0.82 	0.57 
-15.94 	-11.05 	18.54 	0.00 	0.82 	0.57 
-14.48 	-12.36 	18.91 	0.00 	0.82 	0.57 
-13.01 	-13.68 	19.27 	0.00 	0.82 	0.57 
-11.61 	-14.94 	19.62 	0.00 	0.82 	0.57 
-9.68 	-15.34 	19.97 	0.00 	0.82 	0.57 
-7.75 	-15.73 	20.32 	0.00 	0.82 	0.57 
-5.82 	-16.13 	20.66 	0.00 	0.82 	0.57 
-3.89 	-16.53 	21.01 	0.00 	0.82 	0.57 
-1.96 	-16.93 	21.36 	0.00 	0.82 	0.57 
-0.31 	-17.27 	21.65 	0.00 	0.82 	0.57 
1.58 	-16.81 	21.21 	0.00 	0.82 	0.57 
3.48 	-16.36 	20.77 	0.00 	0.82 	0.57 
5.37 	-15.90 	20.32 	0.00 	0.82 	0.57 
7.27 	-15.44 	19.88 	0.00 	0.82 	0.57 
9.17 	-14.99 	19.43 	0.00 	0.82 	0.57 
10.98 	-14.55 	19.01 	0.00 	0.82 	0.57 
12.50 	-13.29 	18.68 	0.00 	0.82 	0.57 
14.02 	-12.03 	18.35 	0.00 	0.82 	0.57 
15.54 	-10.77 	18.02 	0.00 	0.82 	0.57 
17.05 	-9.51 	17.69 	0.00 	0.82 	0.57 
19.28 	-7.65 	17.21 	0.00 	0.82 	0.57 
20.04 	-5.82 	16.95 	0.00 	0.82 	0.57 
20.79 	-3.99 	16.69 	0.00 	0.82 	0.57 
21.55 	-2.16 	16.43 	0.00 	0.82 	0.57 
22.31 	-0.32 	16.17 	0.00 	0.82 	0.57 
23.29 	2.05 	15.83 	0.00 	0.82 	0.57 
23.29 	2.05 	16.83 	0.26 	0.74 	0.62 
23.29 	2.05 	16.03 	0.51 	0.60 	0.62 
23.29 	2.05 	15.33 	0.71 	0.41 	0.57 
22.86 	2.59 	13.95 	0.71 	0.41 	0.57 
22.44 	3.12 	12.07 	0.71 	0.41 	0.57 
22.01 	3.66 	10.19 	0.71 	0.41 	0.57 
21.59 	4.19 	8.31 	0.71 	0.41 	0.57 
21.36 	4.48 	7.28 	0.71 	0.41 	0.57 
21.27 	5.92 	8.67 	0.71 	0.41 	0.57 
21.17 	7.36 	10.06 	0.71 	0.41 	0.57 
21.08 	8.79 	11.45 	0.71 	0.41 	0.57 
20.99 	10.23 	12.84 	0.71 	0.41 	0.57 
20.86 	12.22 	14.77 	0.71 	0.41 	0.57 
20.53 	13.54 	16.23 	0.71 	0.41 	0.57 
20.20 	14.85 	17.70 	0.71 	0.41 	0.57 
19.88 	16.17 	19.17 	0.71 	0.41 	0.57 
19.55 	17.49 	20.64 	0.71 	0.41 	0.57 
19.11 	19.27 	22.62 	0.71 	0.41 	0.57 
17.98 	19.42 	20.99 	0.41 	0.71 	0.57 
16.84 	19.57 	19.35 	0.41 	0.71 	0.57 
15.70 	19.72 	17.71 	0.41 	0.71 	0.57 
14.56 	19.87 	16.07 	0.41 	0.71 	0.57 
13.46 	20.01 	14.50 	0.41 	0.71 	0.57 
13.46 	20.01 	15.50 	0.11 	0.56 	0.82 
13.46 	20.01 	14.70 	-0.20 	0.30 	0.93 
13.46 	20.01 	14.00 	-0.48 	0.00 	0.87 
14.84 	18.56 	14.55 	-0.48 	0.00 	0.87 
16.22 	17.11 	14.60 	-0.48 	0.00 	0.87 
17.59 	15.66 	14.65 	-0.48 	0.00 	0.87 
18.97 	14.21 	14.70 	-0.48 	0.00 	0.87 
20.86 	12.22 	14.77 	-0.48 	0.00 	0.87 
21.50 	11.77 	16.61 	-0.48 	0.00 	0.87 
22.14 	11.33 	18.45 	-0.48 	0.00 	0.87 
22.79 	10.88 	20.29 	-0.48 	0.00 	0.87 
23.43 	10.44 	22.13 	-0.48 	0.00 	0.87 
24.07 	9.99 	23.96 	-0.48 	0.00 	0.87 
23.93 	8.60 	22.53 	-0.48 	0.00 	0.87 
23.79 	7.21 	21.10 	-0.48 	0.00 	0.87 
23.66 	5.81 	19.68 	-0.48 	0.00 	0.87 
23.52 	4.42 	18.25 	-0.48 	0.00 	0.87 
23.38 	3.02 	16.82 	-0.48 	0.00 	0.87 
23.29 	2.05 	15.83 	-0.48 	0.00 	0.87 
23.49 	1.50 	17.74 	-0.48 	0.00 	0.87 
23.69 	0.95 	19.65 	-0.48 	0.00 	0.87 
23.89 	0.40 	21.57 	-0.48 	0.00 	0.87 
24.09 	-0.15 	23.48 	-0.48 	0.00 	0.87 
24.32 	-0.76 	25.59 	-0.48 	0.00 	0.87 
23.48 	-1.91 	24.19 	-0.48 	0.00 	0.87 
22.63 	-3.06 	22.79 	-0.48 	0.00 	0.87 
21.79 	-4.22 	21.39 	-0.48 	0.00 	0.87 
20.95 	-5.37 	19.99 	-0.48 	0.00 	0.87 
20.11 	-6.52 	18.59 	-0.48 	0.00 	0.87 
19.28 	-7.65 	17.21 	-0.48 	0.00 	0.87 
19.06 	-8.03 	19.16 	-0.48 	0.00 	0.87 
18.83 	-8.40 	21.11 	-0.48 	0.00 	0.87 
18.61 	-8.78 	23.07 	-0.48 	0.00 	0.87 
18.38 	-9.15 	25.02 	-0.48 	0.00 	0.87 
18.10 	-9.62 	27.48 	-0.48 	0.00 	0.87 
16.93 	-10.44 	26.09 	-0.48 	0.00 	0.87 
15.75 	-11.25 	24.69 	-0.48 	0.00 	0.87 
14.58 	-12.06 	23.29 	-0.48 	0.00 	0.87 
13.40 	-12.88 	21.89 	-0.48 	0.00 	0.87 
12.23 	-13.69 	20.49 	-0.48 	0.00 	0.87 
10.98 	-14.55 	19.01 	-0.48 	0.00 	0.87 
10.65 	-14.64 	20.98 	-0.48 	0.00 	0.87 
10.32 	-14.73 	22.95 	-0.48 	0.00 	0.87 
9.98 	-14.81 	24.92 	-0.48 	0.00 	0.87 
9.65 	-14.90 	26.89 	-0.48 	0.00 	0.87 
9.15 	-15.03 	29.80 	-0.48 	0.00 	0.87 
7.66 	-15.39 	28.51 	-0.48 	0.00 	0.87 
6.17 	-15.74 	27.23 	-0.48 	0.00 	0.87 
4.67 	-16.09 	25.95 	-0.48 	0.00 	0.87 
3.18 	-16.44 	24.66 	-0.48 	0.00 	0.87 
1.69 	-16.80 	23.38 	-0.48 	0.00 	0.87 
-0.31 	-17.27 	21.65 	-0.48 	0.00 	0.87 
-1.63 	-17.14 	23.15 	-0.48 	0.00 	0.87 
-2.95 	-17.01 	24.65 	-0.48 	0.00 	0.87 
-4.27 	-16.88 	26.15 	-0.48 	0.00 	0.87 
-5.59 	-16.74 	27.65 	-0.48 	0.00 	0.87 
-6.90 	-16.61 	29.15 	-0.48 	0.00 	0.87 
-8.01 	-16.50 	30.40 	-0.48 	0.00 	0.87 
-8.63 	-16.23 	28.52 	-0.48 	0.00 	0.87 
-9.26 	-15.96 	26.64 	-0.48 	0.00 	0.87 
-9.89 	-15.68 	24.76 	-0.48 	0.00 	0.87 
-10.52 	-15.41 	22.89 	-0.48 	0.00 	0.87 
-11.15 	-15.14 	21.01 	-0.48 	0.00 	0.87 
-11.61 	-14.94 	19.62 	-0.48 	0.00 	0.87 
-12.63 	-14.31 	21.22 	-0.48 	0.00 	0.87 
-13.65 	-13.68 	22.82 	-0.48 	0.00 	0.87 
-14.67 	-13.05 	24.42 	-0.48 	0.00 	0.87 
-15.69 	-12.41 	26.02 	-0.48 	0.00 	0.87 
-16.71 	-11.78 	27.62 	-0.48 	0.00 	0.87 
-17.32 	-11.41 	28.57 	-0.48 	0.00 	0.87 
-17.59 	-10.88 	26.66 	-0.48 	0.00 	0.87 
-17.87 	-10.35 	24.75 	-0.48 	0.00 	0.87 
-18.14 	-9.82 	22.84 	-0.48 	0.00 	0.87 
-18.42 	-9.29 	20.93 	-0.48 	0.00 	0.87 
-18.69 	-8.76 	19.02 	-0.48 	0.00 	0.87 
-18.87 	-8.42 	17.81 	-0.48 	0.00 	0.87 
-19.56 	-7.34 	19.34 	-0.48 	0.00 	0.87 
-20.25 	-6.25 	20.87 	-0.48 	0.00 	0.87 
-20.95 	-5.16 	22.40 	-0.48 	0.00 	0.87 
-21.64 	-4.08 	23.93 	-0.48 	0.00 	0.87 
-22.64 	-2.51 	26.13 	-0.48 	0.00 	0.87 
-22.51 	-2.03 	24.19 	-0.67 	0.00 	0.74 
-22.37 	-1.54 	22.26 	-0.67 	0.00 	0.74 
-22.24 	-1.05 	20.32 	-0.67 	0.00 	0.74 
-22.10 	-0.56 	18.39 	-0.67 	0.00 	0.74 
-21.90 	0.17 	15.49 	-0.67 	0.00 	0.74 
-22.04 	1.55 	16.92 	-0.67 	0.00 	0.74 
-22.18 	2.93 	18.36 	-0.67 	0.00 	0.74 
-22.33 	4.32 	19.80 	-0.67 	0.00 	0.74 
-22.47 	5.70 	21.24 	-0.67 	0.00 	0.74 
-22.66 	7.59 	23.20 	-0.67 	0.00 	0.74 
-22.26 	7.77 	21.25 	-0.82 	0.00 	0.57 
-21.87 	7.96 	19.30 	-0.82 	0.00 	0.57 
-21.47 	8.14 	17.34 	-0.82 	0.00 	0.57 
-21.07 	8.32 	15.39 	-0.82 	0.00 	0.57 
-20.67 	8.51 	13.44 	-0.82 	0.00 	0.57 
-20.42 	8.62 	12.23 	-0.82 	0.00 	0.57 
-19.88 	9.96 	13.61 	-0.82 	0.00 	0.57 
-19.34 	11.30 	15.00 	-0.82 	0.00 	0.57 
-18.80 	12.64 	16.38 	-0.82 	0.00 	0.57 
-18.26 	13.98 	17.77 	-0.82 	0.00 	0.57 
-17.73 	15.31 	19.15 	-0.82 	0.00 	0.57 
-17.33 	16.29 	20.17 	-0.82 	0.00 	0.57 
-17.33 	16.29 	21.17 	-0.74 	0.26 	0.62 
-17.33 	16.29 	20.37 	-0.60 	0.51 	0.62 
-17.33 	16.29 	19.67 	-0.41 	0.71 	0.57 
-16.71 	16.06 	18.28 	-0.41 	0.71 	0.57 
-16.09 	15.83 	16.39 	-0.41 	0.71 	0.57 
-15.46 	15.61 	14.51 	-0.41 	0.71 	0.57 
-14.84 	15.38 	12.62 	-0.41 	0.71 	0.57 
-14.22 	15.15 	10.73 	-0.41 	0.71 	0.57 
-13.84 	15.01 	9.57 	-0.41 	0.71 	0.57 
-12.85 	16.12 	10.91 	-0.41 	0.71 	0.57 
-11.87 	17.24 	12.25 	-0.41 	0.71 	0.57 
-10.89 	18.35 	13.59 	-0.41 	0.71 	0.57 
-9.91 	19.47 	14.93 	-0.41 	0.71 	0.57 
-8.93 	20.58 	16.27 	-0.41 	0.71 	0.57 
-8.04 	21.60 	17.49 	-0.41 	0.71 	0.57 
-7.34 	21.15 	15.67 	0.00 	0.82 	0.57 
-6.64 	20.69 	13.85 	0.00 	0.82 	0.57 
-5.95 	20.24 	12.03 	0.00 	0.82 	0.57 
-5.25 	19.78 	10.22 	0.00 	0.82 	0.57 
-4.42 	19.24 	8.04 	0.00 	0.82 	0.57 
-8.04 	21.60 	17.49 	0.00 	0.82 	0.57 
-6.10 	21.93 	17.13 	0.00 	0.82 	0.57 
-4.16 	22.26 	16.76 	0.00 	0.82 	0.57 
-2.22 	22.58 	16.40 	0.00 	0.82 	0.57 
-0.28 	22.91 	16.04 	0.00 	0.82 	0.57 
1.66 	23.24 	15.68 	0.00 	0.82 	0.57 
2.86 	23.44 	15.45 	0.00 	0.82 	0.57 
4.76 	22.83 	15.28 	0.00 	0.82 	0.57 
6.65 	22.21 	15.11 	0.00 	0.82 	0.57 
8.55 	21.60 	14.94 	0.00 	0.82 	0.57 
10.44 	20.99 	14.77 	0.00 	0.82 	0.57 
12.34 	20.37 	14.60 	0.00 	0.82 	0.57 
13.46 	20.01 	14.50 	0.00 	0.82 	0.57 
12.85 	20.92 	16.18 	0.00 	0.82 	0.57 
12.24 	21.83 	17.85 	0.00 	0.82 	0.57 
11.64 	22.75 	19.52 	0.00 	0.82 	0.57 
11.03 	23.66 	21.19 	0.00 	0.82 	0.57 
10.17 	24.93 	23.53 	0.00 	0.82 	0.57 
11.86 	23.87 	23.36 	0.00 	0.82 	0.57 
13.54 	22.80 	23.19 	0.00 	0.82 	0.57 
15.22 	21.73 	23.02 	0.00 	0.82 	0.57 
16.91 	20.67 	22.85 	0.00 	0.82 	0.57 
19.11 	19.27 	22.62 	0.00 	0.82 	0.57 
20.05 	17.52 	22.87 	0.00 	0.82 	0.57 
20.98 	15.77 	23.13 	0.00 	0.82 	0.57 
21.92 	14.02 	23.38 	0.00 	0.82 	0.57 
22.85 	12.27 	23.63 	0.00 	0.82 	0.57 
24.07 	9.99 	23.96 	0.00 	0.82 	0.57 
24.11 	8.02 	24.26 	0.00 	0.82 	0.57 
24.16 	6.04 	24.56 	0.00 	0.82 	0.57 
24.21 	4.06 	24.86 	0.00 	0.82 	0.57 
24.25 	2.09 	25.16 	0.00 	0.82 	0.57 
24.32 	-0.76 	25.59 	0.00 	0.82 	0.57 
23.19 	-2.37 	25.94 	0.00 	0.82 	0.57 
22.05 	-3.98 	26.28 	0.00 	0.82 	0.57 
20.92 	-5.60 	26.63 	0.00 	0.82 	0.57 
19.79 	-7.21 	26.97 	0.00 	0.82 	0.57 
18.10 	-9.62 	27.48 	0.00 	0.82 	0.57 
16.43 	-10.63 	27.92 	0.00 	0.82 	0.57 
14.76 	-11.64 	28.35 	0.00 	0.82 	0.57 
13.09 	-12.65 	28.78 	0.00 	0.82 	0.57 
11.42 	-13.67 	29.21 	0.00 	0.82 	0.57 
9.15 	-15.03 	29.80 	0.00 	0.82 	0.57 
7.30 	-15.49 	30.42 	0.00 	0.82 	0.57 
5.46 	-15.94 	31.04 	0.00 	0.82 	0.57 
3.61 	-16.40 	31.66 	0.00 	0.82 	0.57 
0.91 	-17.06 	32.57 	0.00 	0.82 	0.57 
0.68 	-17.10 	30.58 	0.00 	0.67 	0.74 
0.46 	-17.14 	28.59 	0.00 	0.67 	0.74 
0.24 	-17.17 	26.60 	0.00 	0.67 	0.74 
0.02 	-17.21 	24.62 	0.00 	0.67 	0.74 
-0.31 	-17.27 	21.65 	0.00 	0.67 	0.74 
9.15 	-15.03 	29.80 	0.00 	0.67 	0.74 
8.73 	-15.09 	31.75 	0.00 	0.67 	0.74 
8.30 	-15.14 	33.71 	0.00 	0.67 	0.74 
7.88 	-15.20 	35.66 	0.00 	0.67 	0.74 
7.46 	-15.25 	37.61 	0.00 	0.67 	0.74 
6.91 	-15.33 	40.15 	0.00 	0.67 	0.74 
5.69 	-15.68 	38.61 	0.00 	0.67 	0.74 
4.46 	-16.03 	37.06 	0.00 	0.67 	0.74 
3.24 	-16.39 	35.52 	0.00 	0.67 	0.74 
2.02 	-16.74 	33.98 	0.00 	0.67 	0.74 
0.91 	-17.06 	32.57 	0.00 	0.67 	0.74 
-0.05 	-17.05 	34.33 	0.00 	0.67 	0.74 
-1.00 	-17.05 	36.09 	0.00 	0.67 	0.74 
-1.95 	-17.04 	37.84 	0.00 	0.67 	0.74 
-2.90 	-17.03 	39.60 	0.00 	0.67 	0.74 
-3.51 	-17.03 	40.73 	0.00 	0.67 	0.74 
-4.31 	-16.93 	38.90 	0.00 	0.67 	0.74 
-5.10 	-16.84 	37.07 	0.00 	0.67 	0.74 
-5.90 	-16.75 	35.24 	0.00 	0.67 	0.74 
-6.70 	-16.65 	33.41 	0.00 	0.67 	0.74 
-7.50 	-16.56 	31.58 	0.00 	0.67 	0.74 
-8.01 	-16.50 	30.40 	0.00 	0.67 	0.74 
-9.74 	-15.56 	30.06 	0.00 	0.67 	0.74 
-11.46 	-14.61 	29.72 	0.00 	0.67 	0.74 
-13.19 	-13.67 	29.38 	0.00 	0.67 	0.74 
-14.92 	-12.72 	29.04 	0.00 	0.67 	0.74 
-17.32 	-11.41 	28.57 	0.00 	0.67 	0.74 
-18.32 	-9.74 	28.11 	0.00 	0.67 	0.74 
-19.31 	-8.07 	27.65 	0.00 	0.67 	0.74 
-20.31 	-6.40 	27.19 	0.00 	0.67 	0.74 
-21.31 	-4.73 	26.73 	0.00 	0.67 	0.74 
-22.64 	-2.51 	26.13 	0.00 	0.67 	0.74 
-22.65 	-0.59 	25.57 	0.00 	0.67 	0.74 
-22.65 	1.33 	25.01 	0.00 	0.67 	0.74 
-22.65 	3.25 	24.46 	0.00 	0.67 	0.74 
-22.66 	5.17 	23.90 	0.00 	0.67 	0.74 
-22.66 	7.59 	23.20 	0.00 	0.67 	0.74 
-21.66 	9.22 	22.63 	0.00 	0.67 	0.74 
-20.66 	10.86 	22.06 	0.00 	0.67 	0.74 
-19.66 	12.49 	21.49 	0.00 	0.67 	0.74 
-18.66 	14.13 	20.92 	0.00 	0.67 	0.74 
-17.33 	16.29 	20.17 	0.00 	0.67 	0.74 
-15.65 	17.25 	19.68 	0.00 	0.67 	0.74 
-13.96 	18.22 	19.20 	0.00 	0.67 	0.74 
-12.28 	19.18 	18.71 	0.00 	0.67 	0.74 
-10.59 	20.14 	18.23 	0.00 	0.67 	0.74 
-8.91 	21.10 	17.74 	0.00 	0.67 	0.74 
-8.04 	21.60 	17.49 	0.00 	0.67 	0.74 
-6.86 	22.49 	18.84 	0.00 	0.67 	0.74 
-5.69 	23.38 	20.20 	0.00 	0.67 	0.74 
-4.51 	24.27 	21.55 	0.00 	0.67 	0.74 
-3.34 	25.15 	22.91 	0.00 	0.67 	0.74 
-2.16 	26.04 	24.26 	0.00 	0.67 	0.74 
-1.03 	26.90 	25.57 	0.00 	0.67 	0.74 
-0.35 	26.29 	23.79 	0.00 	0.82 	0.57 
0.34 	25.68 	22.01 	0.00 	0.82 	0.57 
1.02 	25.07 	20.23 	0.00 	0.82 	0.57 
1.71 	24.47 	18.45 	0.00 	0.82 	0.57 
2.39 	23.86 	16.67 	0.00 	0.82 	0.57 
2.86 	23.44 	15.45 	0.00 	0.82 	0.57 
4.19 	23.71 	16.92 	0.00 	0.82 	0.57 
5.52 	23.98 	18.39 	0.00 	0.82 	0.57 
6.85 	24.25 	19.86 	0.00 	0.82 	0.57 
8.18 	24.53 	21.33 	0.00 	0.82 	0.57 
10.17 	24.93 	23.53 	0.00 	0.82 	0.57 
8.24 	25.27 	23.88 	0.00 	0.82 	0.57 
6.30 	25.61 	24.23 	0.00 	0.82 	0.57 
4.36 	25.95 	24.59 	0.00 	0.82 	0.57 
2.42 	26.29 	24.94 	0.00 	0.82 	0.57 
0.48 	26.63 	25.29 	0.00 	0.82 	0.57 
-1.03 	26.90 	25.57 	0.00 	0.82 	0.57 
-2.90 	26.32 	26.00 	0.00 	0.82 	0.57 
-4.76 	25.75 	26.44 	0.00 	0.82 	0.57 
-6.62 	25.17 	26.88 	0.00 	0.82 	0.57 
-8.49 	24.60 	27.32 	0.00 	0.82 	0.57 
-10.35 	24.02 	27.76 	0.00 	0.82 	0.57 
-12.12 	23.48 	28.18 	0.00 	0.82 	0.57 
-11.42 	23.15 	26.33 	-0.41 	0.71 	0.57 
-10.71 	22.83 	24.49 	-0.41 	0.71 	0.57 
-10.01 	22.51 	22.65 	-0.41 	0.71 	0.57 
-9.30 	22.18 	20.80 	-0.41 	0.71 	0.57 
-8.60 	21.86 	18.96 	-0.41 	0.71 	0.57 
-8.04 	21.60 	17.49 	-0.41 	0.71 	0.57 
-17.33 	16.29 	20.17 	-0.41 	0.71 	0.57 
-16.46 	17.49 	21.51 	-0.41 	0.71 	0.57 
-15.59 	18.70 	22.85 	-0.41 	0.71 	0.57 
-14.72 	19.90 	24.19 	-0.41 	0.71 	0.57 
-13.84 	21.10 	25.53 	-0.41 	0.71 	0.57 
-12.97 	22.30 	26.87 	-0.41 	0.71 	0.57 
-12.12 	23.48 	28.18 	-0.41 	0.71 	0.57 
-13.60 	22.32 	28.86 	-0.41 	0.71 	0.57 
-15.08 	21.17 	29.54 	-0.41 	0.71 	0.57 
-16.57 	20.01 	30.23 	-0.41 	0.71 	0.57 
-18.05 	18.85 	30.91 	-0.41 	0.71 	0.57 
-19.53 	17.70 	31.59 	-0.41 	0.71 	0.57 
-21.35 	16.28 	32.43 	-0.41 	0.71 	0.57 
-20.73 	16.28 	30.53 	-0.41 	0.71 	0.57 
-20.10 	16.28 	28.63 	-0.41 	0.71 	0.57 
-19.48 	16.28 	26.73 	-0.41 	0.71 	0.57 
-18.86 	16.29 	24.83 	-0.41 	0.71 	0.57 
-18.24 	16.29 	22.93 	-0.41 	0.71 	0.57 
-17.33 	16.29 	20.17 	-0.41 	0.71 	0.57 
-12.12 	23.48 	28.18 	-0.41 	0.71 	0.57 
-11.02 	24.38 	29.58 	-0.41 	0.71 	0.57 
-9.91 	25.27 	30.99 	-0.41 	0.71 	0.57 
-8.81 	26.17 	32.39 	-0.41 	0.71 	0.57 
-7.70 	27.07 	33.80 	-0.41 	0.71 	0.57 
-6.60 	27.97 	35.20 	-0.41 	0.71 	0.57 
-5.51 	28.86 	36.59 	-0.41 	0.71 	0.57 
-4.77 	28.53 	34.76 	0.00 	0.82 	0.57 
-4.02 	28.21 	32.94 	0.00 	0.82 	0.57 
-3.28 	27.88 	31.11 	0.00 	0.82 	0.57 
-2.54 	27.56 	29.28 	0.00 	0.82 	0.57 
-1.80 	27.23 	27.45 	0.00 	0.82 	0.57 
-1.03 	26.90 	25.57 	0.00 	0.82 	0.57 
0.29 	27.11 	27.05 	0.00 	0.82 	0.57 
1.61 	27.33 	28.54 	0.00 	0.82 	0.57 
2.93 	27.55 	30.03 	0.00 	0.82 	0.57 
4.25 	27.76 	31.52 	0.00 	0.82 	0.57 
5.57 	27.98 	33.00 	0.00 	0.82 	0.57 
6.89 	28.19 	34.49 	0.00 	0.82 	0.57 
7.66 	28.32 	35.36 	0.00 	0.82 	0.57 
5.67 	28.40 	35.55 	0.00 	0.82 	0.57 
3.68 	28.48 	35.73 	0.00 	0.82 	0.57 
1.69 	28.56 	35.92 	0.00 	0.82 	0.57 
-0.30 	28.64 	36.11 	0.00 	0.82 	0.57 
-2.29 	28.73 	36.29 	0.00 	0.82 	0.57 
-4.28 	28.81 	36.48 	0.00 	0.82 	0.57 
-5.51 	28.86 	36.59 	0.00 	0.82 	0.57 
-7.33 	28.15 	37.00 	0.00 	0.82 	0.57 
-9.16 	27.44 	37.41 	0.00 	0.82 	0.57 
-10.98 	26.73 	37.82 	0.00 	0.82 	0.57 
-12.81 	26.02 	38.23 	0.00 	0.82 	0.57 
-14.63 	25.31 	38.64 	0.00 	0.82 	0.57 
-15.82 	24.85 	38.91 	0.00 	0.82 	0.57 
-15.17 	24.61 	37.03 	-0.41 	0.71 	0.57 
-14.53 	24.37 	35.15 	-0.41 	0.71 	0.57 
-13.88 	24.13 	33.28 	-0.41 	0.71 	0.57 
-13.23 	23.89 	31.40 	-0.41 	0.71 	0.57 
-12.59 	23.65 	29.52 	-0.41 	0.71 	0.57 
-12.12 	23.48 	28.18 	-0.41 	0.71 	0.57 
-5.51 	28.86 	36.59 	-0.41 	0.71 	0.57 
-4.47 	29.09 	38.29 	-0.41 	0.71 	0.57 
-3.43 	29.32 	39.98 	-0.41 	0.71 	0.57 
-2.39 	29.55 	41.67 	-0.41 	0.71 	0.57 
-1.36 	29.78 	43.37 	-0.41 	0.71 	0.57 
-0.32 	30.01 	45.06 	-0.41 	0.71 	0.57 
0.65 	30.23 	46.63 	-0.41 	0.71 	0.57 
1.69 	29.94 	44.95 	0.00 	0.82 	0.57 
2.74 	29.66 	43.27 	0.00 	0.82 	0.57 
3.78 	29.37 	41.59 	0.00 	0.82 	0.57 
4.83 	29.09 	39.91 	0.00 	0.82 	0.57 
5.88 	28.81 	38.23 	0.00 	0.82 	0.57 
6.92 	28.52 	36.55 	0.00 	0.82 	0.57 
7.66 	28.32 	35.36 	0.00 	0.82 	0.57 
9.26 	27.59 	34.41 	0.00 	0.82 	0.57 
10.87 	26.87 	33.46 	0.00 	0.82 	0.57 
12.47 	26.14 	32.52 	0.00 	0.82 	0.57 
14.08 	25.41 	31.57 	0.00 	0.82 	0.57 
15.68 	24.68 	30.62 	0.00 	0.82 	0.57 
16.55 	24.29 	30.11 	0.00 	0.82 	0.57 
17.10 	23.22 	28.51 	0.41 	0.71 	0.57 
17.64 	22.15 	26.91 	0.41 	0.71 	0.57 
18.19 	21.08 	25.31 	0.41 	0.71 	0.57 
18.74 	20.00 	23.72 	0.41 	0.71 	0.57 
19.11 	19.27 	22.62 	0.41 	0.71 	0.57 
19.86 	18.96 	24.45 	0.41 	0.71 	0.57 
20.61 	18.66 	26.28 	0.41 	0.71 	0.57 
21.35 	18.36 	28.11 	0.41 	0.71 	0.57 
22.10 	18.05 	29.94 	0.41 	0.71 	0.57 
22.84 	17.75 	31.77 	0.41 	0.71 	0.57 
23.06 	16.35 	30.36 	0.71 	0.41 	0.57 
23.28 	14.95 	28.95 	0.71 	0.41 	0.57 
23.51 	13.55 	27.54 	0.71 	0.41 	0.57 
23.73 	12.15 	26.13 	0.71 	0.41 	0.57 
23.95 	10.75 	24.72 	0.71 	0.41 	0.57 
24.07 	9.99 	23.96 	0.71 	0.41 	0.57 
24.67 	9.59 	25.82 	0.71 	0.41 	0.57 
25.27 	9.18 	27.69 	0.71 	0.41 	0.57 
25.87 	8.78 	29.55 	0.71 	0.41 	0.57 
26.47 	8.37 	31.42 	0.71 	0.41 	0.57 
27.07 	7.96 	33.28 	0.71 	0.41 	0.57 
27.55 	7.64 	34.78 	0.71 	0.41 	0.57 
26.74 	9.39 	34.26 	0.71 	0.41 	0.57 
25.92 	11.14 	33.74 	0.71 	0.41 	0.57 
25.11 	12.89 	33.22 	0.71 	0.41 	0.57 
24.29 	14.64 	32.70 	0.71 	0.41 	0.57 
23.48 	16.39 	32.18 	0.71 	0.41 	0.57 
22.84 	17.75 	31.77 	0.71 	0.41 	0.57 
22.10 	19.01 	33.13 	0.71 	0.41 	0.57 
21.35 	20.28 	34.48 	0.71 	0.41 	0.57 
20.60 	21.55 	35.84 	0.71 	0.41 	0.57 
19.86 	22.81 	37.19 	0.71 	0.41 	0.57 
18.81 	24.59 	39.10 	0.71 	0.41 	0.57 
18.32 	24.53 	37.16 	0.71 	0.41 	0.57 
17.83 	24.46 	35.22 	0.71 	0.41 	0.57 
17.35 	24.40 	33.28 	0.71 	0.41 	0.57 
16.86 	24.33 	31.34 	0.71 	0.41 	0.57 
16.55 	24.29 	30.11 	0.71 	0.41 	0.57 
15.16 	24.43 	28.67 	0.41 	0.71 	0.57 
13.77 	24.57 	27.24 	0.41 	0.71 	0.57 
12.38 	24.71 	25.81 	0.41 	0.71 	0.57 
11.00 	24.85 	24.37 	0.41 	0.71 	0.57 
10.17 	24.93 	23.53 	0.41 	0.71 	0.57 
9.77 	25.47 	25.41 	0.41 	0.71 	0.57 
9.37 	26.01 	27.30 	0.41 	0.71 	0.57 
8.97 	26.55 	29.18 	0.41 	0.71 	0.57 
8.57 	27.09 	31.06 	0.41 	0.71 	0.57 
8.17 	27.63 	32.95 	0.41 	0.71 	0.57 
7.66 	28.32 	35.36 	0.41 	0.71 	0.57 
9.47 	27.72 	35.97 	0.41 	0.71 	0.57 
11.28 	27.11 	36.57 	0.41 	0.71 	0.57 
13.08 	26.51 	37.18 	0.41 	0.71 	0.57 
14.89 	25.90 	37.79 	0.41 	0.71 	0.57 
16.70 	25.30 	38.39 	0.41 	0.71 	0.57 
18.81 	24.59 	39.10 	0.41 	0.71 	0.57 
20.11 	23.15 	39.56 	0.41 	0.71 	0.57 
21.42 	21.71 	40.02 	0.41 	0.71 	0.57 
22.72 	20.26 	40.48 	0.41 	0.71 	0.57 
24.03 	18.82 	40.94 	0.41 	0.71 	0.57 
25.65 	17.03 	41.51 	0.41 	0.71 	0.57 
25.10 	17.17 	39.59 	0.41 	0.71 	0.57 
24.54 	17.31 	37.67 	0.41 	0.71 	0.57 
23.99 	17.45 	35.76 	0.41 	0.71 	0.57 
23.44 	17.59 	33.84 	0.41 	0.71 	0.57 
22.84 	17.75 	31.77 	0.41 	0.71 	0.57 
21.48 	19.17 	31.41 	0.41 	0.71 	0.57 
20.11 	20.58 	31.05 	0.41 	0.71 	0.57 
18.75 	22.00 	30.69 	0.41 	0.71 	0.57 
17.39 	23.42 	30.33 	0.41 	0.71 	0.57 
16.55 	24.29 	30.11 	0.41 	0.71 	0.57 
7.66 	28.32 	35.36 	0.41 	0.71 	0.57 
8.30 	28.23 	37.25 	0.41 	0.71 	0.57 
8.95 	28.15 	39.14 	0.41 	0.71 	0.57 
9.59 	28.06 	41.04 	0.41 	0.71 	0.57 
10.24 	27.97 	42.93 	0.41 	0.71 	0.57 
10.88 	27.88 	44.82 	0.41 	0.71 	0.57 
11.53 	27.79 	46.71 	0.41 	0.71 	0.57 
11.85 	27.75 	47.66 	0.41 	0.71 	0.57 
13.58 	26.80 	47.97 	0.41 	0.71 	0.57 
15.31 	25.85 	48.28 	0.41 	0.71 	0.57 
17.05 	24.90 	48.60 	0.41 	0.71 	0.57 
18.78 	23.95 	48.91 	0.41 	0.71 	0.57 
21.30 	22.57 	49.36 	0.41 	0.71 	0.57 
22.12 	21.52 	47.87 	0.41 	0.71 	0.57 
22.95 	20.47 	46.38 	0.41 	0.71 	0.57 
23.77 	19.42 	44.90 	0.41 	0.71 	0.57 
24.60 	18.36 	43.41 	0.41 	0.71 	0.57 
25.65 	17.03 	41.51 	0.41 	0.71 	0.57 
25.97 	15.42 	40.36 	0.71 	0.41 	0.57 
26.30 	13.82 	39.21 	0.71 	0.41 	0.57 
26.62 	12.21 	38.06 	0.71 	0.41 	0.57 
26.95 	10.61 	36.91 	0.71 	0.41 	0.57 
27.28 	9.00 	35.76 	0.71 	0.41 	0.57 
27.55 	7.64 	34.78 	0.71 	0.41 	0.57 
27.05 	6.33 	33.35 	0.82 	0.00 	0.57 
26.55 	5.03 	31.92 	0.82 	0.00 	0.57 
26.04 	3.72 	30.50 	0.82 	0.00 	0.57 
25.54 	2.42 	29.07 	0.82 	0.00 	0.57 
25.04 	1.11 	27.64 	0.82 	0.00 	0.57 
24.32 	-0.76 	25.59 	0.82 	0.00 	0.57 
24.23 	-1.31 	27.51 	0.82 	0.00 	0.57 
24.14 	-1.86 	29.43 	0.82 	0.00 	0.57 
24.06 	-2.41 	31.35 	0.82 	0.00 	0.57 
23.97 	-2.96 	33.28 	0.82 	0.00 	0.57 
23.86 	-3.67 	35.74 	0.82 	0.00 	0.57 
22.43 	-5.02 	36.12 	0.82 	0.00 	0.57 
21.01 	-6.38 	36.50 	0.82 	0.00 	0.57 
19.59 	-7.73 	36.88 	0.82 	0.00 	0.57 
18.17 	-9.09 	37.26 	0.82 	0.00 	0.57 
16.24 	-10.93 	37.78 	0.82 	0.00 	0.57 
16.59 	-10.68 	35.83 	0.71 	-0.41 	0.57 
16.94 	-10.43 	33.88 	0.71 	-0.41 	0.57 
17.30 	-10.19 	31.92 	0.71 	-0.41 	0.57 
17.65 	-9.94 	29.97 	0.71 	-0.41 	0.57 
18.10 	-9.62 	27.48 	0.71 	-0.41 	0.57 
19.08 	-8.61 	28.90 	0.71 	-0.41 	0.57 
20.07 	-7.59 	30.31 	0.71 	-0.41 	0.57 
21.05 	-6.57 	31.72 	0.71 	-0.41 	0.57 
22.04 	-5.55 	33.13 	0.71 	-0.41 	0.57 
23.02 	-4.53 	34.54 	0.71 	-0.41 	0.57 
23.86 	-3.67 	35.74 	0.71 	-0.41 	0.57 
24.48 	-1.77 	35.58 	0.71 	-0.41 	0.57 
25.10 	0.12 	35.42 	0.71 	-0.41 	0.57 
25.72 	2.02 	35.26 	0.71 	-0.41 	0.57 
26.34 	3.91 	35.10 	0.71 	-0.41 	0.57 
26.96 	5.81 	34.94 	0.71 	-0.41 	0.57 
27.55 	7.64 	34.78 	0.71 	-0.41 	0.57 
27.97 	8.14 	36.67 	0.71 	-0.41 	0.57 
28.39 	8.64 	38.56 	0.71 	-0.41 	0.57 
28.81 	9.14 	40.45 	0.71 	-0.41 	0.57 
29.23 	9.64 	42.35 	0.71 	-0.41 	0.57 
29.67 	10.17 	44.34 	0.71 	-0.41 	0.57 
28.72 	11.80 	43.67 	0.82 	0.00 	0.57 
27.76 	13.42 	43.00 	0.82 	0.00 	0.57 
26.81 	15.05 	42.33 	0.82 	0.00 	0.57 
25.65 	17.03 	41.51 	0.82 	0.00 	0.57 
26.21 	16.79 	43.41 	0.82 	0.00 	0.57 
26.76 	16.55 	45.32 	0.82 	0.00 	0.57 
27.32 	16.31 	47.23 	0.82 	0.00 	0.57 
27.88 	16.08 	49.13 	0.82 	0.00 	0.57 
28.38 	15.87 	50.83 	0.82 	0.00 	0.57 
28.67 	14.56 	49.34 	0.82 	0.00 	0.57 
28.97 	13.26 	47.85 	0.82 	0.00 	0.57 
29.26 	11.95 	46.37 	0.82 	0.00 	0.57 
29.67 	10.17 	44.34 	0.82 	0.00 	0.57 
30.12 	9.46 	46.15 	0.82 	0.00 	0.57 
30.57 	8.76 	47.97 	0.82 	0.00 	0.57 
31.02 	8.05 	49.79 	0.82 	0.00 	0.57 
31.59 	7.14 	52.10 	0.82 	0.00 	0.57 
30.96 	6.10 	50.52 	0.82 	0.00 	0.57 
30.33 	5.06 	48.93 	0.82 	0.00 	0.57 
29.70 	4.01 	47.35 	0.82 	0.00 	0.57 
29.06 	2.97 	45.77 	0.82 	0.00 	0.57 
28.36 	1.81 	44.01 	0.82 	0.00 	0.57 
28.21 	2.87 	42.33 	0.82 	0.00 	0.57 
28.07 	3.94 	40.64 	0.82 	0.00 	0.57 
27.92 	5.00 	38.95 	0.82 	0.00 	0.57 
27.77 	6.07 	37.27 	0.82 	0.00 	0.57 
27.55 	7.64 	34.78 	0.82 	0.00 	0.57 
23.86 	-3.67 	35.74 	0.82 	0.00 	0.57 
24.68 	-2.66 	37.26 	0.82 	0.00 	0.57 
25.51 	-1.66 	38.78 	0.82 	0.00 	0.57 
26.34 	-0.65 	40.29 	0.82 	0.00 	0.57 
27.16 	0.35 	41.81 	0.82 	0.00 	0.57 
28.36 	1.81 	44.01 	0.82 	0.00 	0.57 
28.67 	3.78 	44.09 	0.82 	0.00 	0.57 
28.98 	5.76 	44.17 	0.82 	0.00 	0.57 
29.29 	7.73 	44.24 	0.82 	0.00 	0.57 
29.67 	10.17 	44.34 	0.82 	0.00 	0.57 
28.36 	1.81 	44.01 	0.82 	0.00 	0.57 
27.25 	0.17 	44.31 	0.82 	0.00 	0.57 
26.14 	-1.46 	44.61 	0.82 	0.00 	0.57 
25.03 	-3.10 	44.90 	0.82 	0.00 	0.57 
23.92 	-4.74 	45.20 	0.82 	0.00 	0.57 
22.80 	-6.39 	45.50 	0.82 	0.00 	0.57 
23.01 	-5.86 	43.58 	0.82 	0.00 	0.57 
23.22 	-5.32 	41.67 	0.82 	0.00 	0.57 
23.42 	-4.79 	39.75 	0.82 	0.00 	0.57 
23.63 	-4.25 	37.84 	0.82 	0.00 	0.57 
23.86 	-3.67 	35.74 	0.82 	0.00 	0.57 
16.24 	-10.93 	37.78 	0.71 	-0.41 	0.57 
14.48 	-11.76 	38.23 	0.71 	-0.41 	0.57 
12.71 	-12.59 	38.68 	0.71 	-0.41 	0.57 
10.95 	-13.42 	39.12 	0.71 	-0.41 	0.57 
9.19 	-14.25 	39.57 	0.71 	-0.41 	0.57 
6.91 	-15.33 	40.15 	0.71 	-0.41 	0.57 
4.94 	-15.65 	40.26 	0.71 	-0.41 	0.57 
2.97 	-15.97 	40.37 	0.71 	-0.41 	0.57 
1.00 	-16.29 	40.48 	0.71 	-0.41 	0.57 
-0.98 	-16.61 	40.59 	0.71 	-0.41 	0.57 
-3.51 	-17.03 	40.73 	0.71 	-0.41 	0.57 
-5.44 	-16.57 	40.50 	0.58 	-0.33 	0.74 
-7.37 	-16.11 	40.27 	0.58 	-0.33 	0.74 
-9.31 	-15.65 	40.03 	0.58 	-0.33 	0.74 
-11.24 	-15.20 	39.80 	0.58 	-0.33 	0.74 
-13.17 	-14.74 	39.56 	0.58 	-0.33 	0.74 
-14.19 	-14.50 	39.44 	0.58 	-0.33 	0.74 
-14.19 	-14.50 	40.44 	0.41 	-0.54 	0.74 
-14.19 	-14.50 	39.64 	0.21 	-0.70 	0.68 
-14.19 	-14.50 	38.94 	0.00 	-0.82 	0.57 
-14.72 	-13.97 	37.58 	0.00 	-0.82 	0.57 
-15.26 	-13.45 	35.73 	0.00 	-0.82 	0.57 
-15.79 	-12.92 	33.87 	0.00 	-0.82 	0.57 
-16.32 	-12.39 	32.02 	0.00 	-0.82 	0.57 
-16.86 	-11.87 	30.16 	0.00 	-0.82 	0.57 
-17.32 	-11.41 	28.57 	0.00 	-0.82 	0.57 
-18.19 	-10.54 	30.14 	-0.41 	-0.71 	0.57 
-19.06 	-9.66 	31.71 	-0.41 	-0.71 	0.57 
-19.93 	-8.79 	33.29 	-0.41 	-0.71 	0.57 
-20.80 	-7.91 	34.86 	-0.41 	-0.71 	0.57 
-21.67 	-7.04 	36.44 	-0.41 	-0.71 	0.57 
-22.83 	-5.87 	38.53 	-0.41 	-0.71 	0.57 
-22.80 	-5.35 	36.60 	-0.41 	-0.71 	0.57 
-22.77 	-4.83 	34.67 	-0.41 	-0.71 	0.57 
-22.74 	-4.30 	32.74 	-0.41 	-0.71 	0.57 
-22.71 	-3.78 	30.81 	-0.41 	-0.71 	0.57 
-22.68 	-3.26 	28.88 	-0.41 	-0.71 	0.57 
-22.64 	-2.51 	26.13 	-0.41 	-0.71 	0.57 
-23.08 	-1.17 	27.55 	-0.71 	-0.41 	0.57 
-23.52 	0.16 	28.97 	-0.71 	-0.41 	0.57 
-23.96 	1.50 	30.39 	-0.71 	-0.41 	0.57 
-24.40 	2.84 	31.81 	-0.71 	-0.41 	0.57 
-24.84 	4.18 	33.23 	-0.71 	-0.41 	0.57 
-25.12 	5.03 	34.13 	-0.71 	-0.41 	0.57 
-24.69 	5.47 	32.22 	-0.71 	-0.41 	0.57 
-24.26 	5.92 	30.32 	-0.71 	-0.41 	0.57 
-23.84 	6.36 	28.42 	-0.71 	-0.41 	0.57 
-23.41 	6.81 	26.52 	-0.71 	-0.41 	0.57 
-22.98 	7.25 	24.61 	-0.71 	-0.41 	0.57 
-22.66 	7.59 	23.20 	-0.71 	-0.41 	0.57 
-22.46 	8.95 	24.65 	-0.82 	0.00 	0.57 
-22.25 	10.31 	26.10 	-0.82 	0.00 	0.57 
-22.04 	11.68 	27.54 	-0.82 	0.00 	0.57 
-21.84 	13.04 	28.99 	-0.82 	0.00 	0.57 
-21.63 	14.40 	30.44 	-0.82 	0.00 	0.57 
-21.35 	16.28 	32.43 	-0.82 	0.00 	0.57 
-20.43 	17.70 	33.50 	-0.82 	0.00 	0.57 
-19.52 	19.12 	34.58 	-0.82 	0.00 	0.57 
-18.60 	20.54 	35.65 	-0.82 	0.00 	0.57 
-17.69 	21.96 	36.72 	-0.82 	0.00 	0.57 
-16.77 	23.38 	37.79 	-0.82 	0.00 	0.57 
-15.82 	24.85 	38.91 	-0.82 	0.00 	0.57 
-17.26 	23.71 	39.70 	-0.82 	0.00 	0.57 
-18.70 	22.57 	40.49 	-0.82 	0.00 	0.57 
-20.14 	21.43 	41.28 	-0.82 	0.00 	0.57 
-22.27 	19.75 	42.45 	-0.82 	0.00 	0.57 
-22.10 	19.10 	40.56 	-0.82 	0.00 	0.57 
-21.92 	18.45 	38.68 	-0.82 	0.00 	0.57 
-21.75 	17.79 	36.80 	-0.82 	0.00 	0.57 
-21.58 	17.14 	34.92 	-0.82 	0.00 	0.57 
-21.35 	16.28 	32.43 	-0.82 	0.00 	0.57 
-21.98 	14.40 	32.72 	-0.82 	0.00 	0.57 
-22.61 	12.52 	33.00 	-0.82 	0.00 	0.57 
-23.24 	10.65 	33.28 	-0.82 	0.00 	0.57 
-23.87 	8.77 	33.56 	-0.82 	0.00 	0.57 
-24.49 	6.89 	33.84 	-0.82 	0.00 	0.57 
-25.12 	5.03 	34.13 	-0.82 	0.00 	0.57 
-25.27 	6.27 	35.68 	-0.82 	0.00 	0.57 
-25.43 	7.52 	37.24 	-0.82 	0.00 	0.57 
-25.58 	8.77 	38.79 	-0.82 	0.00 	0.57 
-25.74 	10.02 	40.35 	-0.82 	0.00 	0.57 
-25.95 	11.76 	42.53 	-0.82 	0.00 	0.57 
-25.18 	12.51 	40.84 	-0.71 	0.41 	0.57 
-24.41 	13.27 	39.16 	-0.71 	0.41 	0.57 
-23.64 	14.02 	37.47 	-0.71 	0.41 	0.57 
-22.88 	14.78 	35.79 	-0.71 	0.41 	0.57 
-22.11 	15.53 	34.10 	-0.71 	0.41 	0.57 
-21.35 	16.28 	32.43 	-0.71 	0.41 	0.57 
-25.12 	5.03 	34.13 	-0.71 	0.41 	0.57 
-24.74 	3.21 	34.86 	-0.71 	0.41 	0.57 
-24.36 	1.39 	35.60 	-0.71 	0.41 	0.57 
-23.97 	-0.43 	36.33 	-0.71 	0.41 	0.57 
-23.59 	-2.25 	37.07 	-0.71 	0.41 	0.57 
-23.21 	-4.07 	37.81 	-0.71 	0.41 	0.57 
-22.83 	-5.87 	38.53 	-0.71 	0.41 	0.57 
-23.54 	-4.26 	39.48 	-0.71 	0.41 	0.57 
-24.24 	-2.65 	40.43 	-0.71 	0.41 	0.57 
-24.95 	-1.04 	41.38 	-0.71 	0.41 	0.57 
-25.66 	0.57 	42.33 	-0.71 	0.41 	0.57 
-26.60 	2.71 	43.59 	-0.71 	0.41 	0.57 
-26.30 	3.18 	41.67 	-0.71 	0.41 	0.57 
-26.00 	3.65 	39.75 	-0.71 	0.41 	0.57 
-25.70 	4.12 	37.83 	-0.71 	0.41 	0.57 
-25.40 	4.59 	35.91 	-0.71 	0.41 	0.57 
-25.12 	5.03 	34.13 	-0.71 	0.41 	0.57 
-22.83 	-5.87 	38.53 	-0.82 	0.00 	0.57 
-21.42 	-7.28 	38.68 	-0.82 	0.00 	0.57 
-20.01 	-8.69 	38.83 	-0.82 	0.00 	0.57 
-18.60 	-10.10 	38.98 	-0.82 	0.00 	0.57 
-17.18 	-11.51 	39.12 	-0.82 	0.00 	0.57 
-15.77 	-12.92 	39.27 	-0.82 	0.00 	0.57 
-14.19 	-14.50 	39.44 	-0.82 	0.00 	0.57 
-15.22 	-14.16 	41.12 	-0.82 	0.00 	0.57 
-16.24 	-13.83 	42.81 	-0.82 	0.00 	0.57 
-17.27 	-13.49 	44.49 	-0.82 	0.00 	0.57 
-18.29 	-13.15 	46.17 	-0.82 	0.00 	0.57 
-19.31 	-12.82 	47.86 	-0.82 	0.00 	0.57 
-20.05 	-12.58 	49.07 	-0.82 	0.00 	0.57 
-20.49 	-11.53 	47.43 	-0.82 	0.00 	0.57 
-20.92 	-10.48 	45.78 	-0.82 	0.00 	0.57 
-21.36 	-9.43 	44.13 	-0.82 	0.00 	0.57 
-21.79 	-8.38 	42.48 	-0.82 	0.00 	0.57 
-22.22 	-7.34 	40.84 	-0.82 	0.00 	0.57 
-22.83 	-5.87 	38.53 	-0.82 	0.00 	0.57 
-23.47 	-5.59 	40.41 	-0.82 	0.00 	0.57 
-24.10 	-5.31 	42.28 	-0.82 	0.00 	0.57 
-24.74 	-5.03 	44.16 	-0.82 	0.00 	0.57 
-25.38 	-4.75 	46.03 	-0.82 	0.00 	0.57 
-26.01 	-4.46 	47.91 	-0.82 	0.00 	0.57 
-26.82 	-4.11 	50.28 	-0.82 	0.00 	0.57 
-26.77 	-2.68 	48.88 	-0.82 	0.00 	0.57 
-26.73 	-1.25 	47.48 	-0.82 	0.00 	0.57 
-26.68 	0.17 	46.08 	-0.82 	0.00 	0.57 
-26.63 	1.60 	44.68 	-0.82 	0.00 	0.57 
-26.60 	2.71 	43.59 	-0.82 	0.00 	0.57 
-26.45 	4.69 	43.36 	-0.82 	0.00 	0.57 
-26.31 	6.67 	43.12 	-0.82 	0.00 	0.57 
-26.17 	8.65 	42.89 	-0.82 	0.00 	0.57 
-26.03 	10.63 	42.66 	-0.82 	0.00 	0.57 
-25.95 	11.76 	42.53 	-0.82 	0.00 	0.57 
-25.11 	13.58 	42.51 	-0.82 	0.00 	0.57 
-24.28 	15.39 	42.49 	-0.82 	0.00 	0.57 
-23.44 	17.21 	42.47 	-0.82 	0.00 	0.57 
-22.27 	19.75 	42.45 	-0.82 	0.00 	0.57 
-21.63 	21.03 	43.84 	-0.82 	0.00 	0.57 
-20.99 	22.31 	45.24 	-0.82 	0.00 	0.57 
-20.36 	23.60 	46.64 	-0.82 	0.00 	0.57 
-19.44 	25.43 	48.64 	-0.82 	0.00 	0.57 
-19.44 	25.43 	49.64 	-0.74 	0.26 	0.62 
-19.44 	25.43 	48.84 	-0.60 	0.51 	0.62 
-19.44 	25.43 	48.14 	-0.41 	0.71 	0.57 
-18.75 	25.32 	46.77 	-0.41 	0.71 	0.57 
-18.05 	25.21 	44.90 	-0.41 	0.71 	0.57 
-17.35 	25.10 	43.03 	-0.41 	0.71 	0.57 
-16.66 	24.99 	41.16 	-0.41 	0.71 	0.57 
-15.82 	24.85 	38.91 	-0.41 	0.71 	0.57 
-14.84 	25.77 	40.39 	-0.41 	0.71 	0.57 
-13.86 	26.68 	41.88 	-0.41 	0.71 	0.57 
-12.88 	27.59 	43.36 	-0.41 	0.71 	0.57 
-11.89 	28.51 	44.84 	-0.41 	0.71 	0.57 
-10.46 	29.84 	47.01 	-0.41 	0.71 	0.57 
-9.61 	29.67 	45.21 	-0.41 	0.71 	0.57 
-8.75 	29.50 	43.41 	-0.41 	0.71 	0.57 
-7.89 	29.33 	41.61 	-0.41 	0.71 	0.57 
-7.04 	29.16 	39.81 	-0.41 	0.71 	0.57 
-6.18 	28.99 	38.01 	-0.41 	0.71 	0.57 
-5.51 	28.86 	36.59 	-0.41 	0.71 	0.57 
0.65 	30.23 	46.63 	-0.41 	0.71 	0.57 
2.59 	29.80 	46.81 	-0.41 	0.71 	0.57 
4.54 	29.37 	46.99 	-0.41 	0.71 	0.57 
6.48 	28.94 	47.17 	-0.41 	0.71 	0.57 
8.43 	28.51 	47.35 	-0.41 	0.71 	0.57 
10.37 	28.08 	47.52 	-0.41 	0.71 	0.57 
11.85 	27.75 	47.66 	-0.41 	0.71 	0.57 
13.06 	27.20 	46.17 	0.00 	0.82 	0.57 
14.28 	26.65 	44.67 	0.00 	0.82 	0.57 
15.49 	26.10 	43.18 	0.00 	0.82 	0.57 
16.70 	25.55 	41.69 	0.00 	0.82 	0.57 
17.91 	25.00 	40.20 	0.00 	0.82 	0.57 
18.81 	24.59 	39.10 	0.00 	0.82 	0.57 
19.27 	24.22 	41.01 	0.00 	0.82 	0.57 
19.73 	23.84 	42.92 	0.00 	0.82 	0.57 
20.20 	23.46 	44.83 	0.00 	0.82 	0.57 
20.66 	23.08 	46.73 	0.00 	0.82 	0.57 
21.30 	22.57 	49.36 	0.00 	0.82 	0.57 
22.73 	21.21 	49.66 	0.00 	0.82 	0.57 
24.17 	19.85 	49.96 	0.00 	0.82 	0.57 
25.61 	18.49 	50.25 	0.00 	0.82 	0.57 
27.04 	17.13 	50.55 	0.00 	0.82 	0.57 
28.38 	15.87 	50.83 	0.00 	0.82 	0.57 
29.06 	14.01 	51.10 	0.00 	0.82 	0.57 
29.75 	12.15 	51.37 	0.00 	0.82 	0.57 
30.43 	10.29 	51.64 	0.00 	0.82 	0.57 
31.12 	8.43 	51.91 	0.00 	0.82 	0.57 
31.59 	7.14 	52.10 	0.00 	0.82 	0.57 
31.09 	5.22 	52.28 	0.00 	0.82 	0.57 
30.58 	3.29 	52.45 	0.00 	0.82 	0.57 
30.07 	1.36 	52.62 	0.00 	0.82 	0.57 
29.57 	-0.56 	52.80 	0.00 	0.82 	0.57 
29.16 	-2.09 	52.94 	0.00 	0.82 	0.57 
29.16 	-2.09 	53.94 	-0.21 	0.70 	0.68 
29.16 	-2.09 	53.14 	-0.41 	0.54 	0.74 
29.16 	-2.09 	52.44 	-0.58 	0.33 	0.74 
29.00 	-1.30 	51.11 	-0.58 	0.33 	0.74 
28.84 	-0.50 	49.28 	-0.58 	0.33 	0.74 
28.67 	0.30 	47.46 	-0.58 	0.33 	0.74 
28.51 	1.10 	45.63 	-0.58 	0.33 	0.74 
28.36 	1.81 	44.01 	-0.58 	0.33 	0.74 
22.80 	-6.39 	45.50 	-0.58 	0.33 	0.74 
21.23 	-7.52 	46.00 	-0.58 	0.33 	0.74 
19.65 	-8.65 	46.50 	-0.58 	0.33 	0.74 
18.08 	-9.77 	46.99 	-0.58 	0.33 	0.74 
16.50 	-10.90 	47.49 	-0.58 	0.33 	0.74 
14.48 	-12.34 	48.13 	-0.58 	0.33 	0.74 
14.48 	-12.34 	49.13 	-0.60 	-0.04 	0.80 
14.48 	-12.34 	48.33 	-0.55 	-0.40 	0.74 
14.48 	-12.34 	47.63 	-0.41 	-0.71 	0.57 
14.82 	-12.08 	46.17 	-0.41 	-0.71 	0.57 
15.15 	-11.81 	44.22 	-0.41 	-0.71 	0.57 
15.48 	-11.54 	42.27 	-0.41 	-0.71 	0.57 
15.81 	-11.27 	40.31 	-0.41 	-0.71 	0.57 
16.24 	-10.93 	37.78 	-0.41 	-0.71 	0.57 
17.42 	-10.11 	39.17 	0.00 	-0.82 	0.57 
18.60 	-9.29 	40.56 	0.00 	-0.82 	0.57 
19.79 	-8.48 	41.95 	0.00 	-0.82 	0.57 
20.97 	-7.66 	43.34 	0.00 	-0.82 	0.57 
22.15 	-6.84 	44.73 	0.00 	-0.82 	0.57 
22.80 	-6.39 	45.50 	0.00 	-0.82 	0.57 
23.99 	-5.59 	46.89 	0.00 	-0.82 	0.57 
25.18 	-4.78 	48.28 	0.00 	-0.82 	0.57 
26.37 	-3.98 	49.67 	0.00 	-0.82 	0.57 
27.56 	-3.17 	51.07 	0.00 	-0.82 	0.57 
29.16 	-2.09 	52.94 	0.00 	-0.82 	0.57 
29.22 	-3.05 	54.69 	0.00 	-0.82 	0.57 
29.29 	-4.01 	56.44 	0.00 	-0.82 	0.57 
29.35 	-4.97 	58.20 	0.00 	-0.82 	0.57 
29.42 	-6.11 	60.27 	0.00 	-0.82 	0.57 
27.94 	-6.76 	59.10 	0.00 	-0.82 	0.57 
26.45 	-7.41 	57.93 	0.00 	-0.82 	0.57 
24.97 	-8.07 	56.76 	0.00 	-0.82 	0.57 
23.48 	-8.72 	55.59 	0.00 	-0.82 	0.57 
22.58 	-9.12 	54.88 	0.00 	-0.82 	0.57 
22.62 	-8.56 	52.96 	0.00 	-0.82 	0.57 
22.67 	-8.00 	51.04 	0.00 	-0.82 	0.57 
22.71 	-7.44 	49.12 	0.00 	-0.82 	0.57 
22.76 	-6.89 	47.20 	0.00 	-0.82 	0.57 
22.80 	-6.39 	45.50 	0.00 	-0.82 	0.57 
16.24 	-10.93 	37.78 	0.00 	-0.82 	0.57 
15.00 	-11.65 	36.39 	0.00 	-0.82 	0.57 
13.76 	-12.36 	34.99 	0.00 	-0.82 	0.57 
12.52 	-13.08 	33.59 	0.00 	-0.82 	0.57 
11.28 	-13.80 	32.20 	0.00 	-0.82 	0.57 
10.04 	-14.52 	30.80 	0.00 	-0.82 	0.57 
9.15 	-15.03 	29.80 	0.00 	-0.82 	0.57 
0.91 	-17.06 	32.57 	0.00 	-0.82 	0.57 
-1.03 	-16.94 	32.10 	0.00 	-0.82 	0.57 
-2.97 	-16.82 	31.62 	0.00 	-0.82 	0.57 
-4.91 	-16.70 	31.15 	0.00 	-0.82 	0.57 
-6.85 	-16.57 	30.68 	0.00 	-0.82 	0.57 
-8.01 	-16.50 	30.40 	0.00 	-0.82 	0.57 
-9.12 	-16.14 	32.03 	0.00 	-0.82 	0.57 
-10.23 	-15.78 	33.65 	0.00 	-0.82 	0.57 
-11.34 	-15.42 	35.27 	0.00 	-0.82 	0.57 
-12.45 	-15.06 	36.90 	0.00 	-0.82 	0.57 
-13.56 	-14.70 	38.52 	0.00 	-0.82 	0.57 
-14.19 	-14.50 	39.44 	0.00 	-0.82 	0.57 
-13.42 	-14.92 	41.23 	0.00 	-0.82 	0.57 
-12.64 	-15.35 	43.03 	0.00 	-0.82 	0.57 
-11.87 	-15.77 	44.82 	0.00 	-0.82 	0.57 
-11.10 	-16.20 	46.62 	0.00 	-0.82 	0.57 
-10.32 	-16.62 	48.41 	0.00 	-0.82 	0.57 
-9.62 	-17.01 	50.05 	0.00 	-0.82 	0.57 
-11.45 	-16.23 	49.88 	0.00 	-0.82 	0.57 
-13.28 	-15.45 	49.71 	0.00 	-0.82 	0.57 
-15.12 	-14.67 	49.54 	0.00 	-0.82 	0.57 
-16.95 	-13.89 	49.36 	0.00 	-0.82 	0.57 
