0.12 2.69 0 0 0 1
0.12 3.34 0 0 0 1
1.47 3.34 0 0 0 1
1.47 0.59 0 0 0 1
4.76 0.59 0 0 0 1
4.76 6.04 0 0 0 1
2.46 6.04 0 0 0 1
2.46 8.94 0 0 0 1
3.67 8.94 0 0 0 1
3.67 9.59 0 0 0 1
2.81 9.59 0 0 0 1
2.81 10.44 0 0 0 1
1.81 10.44 0 0 0 1
1.81 7.39 0 0 0 1
2.42 7.39 0 0 0 1
2.42 8.94 0 0 0 1
1.86 8.94 0 0 0 1
1.86 10.39 0 0 0 1
2.77 10.39 0 0 0 1
2.77 9.64 0 0 0 1
2.71 9.64 0 0 0 1
2.71 10.34 0 0 0 1
1.92 10.34 0 0 0 1
1.92 8.99 0 0 0 1
2.37 8.99 0 0 0 1
0.56 4.94 0 0 0 1
0.56 3.39 0 0 0 1
1.47 3.39 0 0 0 1
1.31 10.09 0 0 0 1
1.76 10.09 0 0 0 1
1.76 10.39 0 0 0 1
1.72 10.39 0 0 0 1
1.72 10.14 0 0 0 1
1.42 10.14 0 0 0 1
0.61 4.94 0 0 0 1
0.61 3.44 0 0 0 1
1.42 3.44 0 0 0 1
1.42 4.09 0 0 0 1
0.67 4.09 0 0 0 1
0.67 4.89 0 0 0 1
1.51 10.24 0 0 0 1
1.67 10.24 0 0 0 1
1.67 10.34 0 0 0 1
0.52 4.79 0 0 0 1
0.52 3.39 0 0 0 1
0.17 3.39 0 0 0 1
0.17 3.64 0 0 0 1
0.47 3.64 0 0 0 1
0.47 3.44 0 0 0 1
0.21 3.44 0 0 0 1
0.21 3.59 0 0 0 1
0.41 3.59 0 0 0 1
0.41 3.49 0 0 0 1
0.27 3.49 0 0 0 1
0.27 3.54 0 0 0 1
0.36 3.54 0 0 0 1
1.47 10.19 0 0 0 1
1.67 10.19 0 0 0 1
0.71 4.84 0 0 0 1
0.71 4.14 0 0 0 1
1.36 4.14 0 0 0 1
1.36 4.19 0 0 0 1
0.77 4.19 0 0 0 1
0.77 4.79 0 0 0 1
0.81 4.79 0 0 0 1
0.81 4.24 0 0 0 1
1.31 4.24 0 0 0 1
1.31 4.29 0 0 0 1
0.86 4.29 0 0 0 1
0.86 4.74 0 0 0 1
1.31 10.04 0 0 0 1
1.31 8.39 0 0 0 1
1.76 8.39 0 0 0 1
1.76 7.49 0 0 0 1
0.47 4.59 0 0 0 1
0.47 3.69 0 0 0 1
0.21 3.69 0 0 0 1
0.21 3.79 0 0 0 1
0.41 3.79 0 0 0 1
0.41 4.44 0 0 0 1
1.26 9.99 0 0 0 1
1.26 8.49 0 0 0 1
0.36 4.29 0 0 0 1
0.36 3.84 0 0 0 1
0.27 3.84 0 0 0 1
0.27 3.94 0 0 0 1
0.32 3.94 0 0 0 1
0.32 4.14 0 0 0 1
0.92 4.69 0 0 0 1
0.92 4.34 0 0 0 1
1.26 4.34 0 0 0 1
1.26 4.39 0 0 0 1
0.96 4.39 0 0 0 1
0.96 4.69 0 0 0 1
1.36 10.04 0 0 0 1
1.36 8.44 0 0 0 1
1.76 8.44 0 0 0 1
1.76 10.04 0 0 0 1
1.42 10.04 0 0 0 1
1.42 8.49 0 0 0 1
1.72 8.49 0 0 0 1
1.72 9.99 0 0 0 1
1.47 9.99 0 0 0 1
1.47 8.54 0 0 0 1
1.67 8.54 0 0 0 1
1.67 9.94 0 0 0 1
1.51 9.94 0 0 0 1
1.51 8.59 0 0 0 1
1.61 8.59 0 0 0 1
1.61 9.89 0 0 0 1
1.56 9.89 0 0 0 1
1.56 8.64 0 0 0 1
1.01 4.64 0 0 0 1
1.01 4.44 0 0 0 1
1.22 4.44 0 0 0 1
1.22 4.49 0 0 0 1
1.06 4.49 0 0 0 1
1.06 4.59 0 0 0 1
1.11 4.59 0 0 0 1
1.11 4.54 0 0 0 1
1.17 4.54 0 0 0 1
1.22 9.89 0 0 0 1
1.22 8.64 0 0 0 1
1.86 10.49 0 0 0 1
2.77 10.49 0 0 0 1
0.27 3.74 0 0 0 1
0.41 3.74 0 0 0 1
1.17 9.74 0 0 0 1
1.17 8.84 0 0 0 1
0.67 4.04 0 0 0 1
1.36 4.04 0 0 0 1
1.36 3.49 0 0 0 1
0.67 3.49 0 0 0 1
0.67 3.99 0 0 0 1
1.31 3.99 0 0 0 1
1.31 3.54 0 0 0 1
0.71 3.54 0 0 0 1
0.71 3.94 0 0 0 1
1.26 3.94 0 0 0 1
1.26 3.59 0 0 0 1
0.77 3.59 0 0 0 1
0.77 3.89 0 0 0 1
1.22 3.89 0 0 0 1
1.22 3.64 0 0 0 1
0.81 3.64 0 0 0 1
0.81 3.84 0 0 0 1
1.17 3.84 0 0 0 1
1.17 3.69 0 0 0 1
0.86 3.69 0 0 0 1
0.86 3.79 0 0 0 1
1.11 3.79 0 0 0 1
1.11 3.74 0 0 0 1
0.92 3.74 0 0 0 1
1.11 9.59 0 0 0 1
1.11 8.99 0 0 0 1
0.17 3.29 0 0 0 1
1.42 3.29 0 0 0 1
1.42 0.64 0 0 0 1
1.06 9.49 0 0 0 1
1.06 9.14 0 0 0 1
0.71 1.19 0 0 0 1
1.36 1.19 0 0 0 1
1.36 0.69 0 0 0 1
1.97 10.29 0 0 0 1
1.97 9.04 0 0 0 1
2.27 9.04 0 0 0 1
0.67 1.24 0 0 0 1
1.36 1.24 0 0 0 1
1.36 3.24 0 0 0 1
0.17 3.24 0 0 0 1
0.17 2.54 0 0 0 1
1.31 2.54 0 0 0 1
1.31 3.19 0 0 0 1
0.21 3.19 0 0 0 1
0.21 2.59 0 0 0 1
1.26 2.59 0 0 0 1
1.26 3.14 0 0 0 1
0.27 3.14 0 0 0 1
0.27 2.64 0 0 0 1
1.22 2.64 0 0 0 1
1.22 3.09 0 0 0 1
0.32 3.09 0 0 0 1
0.32 2.69 0 0 0 1
1.17 2.69 0 0 0 1
1.17 3.04 0 0 0 1
0.36 3.04 0 0 0 1
0.36 2.74 0 0 0 1
1.11 2.74 0 0 0 1
1.11 2.99 0 0 0 1
0.41 2.99 0 0 0 1
0.41 2.79 0 0 0 1
1.06 2.79 0 0 0 1
1.06 2.94 0 0 0 1
0.47 2.94 0 0 0 1
0.47 2.84 0 0 0 1
1.01 2.84 0 0 0 1
1.01 2.89 0 0 0 1
0.52 2.89 0 0 0 1
0.61 1.29 0 0 0 1
0.61 2.49 0 0 0 1
1.31 2.49 0 0 0 1
1.31 1.29 0 0 0 1
0.67 1.29 0 0 0 1
0.67 2.44 0 0 0 1
1.26 2.44 0 0 0 1
1.26 1.34 0 0 0 1
0.71 1.34 0 0 0 1
0.71 2.39 0 0 0 1
1.22 2.39 0 0 0 1
1.22 1.39 0 0 0 1
0.77 1.39 0 0 0 1
0.77 2.34 0 0 0 1
1.17 2.34 0 0 0 1
1.17 1.44 0 0 0 1
0.81 1.44 0 0 0 1
0.81 2.29 0 0 0 1
1.11 2.29 0 0 0 1
1.11 1.49 0 0 0 1
0.86 1.49 0 0 0 1
0.86 2.24 0 0 0 1
1.06 2.24 0 0 0 1
1.06 1.54 0 0 0 1
0.92 1.54 0 0 0 1
0.92 2.19 0 0 0 1
1.01 2.19 0 0 0 1
1.01 1.59 0 0 0 1
0.96 1.59 0 0 0 1
0.96 2.14 0 0 0 1
2.02 10.29 0 0 0 1
2.02 9.29 0 0 0 1
0.96 0.99 0 0 0 1
1.31 0.99 0 0 0 1
1.31 0.74 0 0 0 1
2.31 10.54 0 0 0 1
2.62 10.54 0 0 0 1
0.92 1.04 0 0 0 1
0.92 1.14 0 0 0 1
1.31 1.14 0 0 0 1
1.31 1.04 0 0 0 1
0.96 1.04 0 0 0 1
0.96 1.09 0 0 0 1
1.26 1.09 0 0 0 1
2.06 10.29 0 0 0 1
2.06 9.54 0 0 0 1
0.86 1.09 0 0 0 1
0.86 1.14 0 0 0 1
0.81 1.14 0 0 0 1
2.12 10.29 0 0 0 1
2.12 9.69 0 0 0 1
2.31 9.69 0 0 0 1
2.31 10.29 0 0 0 1
2.67 10.29 0 0 0 1
2.67 9.69 0 0 0 1
0.56 1.39 0 0 0 1
0.56 2.49 0 0 0 1
0.21 2.49 0 0 0 1
0.21 2.39 0 0 0 1
0.52 2.39 0 0 0 1
0.52 1.54 0 0 0 1
2.17 10.29 0 0 0 1
2.17 9.74 0 0 0 1
2.27 9.74 0 0 0 1
2.27 10.29 0 0 0 1
2.21 10.29 0 0 0 1
2.21 9.79 0 0 0 1
1.22 0.79 0 0 0 1
1.22 0.94 0 0 0 1
1.06 0.94 0 0 0 1
2.37 10.24 0 0 0 1
2.37 9.74 0 0 0 1
2.62 9.74 0 0 0 1
2.62 10.24 0 0 0 1
2.42 10.24 0 0 0 1
2.42 9.79 0 0 0 1
2.56 9.79 0 0 0 1
2.56 10.19 0 0 0 1
2.46 10.19 0 0 0 1
2.46 9.84 0 0 0 1
2.52 9.84 0 0 0 1
2.52 10.14 0 0 0 1
1.17 0.84 0 0 0 1
1.17 0.89 0 0 0 1
1.11 0.89 0 0 0 1
2.87 10.44 0 0 0 1
2.87 9.64 0 0 0 1
3.62 9.64 0 0 0 1
3.62 9.74 0 0 0 1
2.92 9.74 0 0 0 1
2.92 10.44 0 0 0 1
1.26 0.79 0 0 0 1
1.26 0.94 0 0 0 1
2.96 10.39 0 0 0 1
2.96 9.79 0 0 0 1
3.56 9.79 0 0 0 1
3.56 9.94 0 0 0 1
3.02 9.94 0 0 0 1
3.02 10.39 0 0 0 1
3.06 10.39 0 0 0 1
3.06 9.99 0 0 0 1
3.52 9.99 0 0 0 1
1.61 0.49 0 0 0 1
4.62 0.49 0 0 0 1
4.62 0.54 0 0 0 1
4.71 0.54 0 0 0 1
3.12 10.34 0 0 0 1
3.12 10.04 0 0 0 1
3.46 10.04 0 0 0 1
1.56 0.54 0 0 0 1
4.57 0.54 0 0 0 1
3.17 10.34 0 0 0 1
3.17 10.09 0 0 0 1
3.42 10.09 0 0 0 1
1.72 0.44 0 0 0 1
4.46 0.44 0 0 0 1
2.02 9.19 0 0 0 1
2.02 9.09 0 0 0 1
2.17 9.09 0 0 0 1
1.51 0.64 0 0 0 1
4.71 0.64 0 0 0 1
4.71 5.99 0 0 0 1
2.52 5.99 0 0 0 1
2.52 5.94 0 0 0 1
4.67 5.94 0 0 0 1
4.67 0.69 0 0 0 1
1.51 0.69 0 0 0 1
1.51 3.19 0 0 0 1
3.21 10.34 0 0 0 1
3.21 10.14 0 0 0 1
3.37 10.14 0 0 0 1
3.37 10.19 0 0 0 1
3.27 10.19 0 0 0 1
3.27 10.29 0 0 0 1
0.47 1.69 0 0 0 1
0.47 2.34 0 0 0 1
0.27 2.34 0 0 0 1
0.27 2.24 0 0 0 1
0.41 2.24 0 0 0 1
0.41 1.79 0 0 0 1
2.06 9.14 0 0 0 1
2.12 9.14 0 0 0 1
1.92 0.39 0 0 0 1
4.37 0.39 0 0 0 1
1.86 8.89 0 0 0 1
1.86 7.44 0 0 0 1
2.37 7.44 0 0 0 1
2.37 8.89 0 0 0 1
1.92 8.89 0 0 0 1
1.92 7.49 0 0 0 1
2.31 7.49 0 0 0 1
2.31 8.84 0 0 0 1
1.97 8.84 0 0 0 1
1.97 7.54 0 0 0 1
2.27 7.54 0 0 0 1
2.27 8.79 0 0 0 1
2.02 8.79 0 0 0 1
2.02 7.59 0 0 0 1
2.21 7.59 0 0 0 1
2.21 8.74 0 0 0 1
2.06 8.74 0 0 0 1
2.06 7.64 0 0 0 1
2.17 7.64 0 0 0 1
2.17 8.69 0 0 0 1
2.12 8.69 0 0 0 1
2.12 7.69 0 0 0 1
1.56 0.74 0 0 0 1
4.62 0.74 0 0 0 1
4.62 5.89 0 0 0 1
2.56 5.89 0 0 0 1
2.56 5.84 0 0 0 1
4.57 5.84 0 0 0 1
4.57 0.79 0 0 0 1
1.56 0.79 0 0 0 1
1.56 3.04 0 0 0 1
1.36 8.34 0 0 0 1
1.72 8.34 0 0 0 1
1.72 7.59 0 0 0 1
0.36 1.94 0 0 0 1
0.36 2.19 0 0 0 1
0.32 2.19 0 0 0 1
0.32 2.09 0 0 0 1
2.12 0.34 0 0 0 1
4.26 0.34 0 0 0 1
1.36 8.29 0 0 0 1
1.67 8.29 0 0 0 1
1.67 7.69 0 0 0 1
1.61 0.84 0 0 0 1
1.61 2.94 0 0 0 1
3.02 9.89 0 0 0 1
3.52 9.89 0 0 0 1
3.52 9.84 0 0 0 1
3.02 9.84 0 0 0 1
1.67 0.84 0 0 0 1
1.67 2.89 0 0 0 1
1.42 8.24 0 0 0 1
1.61 8.24 0 0 0 1
1.61 7.79 0 0 0 1
1.72 0.84 0 0 0 1
1.72 2.84 0 0 0 1
2.92 9.69 0 0 0 1
3.56 9.69 0 0 0 1
2.31 0.29 0 0 0 1
4.12 0.29 0 0 0 1
1.42 8.19 0 0 0 1
1.56 8.19 0 0 0 1
1.56 7.89 0 0 0 1
1.76 0.84 0 0 0 1
4.51 0.84 0 0 0 1
4.51 5.79 0 0 0 1
2.62 5.79 0 0 0 1
2.62 5.74 0 0 0 1
4.46 5.74 0 0 0 1
4.46 0.89 0 0 0 1
1.76 0.89 0 0 0 1
1.76 2.79 0 0 0 1
2.81 9.54 0 0 0 1
2.81 8.99 0 0 0 1
3.62 8.99 0 0 0 1
3.62 9.54 0 0 0 1
2.87 9.54 0 0 0 1
2.87 9.04 0 0 0 1
3.56 9.04 0 0 0 1
3.56 9.49 0 0 0 1
2.92 9.49 0 0 0 1
2.92 9.09 0 0 0 1
3.52 9.09 0 0 0 1
3.52 9.44 0 0 0 1
2.96 9.44 0 0 0 1
2.96 9.14 0 0 0 1
3.46 9.14 0 0 0 1
3.46 9.39 0 0 0 1
3.02 9.39 0 0 0 1
3.02 9.19 0 0 0 1
3.42 9.19 0 0 0 1
3.42 9.34 0 0 0 1
3.06 9.34 0 0 0 1
3.06 9.24 0 0 0 1
3.37 9.24 0 0 0 1
3.37 9.29 0 0 0 1
3.12 9.29 0 0 0 1
0.32 2.29 0 0 0 1
0.41 2.29 0 0 0 1
1.47 8.14 0 0 0 1
1.51 8.14 0 0 0 1
1.51 7.99 0 0 0 1
0.27 2.44 0 0 0 1
0.52 2.44 0 0 0 1
2.52 0.24 0 0 0 1
4.01 0.24 0 0 0 1
2.62 9.04 0 0 0 1
2.77 9.04 0 0 0 1
2.77 9.14 0 0 0 1
1.81 0.94 0 0 0 1
4.42 0.94 0 0 0 1
4.42 5.69 0 0 0 1
2.67 5.69 0 0 0 1
2.67 5.64 0 0 0 1
4.37 5.64 0 0 0 1
4.37 0.99 0 0 0 1
1.81 0.99 0 0 0 1
1.81 2.74 0 0 0 1
2.56 8.99 0 0 0 1
2.77 8.99 0 0 0 1
5.57 1.24 0 0 0 1
4.82 1.24 0 0 0 1
4.82 0.64 0 0 0 1
5.51 1.19 0 0 0 1
4.87 1.19 0 0 0 1
4.87 0.69 0 0 0 1
4.92 0.69 0 0 0 1
4.92 1.14 0 0 0 1
5.46 1.14 0 0 0 1
2.52 8.89 0 0 0 1
2.52 6.09 0 0 0 1
4.71 6.09 0 0 0 1
2.71 0.19 0 0 0 1
3.77 0.19 0 0 0 1
2.56 8.89 0 0 0 1
2.56 6.14 0 0 0 1
4.67 6.14 0 0 0 1
1.86 1.04 0 0 0 1
4.32 1.04 0 0 0 1
4.32 5.59 0 0 0 1
2.71 5.59 0 0 0 1
2.71 5.54 0 0 0 1
4.26 5.54 0 0 0 1
4.26 1.09 0 0 0 1
1.86 1.09 0 0 0 1
1.86 2.69 0 0 0 1
2.62 8.89 0 0 0 1
2.62 6.19 0 0 0 1
4.62 6.19 0 0 0 1
2.92 0.14 0 0 0 1
3.42 0.14 0 0 0 1
2.67 8.89 0 0 0 1
2.67 6.24 0 0 0 1
4.57 6.24 0 0 0 1
1.92 1.14 0 0 0 1
4.21 1.14 0 0 0 1
4.21 5.49 0 0 0 1
2.77 5.49 0 0 0 1
2.77 5.44 0 0 0 1
4.17 5.44 0 0 0 1
4.17 1.19 0 0 0 1
1.92 1.19 0 0 0 1
1.92 2.64 0 0 0 1
1.97 2.64 0 0 0 1
1.97 1.24 0 0 0 1
4.12 1.24 0 0 0 1
4.12 5.39 0 0 0 1
2.81 5.39 0 0 0 1
2.81 5.34 0 0 0 1
4.07 5.34 0 0 0 1
4.07 1.29 0 0 0 1
2.02 1.29 0 0 0 1
2.02 2.59 0 0 0 1
2.12 2.59 0 0 0 1
2.12 1.34 0 0 0 1
4.01 1.34 0 0 0 1
4.01 5.29 0 0 0 1
2.87 5.29 0 0 0 1
2.87 5.24 0 0 0 1
3.96 5.24 0 0 0 1
3.96 1.39 0 0 0 1
2.17 1.39 0 0 0 1
2.17 2.54 0 0 0 1
2.21 2.54 0 0 0 1
2.21 1.44 0 0 0 1
3.92 1.44 0 0 0 1
3.92 5.19 0 0 0 1
2.92 5.19 0 0 0 1
2.92 5.14 0 0 0 1
3.87 5.14 0 0 0 1
3.87 1.49 0 0 0 1
2.27 1.49 0 0 0 1
2.27 2.49 0 0 0 1
3.81 2.49 0 0 0 1
3.81 1.54 0 0 0 1
2.31 1.54 0 0 0 1
2.31 2.44 0 0 0 1
3.77 2.44 0 0 0 1
3.77 1.59 0 0 0 1
2.37 1.59 0 0 0 1
2.37 2.39 0 0 0 1
3.71 2.39 0 0 0 1
3.71 1.64 0 0 0 1
2.42 1.64 0 0 0 1
2.42 2.34 0 0 0 1
3.67 2.34 0 0 0 1
3.67 1.69 0 0 0 1
2.46 1.69 0 0 0 1
2.46 2.29 0 0 0 1
3.62 2.29 0 0 0 1
3.62 1.74 0 0 0 1
2.52 1.74 0 0 0 1
2.52 2.24 0 0 0 1
3.56 2.24 0 0 0 1
3.56 1.79 0 0 0 1
2.56 1.79 0 0 0 1
2.56 2.19 0 0 0 1
3.52 2.19 0 0 0 1
3.52 1.84 0 0 0 1
2.62 1.84 0 0 0 1
2.62 2.14 0 0 0 1
3.46 2.14 0 0 0 1
3.46 1.89 0 0 0 1
2.67 1.89 0 0 0 1
2.67 2.09 0 0 0 1
3.42 2.09 0 0 0 1
3.42 1.94 0 0 0 1
2.71 1.94 0 0 0 1
2.71 2.04 0 0 0 1
3.37 2.04 0 0 0 1
3.37 1.99 0 0 0 1
2.77 1.99 0 0 0 1
3.71 9.39 0 0 0 1
3.71 9.09 0 0 0 1
5.42 1.09 0 0 0 1
4.96 1.09 0 0 0 1
4.96 0.74 0 0 0 1
2.71 8.89 0 0 0 1
2.71 6.29 0 0 0 1
4.51 6.29 0 0 0 1
2.06 1.34 0 0 0 1
2.06 2.54 0 0 0 1
2.77 8.89 0 0 0 1
2.77 6.34 0 0 0 1
4.46 6.34 0 0 0 1
5.37 1.04 0 0 0 1
5.01 1.04 0 0 0 1
5.01 0.79 0 0 0 1
5.07 0.79 0 0 0 1
5.07 0.99 0 0 0 1
5.32 0.99 0 0 0 1
2.81 8.89 0 0 0 1
2.81 6.39 0 0 0 1
4.42 6.39 0 0 0 1
5.26 0.94 0 0 0 1
5.12 0.94 0 0 0 1
5.12 0.84 0 0 0 1
5.67 1.39 0 0 0 1
5.67 5.04 0 0 0 1
4.82 5.04 0 0 0 1
4.82 1.29 0 0 0 1
5.57 1.29 0 0 0 1
5.57 4.99 0 0 0 1
4.87 4.99 0 0 0 1
4.87 1.34 0 0 0 1
5.51 1.34 0 0 0 1
5.51 4.94 0 0 0 1
4.92 4.94 0 0 0 1
4.92 1.39 0 0 0 1
5.46 1.39 0 0 0 1
5.46 4.89 0 0 0 1
4.96 4.89 0 0 0 1
4.96 1.44 0 0 0 1
5.42 1.44 0 0 0 1
5.42 4.84 0 0 0 1
5.01 4.84 0 0 0 1
5.01 1.49 0 0 0 1
5.37 1.49 0 0 0 1
5.37 4.79 0 0 0 1
5.07 4.79 0 0 0 1
5.07 1.54 0 0 0 1
5.32 1.54 0 0 0 1
5.32 4.74 0 0 0 1
5.12 4.74 0 0 0 1
5.12 1.59 0 0 0 1
5.26 1.59 0 0 0 1
5.26 4.69 0 0 0 1
5.17 4.69 0 0 0 1
5.17 1.64 0 0 0 1
5.21 1.64 0 0 0 1
5.21 4.64 0 0 0 1
2.87 8.89 0 0 0 1
2.87 6.44 0 0 0 1
4.37 6.44 0 0 0 1
5.62 1.34 0 0 0 1
5.62 4.99 0 0 0 1
2.92 8.89 0 0 0 1
2.92 6.49 0 0 0 1
4.32 6.49 0 0 0 1
2.96 8.89 0 0 0 1
2.96 6.54 0 0 0 1
4.26 6.54 0 0 0 1
5.76 1.54 0 0 0 1
5.76 4.89 0 0 0 1
5.71 4.89 0 0 0 1
5.71 4.99 0 0 0 1
3.02 8.89 0 0 0 1
3.02 6.59 0 0 0 1
4.21 6.59 0 0 0 1
5.71 1.49 0 0 0 1
5.71 4.84 0 0 0 1
3.06 8.89 0 0 0 1
3.06 6.64 0 0 0 1
4.17 6.64 0 0 0 1
5.87 1.69 0 0 0 1
5.87 4.79 0 0 0 1
5.82 4.79 0 0 0 1
5.82 4.84 0 0 0 1
3.12 8.89 0 0 0 1
3.12 6.69 0 0 0 1
4.12 6.69 0 0 0 1
5.82 1.64 0 0 0 1
5.82 4.74 0 0 0 1
3.17 8.89 0 0 0 1
3.17 6.74 0 0 0 1
4.07 6.74 0 0 0 1
5.96 1.84 0 0 0 1
5.96 4.59 0 0 0 1
5.92 4.59 0 0 0 1
5.92 4.69 0 0 0 1
3.21 8.89 0 0 0 1
3.21 6.79 0 0 0 1
4.01 6.79 0 0 0 1
5.92 1.79 0 0 0 1
5.92 4.54 0 0 0 1
3.27 8.89 0 0 0 1
3.27 6.84 0 0 0 1
3.96 6.84 0 0 0 1
6.01 1.94 0 0 0 1
6.01 4.49 0 0 0 1
3.62 8.89 0 0 0 1
3.31 8.89 0 0 0 1
3.31 6.89 0 0 0 1
3.92 6.89 0 0 0 1
6.07 2.09 0 0 0 1
6.07 4.34 0 0 0 1
3.62 8.84 0 0 0 1
3.37 8.84 0 0 0 1
3.37 6.94 0 0 0 1
3.87 6.94 0 0 0 1
6.12 2.24 0 0 0 1
6.12 4.24 0 0 0 1
1.86 7.34 0 0 0 1
2.42 7.34 0 0 0 1
2.42 6.14 0 0 0 1
6.17 2.39 0 0 0 1
6.17 4.09 0 0 0 1
3.56 8.79 0 0 0 1
3.42 8.79 0 0 0 1
3.42 6.99 0 0 0 1
3.81 6.99 0 0 0 1
6.21 2.54 0 0 0 1
6.21 3.94 0 0 0 1
1.86 7.29 0 0 0 1
2.37 7.29 0 0 0 1
2.37 6.24 0 0 0 1
6.26 2.79 0 0 0 1
6.26 3.84 0 0 0 1
3.56 8.74 0 0 0 1
3.46 8.74 0 0 0 1
3.46 7.04 0 0 0 1
3.77 7.04 0 0 0 1
3.77 7.09 0 0 0 1
3.52 7.09 0 0 0 1
3.52 7.74 0 0 0 1
6.32 3.19 0 0 0 1
6.32 3.29 0 0 0 1
3.56 8.69 0 0 0 1
3.52 8.69 0 0 0 1
3.52 8.59 0 0 0 1
2.87 2.54 0 0 0 1
3.81 2.54 0 0 0 1
3.81 5.09 0 0 0 1
2.96 5.09 0 0 0 1
2.96 5.04 0 0 0 1
3.77 5.04 0 0 0 1
3.77 2.59 0 0 0 1
2.96 2.59 0 0 0 1
1.92 7.24 0 0 0 1
2.31 7.24 0 0 0 1
2.31 6.34 0 0 0 1
3.06 2.64 0 0 0 1
3.71 2.64 0 0 0 1
3.71 4.99 0 0 0 1
3.02 4.99 0 0 0 1
3.02 4.94 0 0 0 1
3.67 4.94 0 0 0 1
3.67 2.69 0 0 0 1
3.21 2.69 0 0 0 1
1.92 7.19 0 0 0 1
2.27 7.19 0 0 0 1
2.27 6.44 0 0 0 1
3.27 2.74 0 0 0 1
3.62 2.74 0 0 0 1
3.62 4.89 0 0 0 1
3.06 4.89 0 0 0 1
3.06 4.84 0 0 0 1
3.56 4.84 0 0 0 1
3.56 3.69 0 0 0 1
1.97 7.14 0 0 0 1
2.21 7.14 0 0 0 1
2.21 6.54 0 0 0 1
3.27 2.79 0 0 0 1
3.56 2.79 0 0 0 1
3.56 3.39 0 0 0 1
1.97 7.09 0 0 0 1
2.17 7.09 0 0 0 1
2.17 6.64 0 0 0 1
3.31 2.84 0 0 0 1
3.52 2.84 0 0 0 1
3.52 3.14 0 0 0 1
2.02 7.04 0 0 0 1
2.12 7.04 0 0 0 1
2.12 6.74 0 0 0 1
3.37 2.89 0 0 0 1
3.46 2.89 0 0 0 1
3.46 3.04 0 0 0 1
2.02 6.99 0 0 0 1
2.06 6.99 0 0 0 1
2.06 6.84 0 0 0 1
3.37 2.94 0 0 0 1
3.42 2.94 0 0 0 1
3.42 2.99 0 0 0 1
3.56 7.59 0 0 0 1
3.56 7.14 0 0 0 1
3.71 7.14 0 0 0 1
5.62 5.09 0 0 0 1
4.82 5.09 0 0 0 1
4.82 5.99 0 0 0 1
3.52 3.79 0 0 0 1
3.52 4.79 0 0 0 1
3.12 4.79 0 0 0 1
3.12 4.69 0 0 0 1
3.46 4.69 0 0 0 1
3.46 3.94 0 0 0 1
3.62 7.39 0 0 0 1
3.62 7.19 0 0 0 1
3.67 7.19 0 0 0 1
5.62 5.14 0 0 0 1
4.87 5.14 0 0 0 1
4.87 5.94 0 0 0 1
3.42 4.04 0 0 0 1
3.42 4.64 0 0 0 1
3.17 4.64 0 0 0 1
3.17 4.59 0 0 0 1
3.37 4.59 0 0 0 1
3.37 4.14 0 0 0 1
5.46 5.34 0 0 0 1
5.46 5.19 0 0 0 1
4.92 5.19 0 0 0 1
4.92 5.89 0 0 0 1
3.31 4.24 0 0 0 1
3.31 4.54 0 0 0 1
3.21 4.54 0 0 0 1
3.21 4.49 0 0 0 1
3.27 4.49 0 0 0 1
3.27 4.39 0 0 0 1
5.42 5.39 0 0 0 1
4.96 5.39 0 0 0 1
4.96 5.84 0 0 0 1
3.17 4.74 0 0 0 1
3.46 4.74 0 0 0 1
5.37 5.44 0 0 0 1
5.01 5.44 0 0 0 1
5.01 5.79 0 0 0 1
5.57 5.19 0 0 0 1
5.51 5.19 0 0 0 1
5.51 5.24 0 0 0 1
5.07 5.74 0 0 0 1
5.07 5.49 0 0 0 1
5.32 5.49 0 0 0 1
4.96 5.24 0 0 0 1
5.42 5.24 0 0 0 1
5.42 5.34 0 0 0 1
4.96 5.34 0 0 0 1
4.96 5.29 0 0 0 1
5.37 5.29 0 0 0 1
5.12 5.69 0 0 0 1
5.12 5.54 0 0 0 1
5.26 5.54 0 0 0 1
5.17 5.64 0 0 0 1
5.17 5.59 0 0 0 1
5.21 5.59 0 0 0 1
